id,type,subtype,price,Transaction Type,zip,KitchenType,constructionYear,Building_condition,energy_heatingType,Energy Consumption Level,bedroom_count,Land_surface,Attic_Exists,Basement_Exists,Garden_surface,Outdoor_terrace_exists,Specificities SME office exists,Wellness Equipment Swimming Pool,Parking Space Count indoor,Parking SpaceCount outdoor,Condition is Newly Built,date
10146915,apartment,apartment,339000,forsale,9890,hyperequipped,2021,asnew,gas,1,2,,,,,true,,,,,1,10/18/22
10156372,apartment,apartment,395000,forsale,1140,usahyperequipped,2022,asnew,gas,54,3,,,true,,true,,,1,,1,10/18/22
10154682,apartment,apartment,965000,forsale,1150,usahyperequipped,2021,asnew,gas,55,3,,,,,true,,,1,,1,10/18/22
10157770,apartment,apartment,249000,forsale,1800,installed,2010,good,gas,88,2,,,true,,true,,,1,,,10/18/22
10157545,apartment,apartment,325000,forsale,8380,hyperequipped,1967,asnew,gas,99,2,,,,,true,,,,,,10/18/22
10157660,apartment,duplex,369000,forsale,9000,usahyperequipped,2007,good,gas,127,2,,true,,,true,,,,,,10/18/22
10157528,apartmentgroup,apartmentgroup,435000-645000,forsale,1050,,,,,113,,,,,,,,,,,1,10/18/22
10157565,apartment,penthouse,595000,forsale,1040,hyperequipped,1964,torenovate,gas,453,4,,,true,,true,true,,,,,10/18/22
10157563,apartment,duplex,595000,forsale,1040,hyperequipped,1964,torenovate,gas,453,4,,,true,,true,true,,,,,10/18/22
10157831,apartmentgroup,apartmentgroup,1700000-1700000,forsale,1050,,,,,65,,,,,,,,,1,1,1,10/18/22
10157787,apartmentgroup,apartmentgroup,1700000-1700000,forsale,1060,,,,,65,,,,,,,,,1,1,1,10/18/22
10156769,apartment,apartment,105000,forsale,7500,semiequipped,1971,torenovate,gas,291,2,,,,,true,,,,,,10/18/22
10155618,apartment,apartment,137500,forsale,1030,installed,2004,good,electric,527,1,,,,,true,,,,,,10/18/22
10156202,apartment,apartment,169500,forsale,4520,semiequipped,1969,good,gas,244,2,,,true,,true,,,1,,,10/18/22
10155476,apartment,apartment,170000,forsale,4500,installed,2000,good,gas,188,2,,,true,,,,,,,,10/18/22
9881253,apartmentgroup,apartmentgroup,195500-265500,forsale,1000,,,,,,,,,,,,,,,,1,10/18/22
10155629,apartment,apartment,235000,forsale,1000,usahyperequipped,2009,good,electric,220,1,,,true,,true,,,1,,,10/18/22
10156573,apartmentgroup,apartmentgroup,255000-440000,forsale,8434,,,,,,,,,,,,,,,,1,10/18/22
10155621,apartment,apartment,265000,forsale,1000,usahyperequipped,2014,good,electric,229,2,,,,,true,,,,,,10/18/22
10156246,apartmentgroup,apartmentgroup,279000-299000,forsale,2260,,,,,,,,,,,,,,,,1,10/18/22
10155633,apartment,apartment,319000,forsale,1160,usahyperequipped,2001,good,electric,232,2,,,,,true,,,,,,10/18/22
10154548,apartment,apartment,320000,forsale,4000,installed,1918,asnew,gas,126,2,,,true,,true,,,,,,10/18/22
10154735,apartmentgroup,apartmentgroup,359000-419000,forsale,8700,,,,,,,,,,,,,,6,6,1,10/18/22
10154732,apartment,apartment,395000,forsale,9000,usainstalled,2002,good,gas,92,2,,,true,,true,,,,1,,10/18/22
10092917,apartmentgroup,apartmentgroup,430500-686000,forsale,1000,,,,,,,,,,,,,,,,1,10/18/22
10154635,apartmentgroup,apartmentgroup,489000-849000,forsale,1050,,,,,224,,,,,,,,,1,1,1,10/18/22
10156559,apartmentgroup,apartmentgroup,495000-580000,forsale,1140,,,,,70,,,,,,,,,,,1,10/18/22
10152126,apartment,apartment,189000,forsale,9100,usahyperequipped,2019,asnew,gas,113,1,,,true,,true,,,1,,,10/18/22
10151772,apartmentgroup,apartmentgroup,263000-263000,forsale,1490,,,,,,,,,,,,,,,70,1,10/18/22
10152027,apartment,duplex,299000,forsale,1760,usahyperequipped,2003,asnew,gas,167,3,,,,,true,,,,,,10/18/22
10158182,house,house,240000,forsale,5300,installed,,justrenovated,fueloil,299,2,300,true,true,,true,true,,1,2,,10/18/22
9625357,house,house,131000,forsale,2550,notinstalled,1930,,gas,371,3,1664,,true,1100,true,,,1,,,10/18/22
10158172,apartment,apartment,260000,forsale,8870,installed,2020,good,gas,47,2,,,,,true,,,,,,10/18/22
10158154,house,house,290000,forsale,7900,installed,2021,,gas,,3,515,true,,,,,,,2,1,10/18/22
10158153,house,bungalow,445000,forsale,1410,hyperequipped,1973,good,electric,555,2,681,true,,500,true,,,2,3,,10/18/22
10158149,apartment,flatstudio,59000,forsale,4000,notinstalled,,tobedoneup,,251,1,,,,,,,,,,,10/18/22
9641565,house,house,184000,forsale,2550,,,good,gas,,5,155,,true,,true,,,,1,,10/18/22
10121293,house,house,275000,forsale,1420,,,torenovate,fueloil,515,2,207,,,100,,true,,,,,10/18/22
10153924,apartment,apartment,310000,forsale,9040,hyperequipped,2010,good,gas,120,2,,,true,,true,,,1,,,10/18/22
10153732,apartment,apartment,319000,forsale,1060,usainstalled,1965,good,gas,219,1,,,true,,,,,,,,10/18/22
10151854,apartmentgroup,apartmentgroup,333400-451250,forsale,9070,,,,,,,,,,,,,,1,8,1,10/18/22
10152020,apartment,apartment,375000,forsale,1200,hyperequipped,1968,good,gas,328,2,,,,,,true,,,,,10/18/22
10152367,apartmentgroup,apartmentgroup,390000-885000,forsale,1325,,,,,,,,,,,,,,,,1,10/18/22
10152380,apartmentgroup,apartmentgroup,415000-675000,forsale,1325,,,,,,,,,,,,,,,,1,10/18/22
10151589,apartment,apartment,479000,forsale,1020,hyperequipped,1958,asnew,gas,257,3,,,true,350,true,,,1,1,,10/18/22
10153854,apartment,apartment,490000,forsale,9070,installed,1993,good,gas,166,2,,,,,,,,1,,,10/18/22
10148942,apartmentgroup,apartmentgroup,150000-1375000,forsale,1180,,,,,55,,,,,,,,,,36,1,10/18/22
10149730,apartmentgroup,apartmentgroup,179000-495000,forsale,8380,,,,,,,,,,,,,,,,1,10/18/22
10151182,apartment,apartment,209000,forsale,2830,installed,2001,good,gas,239,2,,,,,true,,,1,,,10/18/22
10151217,apartment,apartment,245000,forsale,2610,installed,1970,good,gas,329,3,,,true,,true,,,1,2,,10/18/22
10148922,apartment,apartment,275000,forsale,1020,usahyperequipped,1966,asnew,gas,514,3,,,,,true,,,,,,10/18/22
10149814,apartmentgroup,apartmentgroup,395000-455000,forsale,8420,,,,,,,,,,,,,,,,1,10/18/22
10150676,apartment,apartment,520000,forsale,1070,installed,1900,good,gas,105,3,,,,,true,,,,,,10/18/22
10147556,apartment,penthouse,79000,forsale,5370,semiequipped,1995,good,electric,311,2,,,,,,,,,1,,10/18/22
10147547,apartmentgroup,apartmentgroup,229500-419500,forsale,2980,,,,,,,,,,,,,,,,1,10/18/22
10148143,apartment,apartment,235000,forsale,1070,hyperequipped,2009,good,gas,114,2,,,true,,true,,,1,,,10/18/22
10148104,apartment,apartment,265000,forsale,1070,installed,1958,good,gas,201,2,,,true,,true,,,,,,10/18/22
10147859,apartment,apartment,295000,forsale,5020,usahyperequipped,2019,asnew,gas,132,2,,,true,,,,,,2,,10/18/22
10070415,apartment,apartment,315000,forsale,1410,installed,1970,good,gas,375,2,,,true,,true,,,,,,10/18/22
10147389,apartment,duplex,335000,forsale,2960,installed,2010,asnew,gas,158,2,,,,,true,true,,,2,,10/18/22
10147596,apartment,apartment,370000,forsale,1150,installed,1961,good,fueloil,219,2,,,,,,,,,,,10/18/22
10147424,apartmentgroup,apartmentgroup,450000-450000,forsale,1130,,,,,80,,,,,,,,,,,1,10/18/22
10147935,apartment,apartment,550000,forsale,1050,hyperequipped,1949,asnew,gas,152,2,,,,,,,,,1,,10/18/22
10147541,apartmentgroup,apartmentgroup,695000-1195000,forsale,2000,,,,,,,,,,,,,,,,1,10/18/22
10157026,apartment,apartment,320000,forsale,9800,hyperequipped,2022,asnew,gas,,2,,,,,true,,,101,10,1,10/18/22
10157028,apartment,apartment,375000,forsale,9800,hyperequipped,2022,asnew,gas,,2,,,,,true,,,101,10,1,10/18/22
10157029,apartment,apartment,380000,forsale,9800,hyperequipped,2022,asnew,gas,,2,,,,,true,,,101,10,1,10/18/22
10157469,apartment,apartment,279000,forsale,1210,hyperequipped,1960,good,gas,215,2,,,true,,true,,,,,,10/18/22
10158182,house,house,240000,forsale,5300,installed,,justrenovated,fueloil,299,2,300,true,true,,true,true,,1,2,,10/18/22
9625357,house,house,131000,forsale,2550,notinstalled,1930,,gas,371,3,1664,,true,1100,true,,,1,,,10/18/22
10158172,apartment,apartment,260000,forsale,8870,installed,2020,good,gas,47,2,,,,,true,,,,,,10/18/22
10158154,house,house,290000,forsale,7900,installed,2021,,gas,,3,515,true,,,,,,,2,1,10/18/22
10158153,house,bungalow,445000,forsale,1410,hyperequipped,1973,good,electric,555,2,681,true,,500,true,,,2,3,,10/18/22
10158149,apartment,flatstudio,59000,forsale,4000,notinstalled,,tobedoneup,,251,1,,,,,,,,,,,10/18/22
9641565,house,house,184000,forsale,2550,,,good,gas,,5,155,,true,,true,,,,1,,10/18/22
10121293,house,house,275000,forsale,1420,,,torenovate,fueloil,515,2,207,,,100,,true,,,,,10/18/22
10106543,apartment,apartment,355000,forsale,1000,hyperequipped,2019,asnew,gas,68,2,,,true,,,true,,1,,,10/18/22
10157564,apartment,apartment,375000,forsale,1000,usahyperequipped,2017,asnew,gas,100,2,,,true,,true,,,,1,,10/18/22
10157959,apartment,duplex,385000,forsale,1190,usahyperequipped,2011,good,gas,85,3,,,,,true,,,1,1,,10/18/22
10146795,apartment,apartment,215000,forsale,2100,semiequipped,1953,justrenovated,gas,136,2,,,,,,,,,,,10/18/22
10146530,apartment,penthouse,297000,forsale,1200,installed,1962,asnew,gas,1138,1,,,true,,true,,,,,,10/18/22
10156456,apartment,flatstudio,169000,forsale,1000,installed,2013,good,electric,241,0,,,,,,,,,,,10/18/22
10156318,apartment,apartment,260000,forsale,1170,semiequipped,1970,good,gas,275,1,,,true,,true,,,,1,,10/18/22
10154630,apartment,duplex,489000,forsale,1190,usahyperequipped,1927,justrenovated,gas,224,1,,,,,,,,1,1,,10/18/22
10154631,apartment,apartment,699000,forsale,1190,usahyperequipped,1927,justrenovated,gas,198,2,,,,,,true,,1,1,,10/18/22
10154632,apartment,apartment,749000,forsale,1190,usahyperequipped,1927,justrenovated,gas,231,2,,,,,,,,1,1,,10/18/22
10155619,apartment,penthouse,950000,forsale,1000,usahyperequipped,2014,good,electric,413,2,,,,,true,,,,,,10/18/22
10145899,apartment,apartment,195000,forsale,2020,installed,1958,good,electric,262,2,,,true,,,,,1,,,10/18/22
10145897,apartment,apartment,225000,forsale,2660,installed,2009,asnew,gas,146,2,,,,,true,,,,,,10/18/22
10146186,apartment,apartment,275000,forsale,1040,installed,1910,tobedoneup,gas,251,1,,,true,,true,,,,,,10/18/22
10145269,apartment,apartment,275000,forsale,1200,hyperequipped,1970,asnew,gas,149,1,,,true,,true,,,,,,10/18/22
10145286,apartmentgroup,apartmentgroup,369000-490000,forsale,9051,,,,,,,,,,,,,,1,,1,10/18/22
10152425,apartment,duplex,259000,forsale,1210,usahyperequipped,1950,justrenovated,gas,12,2,,true,,,,true,,,,,10/18/22
10153863,apartment,apartment,270000,forsale,1040,hyperequipped,1960,justrenovated,gas,267,1,,,,,true,,,,5,,10/18/22
10151669,apartment,penthouse,399000,forsale,1200,installed,1992,good,gas,206,2,,,true,,true,true,,,,,10/18/22
10151613,apartment,apartment,460000,forsale,1040,semiequipped,1933,good,gas,245,2,,,true,,true,,,,,,10/18/22
10153836,apartment,apartment,495000,forsale,8793,installed,2018,good,gas,77,2,,,,,true,,,1,,,10/18/22
10152032,apartment,apartment,1875000,forsale,8300,usahyperequipped,1978,asnew,gas,165,3,,,,,true,true,,2,2,,10/18/22
10141214,apartment,apartment,1995000,forsale,1050,usahyperequipped,2018,justrenovated,gas,109,4,,,true,,true,,,3,,1,10/18/22
10157772,apartment,apartment,249000,forsale,1800,installed,1850,good,gas,145,1,,,true,,true,,,,,,10/18/22
10143856,apartmentgroup,apartmentgroup,169500-399500,forsale,8710,,,,,,,,,,,,,,,,1,10/18/22
10143541,apartment,apartment,220000,forsale,1020,semiequipped,1970,asnew,gas,143,1,,,true,,true,,,1,,,10/18/22
10143954,apartment,apartment,225000,forsale,2660,installed,1996,asnew,gas,128,2,,,,,true,,,1,,,10/18/22
10143225,apartmentgroup,apartmentgroup,292000-415000,forsale,1300,,,,,,,,,,,,,,,,1,10/18/22
10143801,apartment,duplex,370000,forsale,9000,hyperequipped,2013,justrenovated,gas,129,3,,,true,,,true,,1,,,10/18/22
10143472,apartmentgroup,apartmentgroup,399000-775000,forsale,1325,,,,,,,,,,,,,,,2,1,10/18/22
10158182,house,house,240000,forsale,5300,installed,,justrenovated,fueloil,299,2,300,true,true,,true,true,,1,2,,10/18/22
9625357,house,house,131000,forsale,2550,notinstalled,1930,,gas,371,3,1664,,true,1100,true,,,1,,,10/18/22
10158172,apartment,apartment,260000,forsale,8870,installed,2020,good,gas,47,2,,,,,true,,,,,,10/18/22
10158154,house,house,290000,forsale,7900,installed,2021,,gas,,3,515,true,,,,,,,2,1,10/18/22
10158153,house,bungalow,445000,forsale,1410,hyperequipped,1973,good,electric,555,2,681,true,,500,true,,,2,3,,10/18/22
10158149,apartment,flatstudio,59000,forsale,4000,notinstalled,,tobedoneup,,251,1,,,,,,,,,,,10/18/22
9641565,house,house,184000,forsale,2550,,,good,gas,,5,155,,true,,true,,,,1,,10/18/22
10121293,house,house,275000,forsale,1420,,,torenovate,fueloil,515,2,207,,,100,,true,,,,,10/18/22
10152284,apartment,flatstudio,250500,forsale,1160,usahyperequipped,2022,asnew,,55,0,,,true,,true,,,1,1,1,10/18/22
10155188,apartment,apartment,210000,forsale,4000,installed,1993,good,,162,3,,,,,true,,,,,,10/18/22
10155859,apartment,duplex,230000,forsale,1400,notinstalled,1955,torenovate,gas,404,4,,,true,,true,,,,,,10/18/22
10110541,apartment,penthouse,249000,forsale,8490,installed,2014,good,gas,114,2,,,true,,true,,,1,,,10/18/22
10156506,apartment,apartment,249000,forsale,9690,installed,2015,good,,58,2,,,,,true,,,1,,,10/18/22
10156437,apartment,apartment,285000,forsale,8790,installed,1992,good,gas,139,2,,,,,true,,,1,,,10/18/22
10155623,apartment,penthouse,495000,forsale,1000,usahyperequipped,2011,good,,240,3,,,true,,true,,,,,,10/18/22
10156892,apartment,apartment,500000,forsale,1000,hyperequipped,2006,good,,154,3,,,true,,true,,,1,,,10/18/22
10156440,apartment,penthouse,1495000,forsale,9000,installed,2012,asnew,,172,2,,,true,,true,,,2,,,10/18/22
10156439,apartment,penthouse,1495000,forsale,9000,installed,2012,asnew,,172,2,,,true,,true,,,2,,,10/18/22
10141588,apartmentgroup,apartmentgroup,22500-339750,forsale,9170,,,,,,,,,,,,,,,,1,10/18/22
10141426,apartment,apartment,145000,forsale,4540,installed,1994,good,electric,178,1,,,,,true,,,,,,10/18/22
10142206,apartment,apartment,215000,forsale,1050,semiequipped,1923,good,gas,213,1,,,true,,,,,,,,10/18/22
10142123,apartmentgroup,apartmentgroup,235000-470000,forsale,8790,,,,,,,,,,,,,,,,1,10/18/22
10141695,apartmentgroup,apartmentgroup,244900-254900,forsale,2830,,,,,,,,,,,,,,,,1,10/18/22
10052020,apartment,apartment,249000,forsale,1200,installed,1956,tobedoneup,gas,341,1,,,true,,,,,,,,10/18/22
10140797,apartmentgroup,apartmentgroup,260000-260000,forsale,9000,,,,,,,,,,,,,,,10,1,10/18/22
10140738,apartmentgroup,apartmentgroup,270000-535000,forsale,8800,,,,,,,,,,,,,,1,1,1,10/18/22
10140583,apartment,apartment,340000,forsale,1200,semiequipped,1964,good,gas,255,3,,,true,,true,,,1,,,10/18/22
10130388,apartment,apartment,375000,forsale,9800,hyperequipped,2022,asnew,gas,1,2,,,true,,true,,,,1,1,10/18/22
10142174,apartment,apartment,410000,forsale,3010,installed,2007,good,gas,209,2,,,true,,true,,,1,,,10/18/22
10142207,apartment,penthouse,849000,forsale,1030,hyperequipped,1920,good,gas,224,3,,,,,true,true,,,,,10/18/22
10148189,apartment,flatstudio,180000,forsale,9000,semiequipped,1993,good,electric,363,1,,,,,,,,,,,10/18/22
10146858,apartment,flatstudio,189000,forsale,1180,installed,1975,asnew,electric,231,1,,,,,,,,,,,10/18/22
10146820,apartment,apartment,340000,forsale,1050,hyperequipped,2022,asnew,gas,91,1,,,true,,,,,,,,10/18/22
10146817,apartment,apartment,435000,forsale,1050,hyperequipped,2022,asnew,gas,84,1,,,true,,,,,,,,10/18/22
10146818,apartment,apartment,470000,forsale,1050,hyperequipped,2022,asnew,gas,93,1,,,true,,true,,,,,,10/18/22
10146819,apartment,duplex,495000,forsale,1050,hyperequipped,2022,asnew,gas,113,2,,,true,,true,,,,,,10/18/22
10146816,apartment,duplex,645000,forsale,1050,hyperequipped,2022,asnew,gas,107,2,,,true,,true,,,,,,10/18/22
10157027,apartment,apartment,230000,forsale,9800,hyperequipped,2022,asnew,gas,,1,,,,,true,,,101,10,1,10/18/22
10158182,house,house,240000,forsale,5300,installed,,justrenovated,fueloil,299,2,300,true,true,,true,true,,1,2,,10/18/22
9625357,house,house,131000,forsale,2550,notinstalled,1930,,gas,371,3,1664,,true,1100,true,,,1,,,10/18/22
10158172,apartment,apartment,260000,forsale,8870,installed,2020,good,gas,47,2,,,,,true,,,,,,10/18/22
10158154,house,house,290000,forsale,7900,installed,2021,,gas,,3,515,true,,,,,,,2,1,10/18/22
10158153,house,bungalow,445000,forsale,1410,hyperequipped,1973,good,electric,555,2,681,true,,500,true,,,2,3,,10/18/22
10158149,apartment,flatstudio,59000,forsale,4000,notinstalled,,tobedoneup,,251,1,,,,,,,,,,,10/18/22
9641565,house,house,184000,forsale,2550,,,good,gas,,5,155,,true,,true,,,,1,,10/18/22
10121293,house,house,275000,forsale,1420,,,torenovate,fueloil,515,2,207,,,100,,true,,,,,10/18/22
10157025,apartment,apartment,370000,forsale,9800,hyperequipped,2022,asnew,gas,,2,,,,,true,,,101,10,1,10/18/22
10157020,apartment,apartment,437000,forsale,9810,hyperequipped,2023,asnew,gas,,3,,,,,true,,,41,,1,10/18/22
10152845,apartment,apartment,285000,forsale,5030,installed,2006,good,gas,110,2,,,true,,true,,,1,,,10/18/22
10152533,apartment,apartment,295000,forsale,1850,installed,1995,justrenovated,gas,282,2,,,true,,true,,,1,,,10/18/22
10046455,apartment,apartment,299000,forsale,2830,hyperequipped,1997,good,gas,173,2,,,,,true,,,,,,10/18/22
10084941,apartment,apartment,220000,forsale,9890,hyperequipped,2021,asnew,gas,1,1,,,,,true,,,,,1,10/18/22
10138456,apartment,duplex,225000,forsale,9260,installed,2017,asnew,gas,125,1,,,,,true,,,,1,,10/18/22
10084890,apartment,apartment,254000,forsale,9890,hyperequipped,2021,asnew,gas,1,1,,,,,true,,,1,1,1,10/18/22
10139511,apartmentgroup,apartmentgroup,259000-349000,forsale,9032,,,,,110,,,,,,,,,,,1,10/18/22
10084884,apartment,apartment,259000,forsale,9890,hyperequipped,2021,asnew,gas,1,1,,,,,true,,,1,1,1,10/18/22
10084865,apartment,apartment,280000,forsale,9890,hyperequipped,2021,asnew,gas,1,2,,,,,true,,,1,1,1,10/18/22
10084862,apartment,apartment,280000,forsale,9890,hyperequipped,2021,asnew,gas,1,2,,,,,true,,,1,1,1,10/18/22
10084860,apartment,apartment,280000,forsale,9890,hyperequipped,2021,asnew,gas,1,2,,,,,true,,,1,1,1,10/18/22
10084867,apartment,apartment,287500,forsale,9890,hyperequipped,2021,asnew,gas,1,2,,,,,true,,,1,1,1,10/18/22
9966662,apartment,apartment,310000,forsale,1200,usahyperequipped,1976,justrenovated,gas,228,3,,,true,,true,,,2,50,1,10/18/22
10138534,apartment,apartment,310000,forsale,3010,semiequipped,1993,good,gas,238,2,,,,,true,,,1,,,10/18/22
10084889,apartment,apartment,317500,forsale,9890,hyperequipped,2021,asnew,gas,1,2,,,,,true,,,1,1,1,10/18/22
10084887,apartment,apartment,320000,forsale,9890,hyperequipped,2021,asnew,gas,1,2,,,,,true,,,1,1,1,10/18/22
10084943,apartment,apartment,335000,forsale,9890,hyperequipped,2021,asnew,gas,1,2,,,,,true,,,,,1,10/18/22
10084891,apartment,apartment,345000,forsale,9890,hyperequipped,2021,asnew,gas,1,3,,,,,true,,,1,1,1,10/18/22
10084885,apartment,apartment,349000,forsale,9890,hyperequipped,2021,asnew,gas,1,3,,,,,true,,,1,1,1,10/18/22
10084882,apartment,apartment,349000,forsale,9890,hyperequipped,2021,asnew,gas,1,2,,,,,true,,,1,1,1,10/18/22
10084886,apartment,apartment,350000,forsale,9890,hyperequipped,2021,asnew,gas,1,3,,,,,true,,,1,1,1,10/18/22
10139639,apartmentgroup,apartmentgroup,352800-772800,forsale,2970,,,,,,,,,,,,,,,,1,10/18/22
10084892,apartment,apartment,355000,forsale,9890,hyperequipped,2021,asnew,gas,1,2,,,,,true,,,1,1,1,10/18/22
10084888,apartment,apartment,360000,forsale,9890,hyperequipped,2021,asnew,gas,1,3,,,,,true,,,1,1,1,10/18/22
10140213,apartment,apartment,390000,forsale,1970,usainstalled,1973,justrenovated,fueloil,176,2,,,true,,true,,,1,,,10/18/22
10084883,apartment,apartment,399000,forsale,9890,hyperequipped,2021,asnew,gas,1,2,,,,,true,,,1,1,1,10/18/22
10084858,apartment,duplex,415000,forsale,9890,hyperequipped,2021,asnew,gas,1,3,,,,,true,true,,1,1,1,10/18/22
10084857,apartment,duplex,420000,forsale,9890,hyperequipped,2021,asnew,gas,1,3,,,,,true,true,,1,1,1,10/18/22
10158182,house,house,240000,forsale,5300,installed,,justrenovated,fueloil,299,2,300,true,true,,true,true,,1,2,,10/18/22
9625357,house,house,131000,forsale,2550,notinstalled,1930,,gas,371,3,1664,,true,1100,true,,,1,,,10/18/22
10158172,apartment,apartment,260000,forsale,8870,installed,2020,good,gas,47,2,,,,,true,,,,,,10/18/22
10158154,house,house,290000,forsale,7900,installed,2021,,gas,,3,515,true,,,,,,,2,1,10/18/22
10158153,house,bungalow,445000,forsale,1410,hyperequipped,1973,good,electric,555,2,681,true,,500,true,,,2,3,,10/18/22
10158149,apartment,flatstudio,59000,forsale,4000,notinstalled,,tobedoneup,,251,1,,,,,,,,,,,10/18/22
9641565,house,house,184000,forsale,2550,,,good,gas,,5,155,,true,,true,,,,1,,10/18/22
10121293,house,house,275000,forsale,1420,,,torenovate,fueloil,515,2,207,,,100,,true,,,,,10/18/22
10138601,apartmentgroup,apartmentgroup,455000-915000,forsale,1180,,,,,55,,,,,,,,,3,3,1,10/18/22
10084942,apartment,penthouse,465000,forsale,9890,hyperequipped,2021,asnew,gas,1,2,,,,,true,,,,,1,10/18/22
10138633,apartment,apartment,595000,forsale,1200,usahyperequipped,2008,asnew,gas,122,3,,,true,,true,,,,2,,10/18/22
9592954,apartment,apartment,675000,forsale,1000,hyperequipped,2019,asnew,gas,40,2,,,true,,true,,,,,1,10/18/22
9996903,apartment,apartment,695000,forsale,1050,notinstalled,2022,justrenovated,gas,40,2,,,true,,true,,,1,,1,10/18/22
10042906,apartment,apartment,1537000,forsale,1050,hyperequipped,2015,asnew,gas,63,2,,,true,,true,,,1,1,1,10/18/22
10123723,apartment,apartment,1839000,forsale,1050,hyperequipped,2015,asnew,gas,63,3,,,true,,true,,,,,1,10/18/22
10144273,apartment,apartment,260000,forsale,1090,installed,1969,good,gas,700,2,,,,,true,,,,,,10/18/22
10146804,apartment,apartment,180000,forsale,9000,semiequipped,1993,good,electric,363,1,,,,,,,,,,,10/18/22
10137075,apartment,flatstudio,89000,forsale,4500,semiequipped,1980,tobedoneup,gas,436,0,,,,,,,,,,,10/18/22
10137774,apartmentgroup,apartmentgroup,194081.48-265799.5,forsale,2930,,,,,,,,,,,,,,,,1,10/18/22
10137594,apartment,flatstudio,195000,forsale,1030,usasemiequipped,1967,justrenovated,gas,402,1,,,,,true,,,,,,10/18/22
10137324,apartmentgroup,apartmentgroup,222000-362500,forsale,1070,,,,,25,,,,,,,,,57,57,1,10/18/22
10137093,apartmentgroup,apartmentgroup,253575-623700,forsale,2640,,,,,,,,,,,,,,,,1,10/18/22
10137385,apartment,apartment,275000,forsale,1000,hyperequipped,1970,tobedoneup,gas,237,2,,,true,,true,,,,,,10/18/22
10137418,apartmentgroup,apartmentgroup,278000-313000,forsale,2250,,,,,,,,,,,,,,,,1,10/18/22
10156098,apartment,apartment,165000,forsale,8000,,1850,justrenovated,electric,295,1,,,,,,,,,,,10/18/22
10156099,apartment,apartment,175000,forsale,8000,,1850,justrenovated,electric,329,1,,,,,,,,,,,10/18/22
10155668,apartment,apartment,895000,forsale,1050,,1936,asnew,gas,227,3,,,,,,,,,,,10/18/22
10146026,apartment,apartment,180000,forsale,1140,installed,1975,tobedoneup,gas,245,1,,,,,,,,,,,10/18/22
10145274,apartment,apartment,1775000,forsale,8300,usahyperequipped,1976,asnew,gas,160,3,,,true,,true,,,,,,10/18/22
10146863,apartment,apartment,398000,forsale,1180,usahyperequipped,2014,asnew,,67,2,,,true,,,,,,,,10/18/22
10134617,apartmentgroup,apartmentgroup,137500-161500,forsale,1000,,,,,70,,,,,,,,,,,1,10/18/22
10134010,apartment,apartment,159000,forsale,6800,semiequipped,1980,good,fueloil,393,2,,,true,,true,,,,1,,10/18/22
10135516,apartmentgroup,apartmentgroup,211700-416000,forsale,2560,,,,,,,,,,,,,,,,1,10/18/22
10133974,apartmentgroup,apartmentgroup,220000-220000,forsale,9890,,,,,68,,,,,,,,,,,1,10/18/22
10134348,apartment,apartment,225000,forsale,2200,installed,1973,justrenovated,gas,144,2,,,,,true,,,,,,10/18/22
10135265,apartment,apartment,235200,forsale,2860,semiequipped,2000,good,gas,144,2,,,true,,,,,,,,10/18/22
10134714,apartment,apartment,255000,forsale,1200,installed,2010,asnew,gas,127,1,,,true,,true,,,,1,,10/18/22
10134345,apartment,apartment,273000,forsale,2860,semiequipped,2000,good,gas,134,3,,,true,,true,,,1,,,10/18/22
10158182,house,house,240000,forsale,5300,installed,,justrenovated,fueloil,299,2,300,true,true,,true,true,,1,2,,10/18/22
9625357,house,house,131000,forsale,2550,notinstalled,1930,,gas,371,3,1664,,true,1100,true,,,1,,,10/18/22
10158172,apartment,apartment,260000,forsale,8870,installed,2020,good,gas,47,2,,,,,true,,,,,,10/18/22
10158154,house,house,290000,forsale,7900,installed,2021,,gas,,3,515,true,,,,,,,2,1,10/18/22
10158153,house,bungalow,445000,forsale,1410,hyperequipped,1973,good,electric,555,2,681,true,,500,true,,,2,3,,10/18/22
10158149,apartment,flatstudio,59000,forsale,4000,notinstalled,,tobedoneup,,251,1,,,,,,,,,,,10/18/22
9641565,house,house,184000,forsale,2550,,,good,gas,,5,155,,true,,true,,,,1,,10/18/22
10121293,house,house,275000,forsale,1420,,,torenovate,fueloil,515,2,207,,,100,,true,,,,,10/18/22
10133958,apartment,apartment,320000,forsale,1200,hyperequipped,1953,justrenovated,fueloil,203,1,,,true,,true,,,,,,10/18/22
10134100,apartment,apartment,465000,forsale,9820,installed,2012,good,gas,117,2,,,,,,,,1,,,10/18/22
10156003,apartment,apartment,163794,forsale,7100,usahyperequipped,2021,,gas,57,1,,,true,,true,,,1,,1,10/18/22
10156001,apartment,apartment,192554,forsale,7100,usahyperequipped,2018,,gas,86,2,,,true,,true,,,1,,1,10/18/22
10157012,apartment,apartment,342175,forsale,9770,installed,2022,asnew,gas,,3,,,,,true,,,,,1,10/18/22
10153246,apartment,apartment,379000,forsale,1030,notinstalled,1961,torenovate,gas,,2,,,true,,true,,,1,,,10/18/22
10153247,apartment,apartment,379000,forsale,1200,notinstalled,1961,torenovate,gas,,2,,,true,,true,,,1,,,10/18/22
10145548,apartment,apartment,214900,forsale,6800,,2023,asnew,gas,85,2,,,true,,true,,,,1,1,10/18/22
10145547,apartment,apartment,229900,forsale,6890,,2022,asnew,gas,119,2,,,true,,true,,,,,1,10/18/22
10143355,apartment,flatstudio,180000,forsale,1180,hyperequipped,1973,good,gas,88,0,,,true,,,,,19,19,,10/18/22
10142974,apartment,apartment,192500,forsale,1030,usainstalled,1936,justrenovated,gas,144,1,,,,,true,,,,,,10/18/22
10142946,apartment,apartment,280000,forsale,1000,installed,1975,good,gas,199,2,,,,,true,,,1,,,10/18/22
10142945,apartment,apartment,290000,forsale,1030,notinstalled,1920,torenovate,gas,243,2,,,true,,,,,,,,10/18/22
10144016,apartment,duplex,455000,forsale,1180,installed,1980,tobedoneup,gas,244,3,,,,,true,,,,,,10/18/22
10143662,apartment,duplex,455000,forsale,1180,installed,1980,tobedoneup,gas,244,2,,,,,true,,,,,,10/18/22
10132395,apartment,penthouse,520000,forsale,1140,usahyperequipped,2022,asnew,gas,52,3,,,true,,true,,,,1,1,10/18/22
10142996,apartment,apartment,1145000,forsale,8300,hyperequipped,1987,good,gas,228,2,,,true,,true,,,1,1,,10/18/22
10146392,apartment,apartment,270000,forsale,6700,semiequipped,1984,good,gas,259,3,,,true,,true,,,1,,,10/18/22
10152365,apartment,apartment,420000,forsale,1325,installed,2022,,gas,35,2,,,,,true,,,,2,1,10/18/22
9977911,apartment,penthouse,1995000,forsale,1050,hyperequipped,,asnew,gas,109,4,,,,,true,,,,3,1,10/18/22
10107002,apartment,apartment,140000,forsale,4431,semiequipped,1950,good,electric,847,2,,,true,,,,,,,,10/18/22
10156761,apartment,apartment,230000,forsale,1080,semiequipped,1987,tobedoneup,gas,325,2,,,true,,true,,,1,,,10/18/22
10156375,apartment,apartment,249000,forsale,1020,installed,1936,good,,588,2,,,,,true,,,,,,10/18/22
10156453,apartment,apartment,255000,forsale,1210,installed,2011,,electric,261,1,,,true,,,,,,,,10/18/22
10155234,apartment,apartment,269000,forsale,1200,usasemiequipped,1975,good,,106,2,,,,,true,,,,,,10/18/22
10155231,apartment,duplex,275000,forsale,1020,usainstalled,1938,good,,305,2,,,,,,true,,,,,10/18/22
10155526,apartment,apartment,275000,forsale,1090,usahyperequipped,,asnew,gas,166,2,,,true,,,,,,,,10/18/22
10155626,apartment,apartment,295000,forsale,1210,installed,2011,,electric,274,2,,,true,,true,,,2,,,10/18/22
10156538,apartment,apartment,295000,forsale,2930,installed,1956,good,gas,363,3,,,true,50,true,true,,1,,,10/18/22
10156889,apartment,apartment,295000,forsale,8370,installed,1975,good,gas,269,2,,,,,true,,,,,,10/18/22
10158182,house,house,240000,forsale,5300,installed,,justrenovated,fueloil,299,2,300,true,true,,true,true,,1,2,,10/18/22
9625357,house,house,131000,forsale,2550,notinstalled,1930,,gas,371,3,1664,,true,1100,true,,,1,,,10/18/22
10158172,apartment,apartment,260000,forsale,8870,installed,2020,good,gas,47,2,,,,,true,,,,,,10/18/22
10158154,house,house,290000,forsale,7900,installed,2021,,gas,,3,515,true,,,,,,,2,1,10/18/22
10158153,house,bungalow,445000,forsale,1410,hyperequipped,1973,good,electric,555,2,681,true,,500,true,,,2,3,,10/18/22
10158149,apartment,flatstudio,59000,forsale,4000,notinstalled,,tobedoneup,,251,1,,,,,,,,,,,10/18/22
9641565,house,house,184000,forsale,2550,,,good,gas,,5,155,,true,,true,,,,1,,10/18/22
10121293,house,house,275000,forsale,1420,,,torenovate,fueloil,515,2,207,,,100,,true,,,,,10/18/22
10155998,apartment,apartment,349000,forsale,2580,installed,2014,good,gas,101,2,,,true,,true,true,,,,,10/18/22
10142987,apartment,penthouse,1995000,forsale,1050,usahyperequipped,2019,asnew,,109,4,,,true,,true,,,,1,1,10/18/22
9933883,apartment,duplex,185000,forsale,1080,notinstalled,1925,torenovate,gas,430,4,,,true,,,,,,,,10/18/22
10142647,apartment,apartment,199990,forsale,1070,semiequipped,1968,tobedoneup,gas,950,3,,,true,,true,,,,,,10/18/22
10142404,apartment,apartment,255000,forsale,1070,usasemiequipped,2020,asnew,gas,90,1,,,,,true,,,,,,10/18/22
10142522,apartment,apartment,285000,forsale,1000,usauninstalled,1890,justrenovated,gas,240,1,,,true,,,,,,,,10/18/22
10140627,apartment,duplex,395000,forsale,1050,usasemiequipped,1900,good,gas,237,2,,,,,,true,,,,,10/18/22
10132517,apartmentgroup,apartmentgroup,255000-445000,forsale,9940,,,,,,,,,,,,,,1,1,1,10/18/22
10132414,apartmentgroup,apartmentgroup,285000-397000,forsale,1930,,,,,150,,,,,,,,,32,32,1,10/18/22
10133282,apartmentgroup,apartmentgroup,289000-424000,forsale,2220,,,,,,,,,,,,,,,,1,10/18/22
10076787,apartmentgroup,apartmentgroup,320000-550000,forsale,3118,,,,,,,,,,,,,,,,1,10/18/22
10133244,apartment,apartment,414355,forsale,1030,installed,1965,justrenovated,fueloil,111,2,,,true,,true,,,,,,10/18/22
10133247,apartment,apartment,426205,forsale,1030,installed,1965,justrenovated,fueloil,111,2,,,true,,true,,,,,,10/18/22
10133248,apartment,apartment,458150,forsale,1030,installed,1965,justrenovated,fueloil,111,2,,,true,,true,,,,,,10/18/22
10133242,apartment,apartment,458150,forsale,1030,installed,1965,justrenovated,fueloil,111,2,,,true,,true,,,,,,10/18/22
10148022,apartment,apartment,215000,forsale,8790,,1997,good,gas,181,2,,,,,true,,,1,,,10/18/22
10148021,apartment,apartment,215000,forsale,8790,,1997,good,gas,181,2,,,,,true,,,1,,,10/18/22
10106541,apartment,apartment,259000,forsale,1150,notinstalled,1932,good,gas,257,2,,,true,,true,,,,,,10/18/22
10153093,apartment,apartment,279000,forsale,1820,installed,2020,,gas,75,1,,,true,,,,,,,,10/18/22
10152536,apartment,apartment,495000,forsale,1180,hyperequipped,1960,good,,147,2,,,true,,true,,,1,,,10/18/22
10152813,apartment,groundfloor,520000,forsale,1200,usahyperequipped,2013,asnew,gas,71,3,,,true,65,true,,,1,,,10/18/22
10152028,apartment,groundfloor,599000,forsale,1180,usahyperequipped,2012,asnew,gas,162,2,,,,350,true,,,,2,,10/18/22
10088030,apartment,flatstudio,210000,forsale,1090,usahyperequipped,2021,asnew,gas,80,0,,,true,,,,,1,1,1,10/18/22
9091312,apartment,apartment,245000,forsale,1090,hyperequipped,2014,asnew,gas,68,1,,,true,,true,true,,,1,1,10/18/22
9303319,apartment,duplex,259000,forsale,1210,usahyperequipped,1950,justrenovated,gas,237,2,,true,,,,,,,,1,10/18/22
10109928,apartment,apartment,265000,forsale,1000,hyperequipped,2025,asnew,gas,44,1,,,,,true,,,,,1,10/18/22
10138245,apartment,duplex,265000,forsale,8790,,1999,good,electric,240,3,,,,,true,,,,,,10/18/22
10126217,apartment,apartment,269000,forsale,1300,usahyperequipped,2022,asnew,gas,93,1,,,true,,true,,,,12,1,10/18/22
10067351,apartment,flatstudio,295000,forsale,1050,usahyperequipped,2022,asnew,gas,46,0,,,,,,,,,,1,10/18/22
10126219,apartment,apartment,299000,forsale,1300,usahyperequipped,2022,asnew,gas,93,1,,,true,,true,,,,12,1,10/18/22
10158182,house,house,240000,forsale,5300,installed,,justrenovated,fueloil,299,2,300,true,true,,true,true,,1,2,,10/18/22
9625357,house,house,131000,forsale,2550,notinstalled,1930,,gas,371,3,1664,,true,1100,true,,,1,,,10/18/22
10158172,apartment,apartment,260000,forsale,8870,installed,2020,good,gas,47,2,,,,,true,,,,,,10/18/22
10158154,house,house,290000,forsale,7900,installed,2021,,gas,,3,515,true,,,,,,,2,1,10/18/22
10158153,house,bungalow,445000,forsale,1410,hyperequipped,1973,good,electric,555,2,681,true,,500,true,,,2,3,,10/18/22
10158149,apartment,flatstudio,59000,forsale,4000,notinstalled,,tobedoneup,,251,1,,,,,,,,,,,10/18/22
9641565,house,house,184000,forsale,2550,,,good,gas,,5,155,,true,,true,,,,1,,10/18/22
10121293,house,house,275000,forsale,1420,,,torenovate,fueloil,515,2,207,,,100,,true,,,,,10/18/22
10107224,apartment,apartment,312000,forsale,1000,usainstalled,2025,asnew,gas,40,2,,,,,true,,,,40,1,10/18/22
10107510,apartment,apartment,325000,forsale,1000,hyperequipped,2025,asnew,gas,33,2,,,true,,true,,,,,1,10/18/22
10090813,apartment,apartment,328500,forsale,5100,notinstalled,2020,asnew,gas,92,3,,,,,true,,,,3,1,10/18/22
10109927,apartment,apartment,358000,forsale,1000,hyperequipped,2025,asnew,gas,44,2,,,true,,true,,,,,1,10/18/22
10139971,apartment,apartment,360000,forsale,1000,usahyperequipped,2000,good,gas,95,2,,,true,,true,,,1,,,10/18/22
10008399,apartment,apartment,375000,forsale,1000,usahyperequipped,2021,asnew,gas,46,1,,,,,,,,,,1,10/18/22
10138809,apartment,apartment,375000,forsale,1180,usainstalled,1974,good,gas,126,2,,,,,,,,,,,10/18/22
10126205,apartment,apartment,375000,forsale,1380,usahyperequipped,2017,asnew,gas,169,2,,,true,,true,,,40,35,1,10/18/22
10098821,apartment,penthouse,379000,forsale,1090,hyperequipped,2022,asnew,gas,39.3,3,,,true,,true,,,11,11,1,10/18/22
10126204,apartment,apartment,385000,forsale,1380,usahyperequipped,2017,asnew,gas,170,2,,,true,,true,,,40,35,1,10/18/22
10107226,apartment,penthouse,394000,forsale,1000,usainstalled,2025,asnew,gas,44,2,,,true,,true,,,,23,1,10/18/22
9890718,apartment,apartment,395000,forsale,1180,hyperequipped,2017,asnew,gas,56,1,,,,,true,,,,,1,10/18/22
9960703,apartment,apartment,430000,forsale,1500,usainstalled,2022,asnew,gas,55,3,,,true,,true,,,,2,1,10/18/22
10126213,apartment,penthouse,445000,forsale,1410,notinstalled,2014,asnew,gas,109,3,,,,,true,,,1,1,1,10/18/22
9978881,apartment,apartment,450000,forsale,1000,usahyperequipped,2022,asnew,gas,46,2,,,,,true,,,,,1,10/18/22
10062944,apartment,penthouse,450000,forsale,1130,usahyperequipped,2020,asnew,gas,82,3,,,true,,true,,,21,21,1,10/18/22
10109929,apartment,penthouse,482000,forsale,1000,hyperequipped,2025,asnew,gas,44,3,,,true,,true,,,,,1,10/18/22
10125915,apartment,penthouse,495000,forsale,1140,usahyperequipped,2022,asnew,gas,57,2,,,true,,true,,,,1,1,10/18/22
9910182,apartment,apartment,515000,forsale,1000,usahyperequipped,2022,asnew,gas,20,3,,,true,,true,,,,,1,10/18/22
9908113,apartment,apartment,525000,forsale,1000,usahyperequipped,2022,asnew,gas,20,3,,,true,,true,,,,,1,10/18/22
9910183,apartment,apartment,540000,forsale,1000,usahyperequipped,2022,asnew,gas,20,3,,,true,,true,,,,,1,10/18/22
10098822,apartment,duplex,559000,forsale,1090,usahyperequipped,2022,asnew,gas,36.68,3,,,true,,true,,,11,11,1,10/18/22
9908132,apartment,apartment,560000,forsale,1000,usahyperequipped,2022,asnew,gas,20,3,,,true,,true,,,,,1,10/18/22
9988601,apartment,apartment,570000,forsale,1200,usahyperequipped,2023,asnew,gas,55,2,,,true,,true,,,1,,1,10/18/22
9646602,apartment,penthouse,575000,forsale,1000,usahyperequipped,2020,asnew,gas,5,3,,,true,,true,,,,1,1,10/18/22
9853080,apartment,apartment,650000,forsale,1040,usahyperequipped,1912,asnew,gas,140,2,,,true,,true,,,,35,1,10/18/22
10117637,apartment,apartment,699000,forsale,9300,installed,1996,good,gas,160,3,,,,,true,,,,,1,10/18/22
10107513,apartment,penthouse,720000,forsale,1000,hyperequipped,2025,asnew,gas,44,3,,,true,,true,,true,,,1,10/18/22
10109932,apartment,penthouse,745000,forsale,1000,hyperequipped,2025,asnew,gas,44,3,,,true,,true,,,,33,1,10/18/22
10046452,apartment,penthouse,795000,forsale,1200,usahyperequipped,2023,asnew,gas,55,3,,,true,,true,,,,1,1,10/18/22
10158182,house,house,240000,forsale,5300,installed,,justrenovated,fueloil,299,2,300,true,true,,true,true,,1,2,,10/18/22
9625357,house,house,131000,forsale,2550,notinstalled,1930,,gas,371,3,1664,,true,1100,true,,,1,,,10/18/22
10158172,apartment,apartment,260000,forsale,8870,installed,2020,good,gas,47,2,,,,,true,,,,,,10/18/22
10158154,house,house,290000,forsale,7900,installed,2021,,gas,,3,515,true,,,,,,,2,1,10/18/22
10158153,house,bungalow,445000,forsale,1410,hyperequipped,1973,good,electric,555,2,681,true,,500,true,,,2,3,,10/18/22
10158149,apartment,flatstudio,59000,forsale,4000,notinstalled,,tobedoneup,,251,1,,,,,,,,,,,10/18/22
9641565,house,house,184000,forsale,2550,,,good,gas,,5,155,,true,,true,,,,1,,10/18/22
10121293,house,house,275000,forsale,1420,,,torenovate,fueloil,515,2,207,,,100,,true,,,,,10/18/22
10057446,apartment,penthouse,890000,forsale,1200,hyperequipped,2017,asnew,gas,96,4,,,,,true,,,,,1,10/18/22
9624173,apartment,apartment,965000,forsale,1150,usahyperequipped,2021,asnew,gas,55,3,,,,,true,,,1,,1,10/18/22
9963859,apartment,apartment,1150000,forsale,1050,usahyperequipped,2022,asnew,gas,55,3,,,true,,true,,,1,,1,10/18/22
10008422,apartment,penthouse,1350000,forsale,1180,usahyperequipped,2022,asnew,gas,96,3,,,true,,true,,,1,2,1,10/18/22
8894072,apartment,penthouse,1350000,forsale,1180,usahyperequipped,2022,asnew,gas,55,3,,,,,true,,,,2,1,10/18/22
10132758,apartment,apartment,174900,forsale,6800,installed,2021,asnew,gas,72,1,,,,,true,,,,,1,10/18/22
10143596,apartment,apartment,269000,forsale,1070,hyperequipped,1966,asnew,gas,307,3,,,true,,true,,,1,,,10/18/22
10144383,apartment,duplex,325000,forsale,1020,usasemiequipped,1960,good,,297,4,,,true,,true,true,,,,,10/18/22
10130562,apartmentgroup,apartmentgroup,194000-650000,forsale,1400,,,,,,,,,,,,,,,,1,10/18/22
10128207,apartment,apartment,350000,forsale,1000,usahyperequipped,2013,asnew,gas,67,1,,,,,true,,,80,1,,10/18/22
10131451,apartment,apartment,395000,forsale,1180,hyperequipped,1968,asnew,fueloil,243,3,,,true,,true,,,1,,,10/18/22
10131537,apartment,apartment,414355,forsale,1040,installed,1965,justrenovated,fueloil,111,2,,,true,,true,,,,,,10/18/22
10131536,apartment,apartment,414355,forsale,1150,installed,1965,justrenovated,fueloil,111,2,,,true,,true,,,,,,10/18/22
10131533,apartment,apartment,426205,forsale,1040,installed,1965,justrenovated,fueloil,111,2,,,true,,true,,,,,,10/18/22
10131538,apartment,apartment,426205,forsale,1150,installed,1965,justrenovated,fueloil,111,2,,,true,,true,,,,,,10/18/22
10131088,apartment,apartment,450000,forsale,1200,hyperequipped,1960,asnew,gas,253,3,,,true,,true,,,1,,,10/18/22
10131544,apartment,apartment,458150,forsale,1040,installed,1965,justrenovated,fueloil,111,2,,,true,,true,,,,,,10/18/22
10131541,apartment,apartment,458150,forsale,1040,installed,1965,justrenovated,fueloil,111,2,,,true,,true,,,,,,10/18/22
10131539,apartment,apartment,458150,forsale,1040,installed,1965,justrenovated,fueloil,111,2,,,true,,true,,,,,,10/18/22
10131545,apartment,apartment,458150,forsale,1150,installed,1965,justrenovated,fueloil,111,2,,,true,,true,,,,,,10/18/22
10131542,apartment,apartment,458150,forsale,1150,installed,1965,justrenovated,fueloil,111,2,,,true,,true,,,,,,10/18/22
10131540,apartment,apartment,458150,forsale,1150,installed,1965,justrenovated,fueloil,111,2,,,true,,true,,,,,,10/18/22
10130961,apartment,apartment,545000,forsale,3000,installed,1951,justrenovated,gas,188,3,,,true,,,,,,,,10/18/22
10131360,apartmentgroup,apartmentgroup,595000-645000,forsale,8420,,,,,,,,,,,,,,,,1,10/18/22
10130457,apartmentgroup,apartmentgroup,699000-1190000,forsale,1180,,,,,60,,,,,,,,,1,5,1,10/18/22
10131901,apartment,penthouse,699000,forsale,8560,installed,1988,asnew,gas,197,2,,,true,,true,true,,5,,,10/18/22
10149960,apartment,penthouse,328000,forsale,9032,installed,2007,,gas,132,3,,,,,true,,,1,,,10/18/22
10150916,apartment,apartment,350000,forsale,1000,installed,1972,good,,194,3,,,,,true,,,1,1,,10/18/22
10136353,apartment,apartment,285000,forsale,1000,usahyperequipped,1930,asnew,gas,247,1,,,true,,true,,,,,,10/18/22
10158182,house,house,240000,forsale,5300,installed,,justrenovated,fueloil,299,2,300,true,true,,true,true,,1,2,,10/18/22
9625357,house,house,131000,forsale,2550,notinstalled,1930,,gas,371,3,1664,,true,1100,true,,,1,,,10/18/22
10158172,apartment,apartment,260000,forsale,8870,installed,2020,good,gas,47,2,,,,,true,,,,,,10/18/22
10158154,house,house,290000,forsale,7900,installed,2021,,gas,,3,515,true,,,,,,,2,1,10/18/22
10158153,house,bungalow,445000,forsale,1410,hyperequipped,1973,good,electric,555,2,681,true,,500,true,,,2,3,,10/18/22
10158149,apartment,flatstudio,59000,forsale,4000,notinstalled,,tobedoneup,,251,1,,,,,,,,,,,10/18/22
9641565,house,house,184000,forsale,2550,,,good,gas,,5,155,,true,,true,,,,1,,10/18/22
10121293,house,house,275000,forsale,1420,,,torenovate,fueloil,515,2,207,,,100,,true,,,,,10/18/22
10137997,apartment,apartment,315000,forsale,8500,installed,1988,asnew,gas,210,2,,,true,,true,,,1,,,10/18/22
10136049,apartment,duplex,645000,forsale,1050,semiequipped,1945,tobedoneup,gas,247,4,,,true,,true,,,,,,10/18/22
10130390,apartment,apartment,230000,forsale,9800,hyperequipped,2022,asnew,,1,1,,,true,,true,,,1,1,1,10/18/22
10130391,apartment,apartment,245000,forsale,9800,hyperequipped,2022,asnew,,1,1,,,true,,true,,,1,1,1,10/18/22
10130393,apartment,apartment,320000,forsale,9800,hyperequipped,2022,asnew,,1,2,,,true,,true,,,,1,1,10/18/22
10130389,apartment,apartment,390000,forsale,9800,hyperequipped,2022,asnew,,1,2,,,true,,true,,,,1,1,10/18/22
9814641,apartmentgroup,apartmentgroup,79000-406570,forsale,5030,,,,,,,,,,,,,,,,1,10/18/22
9882569,apartment,apartment,95000,forsale,8370,installed,1930,good,gas,305,1,,,true,,,,,,,,10/18/22
9359446,apartmentgroup,apartmentgroup,112000-291000,forsale,1360,,,,,,,,,,,,,,,,1,10/18/22
10067806,apartment,apartment,119000,forsale,8370,installed,1948,tobedoneup,gas,264,2,,,true,,true,,,,,,10/18/22
10047588,apartment,apartment,125000,forsale,8370,installed,1953,torenovate,gas,320,1,,,,,true,,,,,,10/18/22
9802020,apartmentgroup,apartmentgroup,127500-127500,forsale,8000,,,,,,,,,,,,,,,,1,10/18/22
10104913,apartment,flatstudio,129000,forsale,1030,installed,1992,good,electric,349,0,,,true,,,,,1,,,10/18/22
9985952,apartment,apartment,129000,forsale,4820,installed,2010,good,gas,389,2,,,true,,true,true,,1,1,,10/18/22
9985951,apartment,apartment,129000,forsale,4820,installed,2010,good,gas,193,2,,,true,,true,true,,1,1,,10/18/22
9985950,apartment,apartment,129000,forsale,4820,installed,2010,good,gas,128,2,,,true,,true,true,,1,1,,10/18/22
9985948,apartment,apartment,129000,forsale,4820,installed,2010,good,gas,323,2,,,true,,true,true,,1,1,,10/18/22
9985947,apartment,apartment,129000,forsale,4820,installed,2010,good,gas,387,2,,,true,,true,true,,1,1,,10/18/22
9985946,apartment,apartment,129000,forsale,4820,installed,2010,good,gas,128,2,,,true,,true,true,,1,1,,10/18/22
9985945,apartment,apartment,129000,forsale,4820,installed,2010,good,gas,190,2,,,true,,true,true,,1,1,,10/18/22
10126585,apartmentgroup,apartmentgroup,133935-350900,forsale,1500,,,,,40,,,,,,,,,5,10,1,10/18/22
9535621,apartmentgroup,apartmentgroup,136500-324000,forsale,5060,,,,,,,,,,,,,,,55,1,10/18/22
9999573,apartment,apartment,137500,forsale,1030,installed,2004,good,electric,527,1,,,,,,,,,,,10/18/22
9174900,apartmentgroup,apartmentgroup,138500-394000,forsale,7000,,,,,,,,,,,,,,89,,1,10/18/22
9494508,apartmentgroup,apartmentgroup,142500-420000,forsale,4700,,,,,,,,,,,,,,26,,1,10/18/22
9532333,apartmentgroup,apartmentgroup,147000-618500,forsale,7500,,,,,,,,,,,,,,,,1,10/18/22
10097123,apartment,apartment,149000,forsale,4020,notinstalled,1963,tobedoneup,gas,230,3,,,true,,true,true,,1,1,,10/18/22
9961902,apartmentgroup,apartmentgroup,150000-192000,forsale,6800,,,,,,,,,,,,,,,,1,10/18/22
10123521,apartment,flatstudio,155000,forsale,1030,installed,1983,good,gas,364,0,,,true,,true,,,,,,10/18/22
10129045,apartment,apartment,155000,forsale,4000,semiequipped,1956,good,gas,150,2,,,true,,true,,,1,,,10/18/22
10158182,house,house,240000,forsale,5300,installed,,justrenovated,fueloil,299,2,300,true,true,,true,true,,1,2,,10/18/22
9625357,house,house,131000,forsale,2550,notinstalled,1930,,gas,371,3,1664,,true,1100,true,,,1,,,10/18/22
10158172,apartment,apartment,260000,forsale,8870,installed,2020,good,gas,47,2,,,,,true,,,,,,10/18/22
10158154,house,house,290000,forsale,7900,installed,2021,,gas,,3,515,true,,,,,,,2,1,10/18/22
10158153,house,bungalow,445000,forsale,1410,hyperequipped,1973,good,electric,555,2,681,true,,500,true,,,2,3,,10/18/22
10158149,apartment,flatstudio,59000,forsale,4000,notinstalled,,tobedoneup,,251,1,,,,,,,,,,,10/18/22
9641565,house,house,184000,forsale,2550,,,good,gas,,5,155,,true,,true,,,,1,,10/18/22
10121293,house,house,275000,forsale,1420,,,torenovate,fueloil,515,2,207,,,100,,true,,,,,10/18/22
10015768,apartment,apartment,155000,forsale,7090,installed,1980,justrenovated,gas,137,2,,,,,true,,,1,20,,10/18/22
9036522,apartmentgroup,apartmentgroup,155000-155000,forsale,7180,,,,,121,,,,,,,,,,,1,10/18/22
9313881,apartmentgroup,apartmentgroup,155500-204000,forsale,7900,,,,,,,,,,,,,,12,13,1,10/18/22
9993219,apartment,duplex,156000,forsale,4460,installed,1875,asnew,gas,178,2,,,,,true,true,,,,,10/18/22
9091747,apartmentgroup,apartmentgroup,159000-199000,forsale,4020,,,,,100,,,,,,,,,10,10,1,10/18/22
8645941,apartmentgroup,apartmentgroup,161500-371500,forsale,4700,,,,,,,,,,,,,,26,,1,10/18/22
8972719,apartmentgroup,apartmentgroup,163000-244500,forsale,7333,,,,,,,,,,,,,,,109,1,10/18/22
9622558,apartmentgroup,apartmentgroup,163333-383019,forsale,1140,,,,,,,,,,,,,,,,1,10/18/22
9769424,apartmentgroup,apartmentgroup,163794-270663,forsale,7100,,,,,86,,,,,,,,,,,1,10/18/22
9086302,apartmentgroup,apartmentgroup,165000-214500,forsale,7333,,,,,,,,,,,,,,,109,1,10/18/22
9363798,apartmentgroup,apartmentgroup,165195-578934,forsale,5000,,,,,,,,,,,,,,134,,1,10/18/22
9972110,apartmentgroup,apartmentgroup,166000-362000,forsale,5000,,,,,,,,,,,,,,,,1,10/18/22
9572067,apartmentgroup,apartmentgroup,166500-327500,forsale,7800,,,,,,,,,,,,,,,,1,10/18/22
9673194,apartment,apartment,169000,forsale,1020,hyperequipped,1973,good,gas,169,1,,,true,,true,,,,,,10/18/22
9781074,apartmentgroup,apartmentgroup,169000-399000,forsale,2370,,,,,,,,,,,,,,,,1,10/18/22
10081305,apartmentgroup,apartmentgroup,169000-234000,forsale,9600,,,,,,,,,,,,,,,,1,10/18/22
9760308,apartment,apartment,169500,forsale,4020,semiequipped,2011,good,gas,170,2,,,true,,,,,,,,10/18/22
10081345,apartmentgroup,apartmentgroup,169500-399500,forsale,8710,,,,,,,,,,,,,,,,1,10/18/22
10108061,apartmentgroup,apartmentgroup,169995-270995,forsale,1180,,,,,,,,,,,,,,,,1,10/18/22
10121168,apartmentgroup,apartmentgroup,267000-615000,forsale,1180,,,,,,,,,,,,,,,,1,10/18/22
9160589,apartmentgroup,apartmentgroup,174900-234900,forsale,6800,,,,,,,,,,,,,,27,,1,10/18/22
10092233,apartment,apartment,175000,forsale,2660,installed,1974,asnew,gas,155,2,,,true,,true,,,,,,10/18/22
10065649,apartmentgroup,apartmentgroup,175000-399000,forsale,8380,,,,,,,,,,,,,,,,1,10/18/22
10040048,apartment,flatstudio,175000,forsale,8430,installed,1968,good,electric,169,0,,,true,,,,,,,,10/18/22
9851384,apartmentgroup,apartmentgroup,176900-219900,forsale,6800,,,,,,,,,,,,,,,,1,10/18/22
10060832,apartment,apartment,179000,forsale,1080,installed,1965,asnew,fueloil,153,2,,,,,true,,,,,,10/18/22
10076221,apartment,apartment,179000,forsale,4000,installed,2011,asnew,electric,151,2,,,true,,,true,,,1,,10/18/22
10077686,apartment,apartment,179000,forsale,4520,installed,2006,justrenovated,electric,217,2,,,,,true,,,,1,,10/18/22
10116179,apartment,apartment,179000,forsale,8370,installed,2007,good,gas,78,1,,,,,true,,,,,,10/18/22
10059062,apartment,flatstudio,179000,forsale,8370,installed,1974,good,gas,173,0,,,,,true,,,,,,10/18/22
10158182,house,house,240000,forsale,5300,installed,,justrenovated,fueloil,299,2,300,true,true,,true,true,,1,2,,10/18/22
9625357,house,house,131000,forsale,2550,notinstalled,1930,,gas,371,3,1664,,true,1100,true,,,1,,,10/18/22
10158172,apartment,apartment,260000,forsale,8870,installed,2020,good,gas,47,2,,,,,true,,,,,,10/18/22
10158154,house,house,290000,forsale,7900,installed,2021,,gas,,3,515,true,,,,,,,2,1,10/18/22
10158153,house,bungalow,445000,forsale,1410,hyperequipped,1973,good,electric,555,2,681,true,,500,true,,,2,3,,10/18/22
10158149,apartment,flatstudio,59000,forsale,4000,notinstalled,,tobedoneup,,251,1,,,,,,,,,,,10/18/22
9641565,house,house,184000,forsale,2550,,,good,gas,,5,155,,true,,true,,,,1,,10/18/22
10121293,house,house,275000,forsale,1420,,,torenovate,fueloil,515,2,207,,,100,,true,,,,,10/18/22
10065627,apartmentgroup,apartmentgroup,179000-495000,forsale,8380,,,,,,,,,,,,,,,,1,10/18/22
9991916,apartment,apartment,180000,forsale,4020,hyperequipped,1925,tobedoneup,gas,276,3,,,true,,true,,,,,,10/18/22
9916938,apartmentgroup,apartmentgroup,180000-275000,forsale,8430,,,,,,,,,,,,,,,,1,10/18/22
9944665,apartmentgroup,apartmentgroup,180726-277441,forsale,8791,,,,,,,,,,,,,,,,1,10/18/22
9776298,apartmentgroup,apartmentgroup,181500-350000,forsale,5001,,,,,,,,,,,,,,30,3,1,10/18/22
10122662,apartmentgroup,apartmentgroup,182900-250900,forsale,7090,,,,,11,,,,,,,,,,,1,10/18/22
10113920,apartmentgroup,apartmentgroup,182900-253900,forsale,7090,,,,,,,,,,,,,,,,1,10/18/22
10023134,apartment,apartment,184000,forsale,1600,notinstalled,1969,tobedoneup,gas,688,1,,,true,,true,,,,,,10/18/22
10113138,apartment,apartment,184000,forsale,1601,notinstalled,1969,tobedoneup,gas,688,1,,,true,,true,,,,,,10/18/22
8910762,apartmentgroup,apartmentgroup,184000-184000,forsale,3190,,,,,30,,,,,,,,,,,1,10/18/22
9207633,apartment,flatstudio,185000,forsale,1030,hyperequipped,1965,asnew,gas,186,0,,,true,,true,,,,,,10/18/22
10012691,apartment,apartment,185000,forsale,1731,installed,1969,good,fueloil,142,2,,,true,7000,true,,,,75,,10/18/22
10087847,apartmentgroup,apartmentgroup,187500-279900,forsale,6800,,,,,,,,,,,,,,,,1,10/18/22
9880986,apartmentgroup,apartmentgroup,188000-454000,forsale,4020,,,,,,,,,,,,,,36,,1,10/18/22
9775237,apartmentgroup,apartmentgroup,189500-274500,forsale,4500,,,,,65,,,,,,,,,,,1,10/18/22
9522287,apartmentgroup,apartmentgroup,189500-314000,forsale,5000,,,,,,,,,,,,,,50,,1,10/18/22
10118977,apartment,apartment,189500,forsale,9900,hyperequipped,1971,justrenovated,electric,330,1,,,,,,,,1,,,10/18/22
8910215,apartmentgroup,apartmentgroup,189990-489500,forsale,1703,,,,,1,,,,,,,,,1,,1,10/18/22
9968899,apartmentgroup,apartmentgroup,190000-359000,forsale,4000,,,,,,,,,,,,,,,,1,10/18/22
10109647,apartment,apartment,190000,forsale,4300,semiequipped,1995,tobedoneup,fueloil,230,2,,,true,,,,,1,,,10/18/22
10007405,apartmentgroup,apartmentgroup,192000-385000,forsale,5000,,,,,85,,,,,,,,,1,1,1,10/18/22
9886823,apartmentgroup,apartmentgroup,192000-385000,forsale,5100,,,,,85,,,,,,,,,1,1,1,10/18/22
9580752,apartmentgroup,apartmentgroup,192462-227104,forsale,7000,,,,,65,,,,,,,,,,,1,10/18/22
10112447,apartment,penthouse,193000,forsale,9200,installed,1931,justrenovated,gas,133,1,,,,,,,,,,,10/18/22
9772382,apartment,duplex,195000,forsale,4400,usainstalled,2008,good,gas,125,2,,,true,,,true,,1,1,,10/18/22
8390362,apartmentgroup,apartmentgroup,195000-549000,forsale,4800,,,,,,,,,,,,,,,,1,10/18/22
8489232,apartmentgroup,apartmentgroup,195000-549000,forsale,4802,,,,,,,,,,,,,,,,1,10/18/22
8588611,apartmentgroup,apartmentgroup,196500-1995000,forsale,1050,,,,,,,,,,,,,,10,35,1,10/18/22
9824220,apartmentgroup,apartmentgroup,196500-350000,forsale,6900,,,,,,,,,,,,,,33,22,1,10/18/22
9834054,apartmentgroup,apartmentgroup,197000-393500,forsale,1830,,,,,,,,,,,,,,,,1,10/18/22
10158182,house,house,240000,forsale,5300,installed,,justrenovated,fueloil,299,2,300,true,true,,true,true,,1,2,,10/18/22
9625357,house,house,131000,forsale,2550,notinstalled,1930,,gas,371,3,1664,,true,1100,true,,,1,,,10/18/22
10158172,apartment,apartment,260000,forsale,8870,installed,2020,good,gas,47,2,,,,,true,,,,,,10/18/22
10158154,house,house,290000,forsale,7900,installed,2021,,gas,,3,515,true,,,,,,,2,1,10/18/22
10158153,house,bungalow,445000,forsale,1410,hyperequipped,1973,good,electric,555,2,681,true,,500,true,,,2,3,,10/18/22
10158149,apartment,flatstudio,59000,forsale,4000,notinstalled,,tobedoneup,,251,1,,,,,,,,,,,10/18/22
9641565,house,house,184000,forsale,2550,,,good,gas,,5,155,,true,,true,,,,1,,10/18/22
10121293,house,house,275000,forsale,1420,,,torenovate,fueloil,515,2,207,,,100,,true,,,,,10/18/22
9106248,apartmentgroup,apartmentgroup,197500-379000,forsale,8470,,,,,,,,,,,,,,,,1,10/18/22
9710999,apartmentgroup,apartmentgroup,197900-212900,forsale,1120,,,,,,,,,,,,,,,,1,10/18/22
9944634,apartmentgroup,apartmentgroup,197904-234691,forsale,8790,,,,,,,,,,,,,,,,1,10/18/22
7775444,apartmentgroup,apartmentgroup,198000-399000,forsale,1500,,,,,,,,,,,,,,,,1,10/18/22
10108891,apartment,apartment,198000,forsale,8370,installed,1972,good,fueloil,126,1,,,true,,true,,,,,,10/18/22
10026639,apartmentgroup,apartmentgroup,198000-230000,forsale,8530,,,,,,,,,,,,,,,,1,10/18/22
9474388,apartmentgroup,apartmentgroup,199000-499000,forsale,2300,,,,,,,,,,,,,,,,1,10/18/22
10077392,apartmentgroup,apartmentgroup,199000-359000,forsale,2490,,,,,,,,,,,,,,,,1,10/18/22
10120367,apartment,apartment,199000,forsale,2660,installed,1998,good,gas,205,2,,,true,,true,,,1,,,10/18/22
9673036,apartmentgroup,apartmentgroup,199000-269000,forsale,2850,,,,,,,,,,,,,,,,1,10/18/22
10065268,apartment,penthouse,199000,forsale,4000,installed,1970,good,fueloil,202,2,,,true,,,true,,2,,,10/18/22
10036844,apartment,apartment,199000,forsale,4000,installed,2006,good,gas,105,2,,,true,,true,,,,,,10/18/22
10108693,apartment,apartment,199000,forsale,5060,hyperequipped,2001,asnew,gas,86,2,,,true,,true,,,1,,,10/18/22
8435841,apartmentgroup,apartmentgroup,199000-229000,forsale,9220,,,,,,,,,,,,,,,,1,10/18/22
9817867,apartmentgroup,apartmentgroup,199000-388750,forsale,9220,,,,,,,,,,,,,,,,1,10/18/22
10107760,apartment,apartment,199000,forsale,9600,installed,1970,good,gas,174,2,,,true,,true,,,1,,,10/18/22
9967723,apartmentgroup,apartmentgroup,199000-399000,forsale,9620,,,,,,,,,,,,,,,,1,10/18/22
9911163,apartmentgroup,apartmentgroup,199273.92-345473.58,forsale,2500,,,,,,,,,,,,,,,,1,10/18/22
9372174,apartmentgroup,apartmentgroup,199500-499500,forsale,1730,,,,,,,,,,,,,,,,1,10/18/22
9898858,apartmentgroup,apartmentgroup,203000-292500,forsale,2500,,,,,,,,,,,,,,,,1,10/18/22
10058901,apartmentgroup,apartmentgroup,204500-249900,forsale,2830,,,,,,,,,,,,,,,,1,10/18/22
10101356,apartmentgroup,apartmentgroup,206515-595500,forsale,1933,,,,,,,,,,,,,,,,1,10/18/22
9911183,apartmentgroup,apartmentgroup,208086.06-404442,forsale,2500,,,,,,,,,,,,,,,,1,10/18/22
9437060,apartment,apartment,209000,forsale,1090,semiequipped,1963,good,fueloil,749,2,,,true,,true,,,1,,,10/18/22
9950337,apartmentgroup,apartmentgroup,209900-349900,forsale,2220,,,,,,,,,,,,,,,,1,10/18/22
9810559,apartmentgroup,apartmentgroup,210000-365000,forsale,1090,,,,,,,,,,,,,,10,,1,10/18/22
9861272,apartment,apartment,210000,forsale,1140,semiequipped,1937,torenovate,gas,201,1,,,true,,true,true,,,,,10/18/22
9766303,apartmentgroup,apartmentgroup,210000-335000,forsale,2830,,,,,,,,,,,,,,,,1,10/18/22
10006897,apartmentgroup,apartmentgroup,211500-359500,forsale,7800,,,,,,,,,,,,,,,,1,10/18/22
10158182,house,house,240000,forsale,5300,installed,,justrenovated,fueloil,299,2,300,true,true,,true,true,,1,2,,10/18/22
9625357,house,house,131000,forsale,2550,notinstalled,1930,,gas,371,3,1664,,true,1100,true,,,1,,,10/18/22
10158172,apartment,apartment,260000,forsale,8870,installed,2020,good,gas,47,2,,,,,true,,,,,,10/18/22
10158154,house,house,290000,forsale,7900,installed,2021,,gas,,3,515,true,,,,,,,2,1,10/18/22
10158153,house,bungalow,445000,forsale,1410,hyperequipped,1973,good,electric,555,2,681,true,,500,true,,,2,3,,10/18/22
10158149,apartment,flatstudio,59000,forsale,4000,notinstalled,,tobedoneup,,251,1,,,,,,,,,,,10/18/22
9641565,house,house,184000,forsale,2550,,,good,gas,,5,155,,true,,true,,,,1,,10/18/22
10121293,house,house,275000,forsale,1420,,,torenovate,fueloil,515,2,207,,,100,,true,,,,,10/18/22
10030229,apartment,flatstudio,212000,forsale,8370,installed,1977,good,gas,150,0,,,true,,true,,,,,,10/18/22
9483888,apartmentgroup,apartmentgroup,213500-353500,forsale,4100,,,,,100,,,,,,,,,,,1,10/18/22
9644276,apartmentgroup,apartmentgroup,213840-213840,forsale,3720,,,,,,,,,,,,,,,,1,10/18/22
10112249,apartmentgroup,apartmentgroup,215000-625000,forsale,1000,,,,,56,,,,,,,,,1,,1,10/18/22
9736642,apartment,apartment,215000,forsale,1120,installed,1960,justrenovated,gas,596,1,,,,,,,,1,,,10/18/22
9797478,apartment,apartment,215000,forsale,1400,hyperequipped,1976,asnew,gas,277,3,,,true,,true,,,1,,,10/18/22
9543019,apartmentgroup,apartmentgroup,217110-447287,forsale,3130,,,,,20,,,,,,,,,29,29,1,10/18/22
9404012,apartment,apartment,219000,forsale,1030,installed,1959,good,gas,626,2,,,true,,true,,,,,,10/18/22
9708324,apartment,apartment,219000,forsale,1080,usahyperequipped,2011,good,gas,127,2,,,,,,,,,,,10/18/22
9953490,apartment,apartment,219000,forsale,3001,usainstalled,1973,good,fueloil,110,1,,,,,,,,,25,,10/18/22
8239570,apartmentgroup,apartmentgroup,219000-269000,forsale,8434,,,,,,,,,,,,,,,,1,10/18/22
9576448,apartmentgroup,apartmentgroup,219500-221500,forsale,1315,,,,,,,,,,,,,,,,1,10/18/22
8877237,apartmentgroup,apartmentgroup,219500-278500,forsale,8860,,,,,,,,,,,,,,,,1,10/18/22
10059344,apartmentgroup,apartmentgroup,219900-349900,forsale,4950,,,,,,,,,,,,,,,,1,10/18/22
9671826,apartmentgroup,apartmentgroup,219900-224900,forsale,6880,,,,,,,,,,,,,,,32,1,10/18/22
9933753,apartment,apartment,220000,forsale,1060,installed,1960,good,gas,450,1,,,true,,,,,,,,10/18/22
10114158,apartmentgroup,apartmentgroup,220000-365000,forsale,1070,,,,,30,,,,,,,,,,,1,10/18/22
10117647,apartment,apartment,220000,forsale,9300,installed,2008,good,gas,232,2,,,,,true,,,,,,10/18/22
10085940,apartmentgroup,apartmentgroup,220000-465000,forsale,9890,,,,,1,,,,,,,,,1,1,1,10/18/22
9842262,apartmentgroup,apartmentgroup,222000-365000,forsale,1070,,,,,25,,,,,,,,,57,57,1,10/18/22
10082214,apartment,apartment,224000,forsale,2880,hyperequipped,1970,good,gas,683,2,,,,,true,,,1,,,10/18/22
9950359,apartmentgroup,apartmentgroup,224900-379900,forsale,2830,,,,,,,,,,,,,,,,1,10/18/22
10069932,apartment,apartment,225000,forsale,1000,usainstalled,2000,good,electric,408,1,,,,,,,,,,,10/18/22
9986284,apartment,apartment,225000,forsale,1090,usahyperequipped,1970,asnew,gas,73,2,,,true,,true,,,,,,10/18/22
9993419,apartment,apartment,225000,forsale,1200,notinstalled,1963,tobedoneup,gas,148,1,,,true,,true,,,,,,10/18/22
10129674,apartment,apartment,225000,forsale,1800,hyperequipped,2005,asnew,gas,140,1,,,true,,,,,,,,10/18/22
9792209,apartmentgroup,apartmentgroup,225000-255000,forsale,4470,,,,,,,,,,,,,,,1,1,10/18/22
9078670,apartmentgroup,apartmentgroup,225000-425000,forsale,8430,,,,,,,,,,,,,,,,1,10/18/22
9159753,apartmentgroup,apartmentgroup,225000-508780,forsale,8610,,,,,,,,,,,,,,,,1,10/18/22
9595862,apartment,apartment,229000,forsale,1090,usahyperequipped,1958,good,gas,71,3,,,,,true,,,,,,10/18/22
10158182,house,house,240000,forsale,5300,installed,,justrenovated,fueloil,299,2,300,true,true,,true,true,,1,2,,10/18/22
9625357,house,house,131000,forsale,2550,notinstalled,1930,,gas,371,3,1664,,true,1100,true,,,1,,,10/18/22
10158172,apartment,apartment,260000,forsale,8870,installed,2020,good,gas,47,2,,,,,true,,,,,,10/18/22
10158154,house,house,290000,forsale,7900,installed,2021,,gas,,3,515,true,,,,,,,2,1,10/18/22
10158153,house,bungalow,445000,forsale,1410,hyperequipped,1973,good,electric,555,2,681,true,,500,true,,,2,3,,10/18/22
10158149,apartment,flatstudio,59000,forsale,4000,notinstalled,,tobedoneup,,251,1,,,,,,,,,,,10/18/22
9641565,house,house,184000,forsale,2550,,,good,gas,,5,155,,true,,true,,,,1,,10/18/22
10121293,house,house,275000,forsale,1420,,,torenovate,fueloil,515,2,207,,,100,,true,,,,,10/18/22
10127031,apartmentgroup,apartmentgroup,229000-319000,forsale,2270,,,,,,,,,,,,,,,,1,10/18/22
10048026,apartment,apartment,229000,forsale,4540,installed,2013,good,pellet,135,2,,,true,,true,,,,1,,10/18/22
9960424,apartment,apartment,229000,forsale,4870,installed,2013,asnew,gas,206,3,,,,,true,,,1,2,,10/18/22
10039154,apartmentgroup,apartmentgroup,229000-264000,forsale,7060,,,,,80,,,,,,,,,,,1,10/18/22
10091918,apartmentgroup,apartmentgroup,229500-499000,forsale,1480,,,,,,,,,,,,,,,,1,10/18/22
9969465,apartmentgroup,apartmentgroup,229500-499000,forsale,1480,,,,,,,,,,,,,,,,1,10/18/22
10100139,apartmentgroup,apartmentgroup,229500-339000,forsale,2440,,,,,,,,,,,,,,,,1,10/18/22
9355921,apartmentgroup,apartmentgroup,229900-269900,forsale,6890,,,,,,,,,,,,,,,,1,10/18/22
10116430,apartment,apartment,229950,forsale,8792,installed,2007,good,electric,282,2,,,,,true,,,1,,,10/18/22
10051693,apartmentgroup,apartmentgroup,230000-725000,forsale,1180,,,,,,,,,,,,,,,,1,10/18/22
10011862,apartment,apartment,230000,forsale,1400,semiequipped,2011,good,gas,126,1,,,true,,true,,,1,,,10/18/22
9850489,apartment,apartment,230000,forsale,1400,hyperequipped,1965,asnew,gas,142,2,,,true,,true,,,1,,,10/18/22
10126809,apartmentgroup,apartmentgroup,230000-457000,forsale,1853,,,,,,,,,,,,,,,,1,10/18/22
9847040,apartmentgroup,apartmentgroup,230000-340000,forsale,8670,,,,,,,,,,,,,,,,1,10/18/22
10086627,apartmentgroup,apartmentgroup,231281-330983,forsale,2240,,,,,,,,,,,,,,,,1,10/18/22
9950379,apartmentgroup,apartmentgroup,232900-319900,forsale,2500,,,,,,,,,,,,,,,,1,10/18/22
9017116,apartmentgroup,apartmentgroup,234178-313642,forsale,1300,,,,,,,,,,,,,,,,1,10/18/22
10116727,apartmentgroup,apartmentgroup,234520-854887,forsale,2300,,,,,,,,,,,,,,,,1,10/18/22
10003223,apartment,apartment,235000,forsale,1000,semiequipped,1958,tobedoneup,fueloil,204,1,,,true,,true,,,,,,10/18/22
10011943,apartment,apartment,235000,forsale,1020,usainstalled,1955,good,gas,199,2,,,true,,true,,,,,,10/18/22
10018188,apartment,apartment,235000,forsale,8370,installed,1967,good,gas,193,2,,,,,true,,,,,,10/18/22
9912368,apartment,apartment,239000,forsale,1080,installed,1968,tobedoneup,gas,167,2,,,true,,true,,,,,,10/18/22
10018567,apartment,apartment,239000,forsale,1083,usahyperequipped,1966,justrenovated,gas,202,2,,,,,true,,,,,,10/18/22
9144296,apartmentgroup,apartmentgroup,239000-504000,forsale,4100,,,,,100,,,,,,,,,,,1,10/18/22
9971207,apartmentgroup,apartmentgroup,239000-265000,forsale,5310,,,,,75,,,,,,,,,,,1,10/18/22
10070606,apartment,penthouse,239000,forsale,8370,installed,1976,good,gas,200,1,,,true,,true,,,,,,10/18/22
10070605,apartment,penthouse,239000,forsale,8370,installed,1976,good,gas,206,1,,,true,,true,,,,,,10/18/22
10068417,apartment,apartment,239000,forsale,8370,installed,1966,good,gas,320,2,,,,,true,,,,,,10/18/22
9373237,apartmentgroup,apartmentgroup,239000-268000,forsale,8480,,,,,,,,,,,,,,,,1,10/18/22
9104607,apartmentgroup,apartmentgroup,239500-342000,forsale,8470,,,,,,,,,,,,,,,,1,10/18/22
10158182,house,house,240000,forsale,5300,installed,,justrenovated,fueloil,299,2,300,true,true,,true,true,,1,2,,10/18/22
9625357,house,house,131000,forsale,2550,notinstalled,1930,,gas,371,3,1664,,true,1100,true,,,1,,,10/18/22
10158172,apartment,apartment,260000,forsale,8870,installed,2020,good,gas,47,2,,,,,true,,,,,,10/18/22
10158154,house,house,290000,forsale,7900,installed,2021,,gas,,3,515,true,,,,,,,2,1,10/18/22
10158153,house,bungalow,445000,forsale,1410,hyperequipped,1973,good,electric,555,2,681,true,,500,true,,,2,3,,10/18/22
10158149,apartment,flatstudio,59000,forsale,4000,notinstalled,,tobedoneup,,251,1,,,,,,,,,,,10/18/22
9641565,house,house,184000,forsale,2550,,,good,gas,,5,155,,true,,true,,,,1,,10/18/22
10121293,house,house,275000,forsale,1420,,,torenovate,fueloil,515,2,207,,,100,,true,,,,,10/18/22
10005213,apartment,apartment,240000,forsale,1160,hyperequipped,1939,good,gas,261,1,,,true,,,,,,,,10/18/22
10108196,apartment,apartment,240000,forsale,1730,installed,1975,justrenovated,gas,260,2,,,true,,true,,,,1,,10/18/22
10100702,apartment,apartment,240000,forsale,2800,semiequipped,1973,torenovate,gas,175,2,,,true,,true,,,1,,,10/18/22
8381072,apartmentgroup,apartmentgroup,240000-285000,forsale,8870,,,,,,,,,,,,,,,,1,10/18/22
9898809,apartmentgroup,apartmentgroup,241000-241000,forsale,2500,,,,,,,,,,,,,,,,1,10/18/22
9884350,apartmentgroup,apartmentgroup,242500-244500,forsale,9700,,,,,,,,,,,,,,,,1,10/18/22
9442461,apartmentgroup,apartmentgroup,243960-274875,forsale,6700,,,,,,,,,,,,,,,,1,10/18/22
10129231,apartmentgroup,apartmentgroup,244800-301300,forsale,1190,,,,,46,,,,,,,,,1,1,1,10/18/22
9943544,apartment,apartment,245000,forsale,1080,hyperequipped,1994,good,gas,142,2,,,true,,true,,,,,,10/18/22
8910704,apartmentgroup,apartmentgroup,245000-284000,forsale,2830,,,,,,,,,,,,,,,,1,10/18/22
9898985,apartmentgroup,apartmentgroup,245000-270000,forsale,6880,,,,,85,,,,,,,,,,,1,10/18/22
9218117,apartmentgroup,apartmentgroup,245000-599000,forsale,8900,,,,,,,,,,,,,,,,1,10/18/22
9406290,apartmentgroup,apartmentgroup,247500-445000,forsale,9120,,,,,,,,,,,,,,12,,1,10/18/22
8870433,apartment,apartment,249000,forsale,1200,installed,1969,good,gas,247,2,,,true,,true,,,,10,,10/18/22
10125493,apartment,apartment,249000,forsale,2660,installed,2019,asnew,gas,100,1,,,true,,true,,,1,,,10/18/22
9774248,apartmentgroup,apartmentgroup,249000-249000,forsale,4684,,,,,,,,,,,,,,,1,1,10/18/22
10129312,apartmentgroup,apartmentgroup,249000-399500,forsale,8380,,,,,,,,,,,,,,,,1,10/18/22
8937274,apartmentgroup,apartmentgroup,249000-395000,forsale,8600,,,,,,,,,,,,,,,,1,10/18/22
10117741,apartmentgroup,apartmentgroup,249000-359000,forsale,9420,,,,,,,,,,,,,,,,1,10/18/22
9805710,apartment,apartment,249000,forsale,9600,installed,2006,good,electric,185,2,,,true,,true,,,1,,,10/18/22
9964323,apartmentgroup,apartmentgroup,249500-789000,forsale,1420,,,,,,,,,,,,,,,,1,10/18/22
8673390,apartmentgroup,apartmentgroup,250000-365000,forsale,1000,,,,,,,,,,,,,,,37,1,10/18/22
10052086,apartmentgroup,apartmentgroup,250000-495000,forsale,1040,,,,,71,,,,,,,,,2,18,1,10/18/22
10085066,apartment,duplex,250000,forsale,1082,usahyperequipped,1950,good,gas,240,1,,,true,,,,,,,,10/18/22
9975955,apartment,apartment,250000,forsale,1400,semiequipped,1992,asnew,electric,301,2,,,true,,true,,,,,,10/18/22
10104919,apartment,apartment,250000,forsale,8660,hyperequipped,2008,asnew,electric,183,1,,,true,,true,,,,,,10/18/22
10045220,apartmentgroup,apartmentgroup,250500-531500,forsale,1160,,,,,15,,,,,,,,,,,1,10/18/22
9956213,apartmentgroup,apartmentgroup,250500-531500,forsale,1160,,,,,,,,,,,,,,,1,1,10/18/22
9605994,apartmentgroup,apartmentgroup,250500-531500,forsale,1160,,,,,42,,,,,,,,,1,30,1,10/18/22
8990722,apartmentgroup,apartmentgroup,250955-480414,forsale,3840,,,,,,,,,,,,,,,,1,10/18/22
10158182,house,house,240000,forsale,5300,installed,,justrenovated,fueloil,299,2,300,true,true,,true,true,,1,2,,10/18/22
9625357,house,house,131000,forsale,2550,notinstalled,1930,,gas,371,3,1664,,true,1100,true,,,1,,,10/18/22
10158172,apartment,apartment,260000,forsale,8870,installed,2020,good,gas,47,2,,,,,true,,,,,,10/18/22
10158154,house,house,290000,forsale,7900,installed,2021,,gas,,3,515,true,,,,,,,2,1,10/18/22
10158153,house,bungalow,445000,forsale,1410,hyperequipped,1973,good,electric,555,2,681,true,,500,true,,,2,3,,10/18/22
10158149,apartment,flatstudio,59000,forsale,4000,notinstalled,,tobedoneup,,251,1,,,,,,,,,,,10/18/22
9641565,house,house,184000,forsale,2550,,,good,gas,,5,155,,true,,true,,,,1,,10/18/22
10121293,house,house,275000,forsale,1420,,,torenovate,fueloil,515,2,207,,,100,,true,,,,,10/18/22
9900387,apartmentgroup,apartmentgroup,251000-562000,forsale,1140,,,,,,,,,,,,,,,,1,10/18/22
9996407,apartmentgroup,apartmentgroup,251619-416141,forsale,8810,,,,,45,,,,,,,,,,,1,10/18/22
9947967,apartmentgroup,apartmentgroup,253200-330000,forsale,8370,,,,,,,,,,,,,,,,1,10/18/22
10099456,apartmentgroup,apartmentgroup,254000-347000,forsale,1000,,,,,44,,,,,,,,,,43,1,10/18/22
9281516,apartmentgroup,apartmentgroup,254000-759000,forsale,1160,,,,,,,,,,,,,,,,1,10/18/22
9928806,apartment,apartment,255000,forsale,1140,hyperequipped,1962,good,gas,813,2,,,true,,true,true,,1,,,10/18/22
10034103,apartment,apartment,255000,forsale,1200,notinstalled,1974,tobedoneup,gas,118,2,,,true,,true,,,,,,10/18/22
9963423,apartmentgroup,apartmentgroup,255000-599500,forsale,1420,,,,,,,,,,,,,,,,1,10/18/22
8993206,apartmentgroup,apartmentgroup,255000-265000,forsale,8790,,,,,,,,,,,,,,,,1,10/18/22
9804263,apartmentgroup,apartmentgroup,255400-349900,forsale,2980,,,,,,,,,,,,,,,,1,10/18/22
10129360,apartmentgroup,apartmentgroup,257500-315000,forsale,8380,,,,,,,,,,,,,,,,1,10/18/22
10031363,apartmentgroup,apartmentgroup,257500-280000,forsale,9120,,,,,,,,,,,,,,,,1,10/18/22
10129060,apartmentgroup,apartmentgroup,258000-348000,forsale,3270,,,,,,,,,,,,,,,,1,10/18/22
10091079,apartment,duplex,259000,forsale,1070,notinstalled,1930,good,gas,280,2,,true,,,,,,,,,10/18/22
10099839,apartment,apartment,259000,forsale,4340,installed,2008,good,gas,193,2,,,true,,true,,,,1,,10/18/22
10105567,apartmentgroup,apartmentgroup,259500-439500,forsale,1420,,,,,93,,,,,,,,,123,123,1,10/18/22
9963401,apartmentgroup,apartmentgroup,259500-419500,forsale,1420,,,,,,,,,,,,,,,,1,10/18/22
9948525,apartmentgroup,apartmentgroup,259500-319500,forsale,2590,,,,,,,,,,,,,,,,1,10/18/22
10110446,apartment,apartment,259500,forsale,4480,installed,2016,good,gas,130,2,,,true,,true,,,1,,,10/18/22
8679173,apartmentgroup,apartmentgroup,259900-304900,forsale,1500,,,,,,,,,,,,,,,,1,10/18/22
10016841,apartment,apartment,260000,forsale,1020,hyperequipped,1972,good,gas,161,3,,,true,,true,,,1,,,10/18/22
9878261,apartmentgroup,apartmentgroup,260000-1375000,forsale,1180,,,,,55,,,,,,,,,36,,1,10/18/22
9832901,apartmentgroup,apartmentgroup,260000-445000,forsale,2275,,,,,,,,,,,,,,,,1,10/18/22
10008937,apartmentgroup,apartmentgroup,260000-260000,forsale,6220,,,,,74,,,,,,,,,,,1,10/18/22
9884349,apartmentgroup,apartmentgroup,260000-327000,forsale,9700,,,,,,,,,,,,,,,,1,10/18/22
9850023,apartmentgroup,apartmentgroup,262000-795000,forsale,1348,,,,,,,,,,,,,,245,,1,10/18/22
9523538,apartmentgroup,apartmentgroup,262467-349220,forsale,2400,,,,,,,,,,,,,,,,1,10/18/22
9286872,apartmentgroup,apartmentgroup,262500-277650,forsale,4300,,,,,,,,,,,,,,,,1,10/18/22
9947943,apartmentgroup,apartmentgroup,264000-426000,forsale,8370,,,,,,,,,,,,,,,,1,10/18/22
9531666,apartmentgroup,apartmentgroup,264500-287500,forsale,1500,,,,,1,,,,,,,,,1,,1,10/18/22
10158182,house,house,240000,forsale,5300,installed,,justrenovated,fueloil,299,2,300,true,true,,true,true,,1,2,,10/18/22
9625357,house,house,131000,forsale,2550,notinstalled,1930,,gas,371,3,1664,,true,1100,true,,,1,,,10/18/22
10158172,apartment,apartment,260000,forsale,8870,installed,2020,good,gas,47,2,,,,,true,,,,,,10/18/22
10158154,house,house,290000,forsale,7900,installed,2021,,gas,,3,515,true,,,,,,,2,1,10/18/22
10158153,house,bungalow,445000,forsale,1410,hyperequipped,1973,good,electric,555,2,681,true,,500,true,,,2,3,,10/18/22
10158149,apartment,flatstudio,59000,forsale,4000,notinstalled,,tobedoneup,,251,1,,,,,,,,,,,10/18/22
9641565,house,house,184000,forsale,2550,,,good,gas,,5,155,,true,,true,,,,1,,10/18/22
10121293,house,house,275000,forsale,1420,,,torenovate,fueloil,515,2,207,,,100,,true,,,,,10/18/22
8819492,apartmentgroup,apartmentgroup,264500-270000,forsale,6900,,,,,,,,,,,,,,33,22,1,10/18/22
10109799,apartmentgroup,apartmentgroup,265000-482000,forsale,1000,,,,,44,,,,,,,,,50,50,1,10/18/22
10107540,apartmentgroup,apartmentgroup,265000-482000,forsale,1000,,,,,,,,,,,,,,,,1,10/18/22
10097383,apartmentgroup,apartmentgroup,265000-400000,forsale,1000,,,,,50,,,,,,,,,,52,1,10/18/22
10077117,apartmentgroup,apartmentgroup,265000-400000,forsale,1000,,,,,,,,,,,,,,,,1,10/18/22
9628429,apartment,apartment,265000,forsale,1030,hyperequipped,1940,asnew,gas,197,1,,,true,,true,,,,,,10/18/22
8827250,apartment,apartment,265000,forsale,1030,semiequipped,1960,good,gas,177,2,,,true,,true,,,,,,10/18/22
9976637,apartment,apartment,265000,forsale,1090,hyperequipped,2001,good,electric,256,2,,,,,true,,,,,,10/18/22
10103521,apartment,apartment,265000,forsale,1140,usahyperequipped,1971,asnew,fueloil,119,2,,,true,,true,,,,,,10/18/22
10026773,apartment,apartment,265000,forsale,1160,installed,1965,good,gas,252,2,,,true,,true,,,,,,10/18/22
10115936,apartment,apartment,265000,forsale,1780,semiequipped,1989,good,gas,132,2,,,true,,true,,,,,,10/18/22
9910086,apartmentgroup,apartmentgroup,265000-279000,forsale,2230,,,,,,,,,,,,,,,,1,10/18/22
9256939,apartmentgroup,apartmentgroup,265000-325000,forsale,5100,,,,,85,,,,,,,,,,,1,10/18/22
8973258,apartmentgroup,apartmentgroup,265000-395000,forsale,8790,,,,,,,,,,,,,,,,1,10/18/22
9433245,apartmentgroup,apartmentgroup,266500-289500,forsale,5001,,,,,,,,,,,,,,30,3,1,10/18/22
10128083,apartmentgroup,apartmentgroup,267000-620000,forsale,1180,,,,,45,,,,,,,,,92,92,1,10/18/22
10059278,apartmentgroup,apartmentgroup,269000-329000,forsale,1300,,,,,93,,,,,,,,,12,12,1,10/18/22
9680582,apartmentgroup,apartmentgroup,269000-269000,forsale,2290,,,,,,,,,,,,,,,,1,10/18/22
10050268,apartment,apartment,269000,forsale,3000,semiequipped,1957,tobedoneup,gas,170,2,,,true,,true,,,,,,10/18/22
10039576,apartment,apartment,269000,forsale,4100,installed,2008,good,gas,198,3,,,true,,true,,,,,,10/18/22
8936168,apartmentgroup,apartmentgroup,269000-575000,forsale,7000,,,,,,,,,,,,,,53,,1,10/18/22
10102115,apartment,apartment,269000,forsale,8400,semiequipped,1966,good,gas,138,2,,,true,,true,,,,,,10/18/22
10105604,apartmentgroup,apartmentgroup,269500-599500,forsale,1420,,,,,93,,,,,,,,,123,123,1,10/18/22
9958900,apartment,apartment,270000,forsale,1200,installed,1971,tobedoneup,gas,208,2,,,true,,true,,,,,,10/18/22
10116564,apartment,apartment,270000,forsale,1370,installed,2010,asnew,gas,104,2,,,,,true,,,1,,,10/18/22
9463561,apartmentgroup,apartmentgroup,271500-271500,forsale,1755,,,,,,,,,,,,,,,,1,10/18/22
9017205,apartmentgroup,apartmentgroup,271600-415500,forsale,1300,,,,,,,,,,,,,,,,1,10/18/22
10077442,apartmentgroup,apartmentgroup,272000-347000,forsale,1000,,,,,,,,,,,,,,,,1,10/18/22
10014521,apartment,apartment,275000,forsale,1050,hyperequipped,1930,good,gas,391,2,,,true,,,,,,,,10/18/22
10045086,apartmentgroup,apartmentgroup,275000-360000,forsale,2800,,,,,,,,,,,,,,,,1,10/18/22
10158182,house,house,240000,forsale,5300,installed,,justrenovated,fueloil,299,2,300,true,true,,true,true,,1,2,,10/18/22
9625357,house,house,131000,forsale,2550,notinstalled,1930,,gas,371,3,1664,,true,1100,true,,,1,,,10/18/22
10158172,apartment,apartment,260000,forsale,8870,installed,2020,good,gas,47,2,,,,,true,,,,,,10/18/22
10158154,house,house,290000,forsale,7900,installed,2021,,gas,,3,515,true,,,,,,,2,1,10/18/22
10158153,house,bungalow,445000,forsale,1410,hyperequipped,1973,good,electric,555,2,681,true,,500,true,,,2,3,,10/18/22
10158149,apartment,flatstudio,59000,forsale,4000,notinstalled,,tobedoneup,,251,1,,,,,,,,,,,10/18/22
9641565,house,house,184000,forsale,2550,,,good,gas,,5,155,,true,,true,,,,1,,10/18/22
10121293,house,house,275000,forsale,1420,,,torenovate,fueloil,515,2,207,,,100,,true,,,,,10/18/22
10108179,apartment,duplex,275000,forsale,2890,installed,2007,good,gas,118,3,,,,,true,,,1,,,10/18/22
9947949,apartmentgroup,apartmentgroup,276000-990000,forsale,8370,,,,,,,,,,,,,,,,1,10/18/22
10067898,apartmentgroup,apartmentgroup,279488-279488,forsale,2200,,,,,,,,,,,,,,,,1,10/18/22
9953125,apartmentgroup,apartmentgroup,279500-334500,forsale,1831,,,,,,,,,,,,,,,,1,10/18/22
9215912,apartmentgroup,apartmentgroup,279500-335500,forsale,8790,,,,,,,,,,,,,,,,1,10/18/22
10109850,apartmentgroup,apartmentgroup,280000-707000,forsale,1000,,,,,44,,,,,,,,,50,50,1,10/18/22
10107335,apartmentgroup,apartmentgroup,280000-442000,forsale,1000,,,,,,,,,,,,,,,,1,10/18/22
9973024,apartment,apartment,280000,forsale,1080,hyperequipped,1965,good,gas,159,3,,,true,,true,,,,,,10/18/22
10039728,apartmentgroup,apartmentgroup,280000-312500,forsale,2500,,,,,,,,,,,,,,,,1,10/18/22
9250792,apartmentgroup,apartmentgroup,280000-735000,forsale,8210,,,,,,,,,,,,,,,,1,10/18/22
9485174,apartmentgroup,apartmentgroup,280000-1650000,forsale,8400,,,,,,,,,,,,,,,,1,10/18/22
10050580,apartmentgroup,apartmentgroup,284000-494000,forsale,9000,,,,,,,,,,,,,,,,1,10/18/22
10035026,apartmentgroup,apartmentgroup,284000-494000,forsale,9052,,,,,,,,,,,,,,,,1,10/18/22
10127081,apartmentgroup,apartmentgroup,284500-555000,forsale,8380,,,,,,,,,,,,,,,,1,10/18/22
10028270,apartment,apartment,285000,forsale,1030,hyperequipped,1958,good,gas,215,2,,,true,,true,,,,,,10/18/22
9925383,apartment,apartment,285000,forsale,1200,installed,1956,asnew,gas,473,2,,,,,true,,,,,,10/18/22
9509955,apartmentgroup,apartmentgroup,285000-695000,forsale,1340,,,,,,,,,,,,,,,,1,10/18/22
9750211,apartmentgroup,apartmentgroup,285000-295000,forsale,2400,,,,,,,,,,,,,,,,1,10/18/22
10022778,apartment,apartment,285000,forsale,5030,usahyperequipped,2016,asnew,gas,85,2,,,true,,true,,,,2,,10/18/22
10072178,apartmentgroup,apartmentgroup,287000-399000,forsale,2890,,,,,,,,,,,,,,,,1,10/18/22
10129823,apartment,apartment,289000,forsale,1000,installed,2016,good,gas,60,1,,,,,,,,,,,10/18/22
10079146,apartmentgroup,apartmentgroup,289000-559000,forsale,1090,,,,,36.68,,,,,,,,,10,10,1,10/18/22
9581766,apartmentgroup,apartmentgroup,289000-425000,forsale,2018,,,,,,,,,,,,,,,,1,10/18/22
9973477,apartment,apartment,289000,forsale,4680,hyperequipped,2012,asnew,gas,77,1,,,true,,true,,,,1,,10/18/22
10116178,apartment,apartment,289000,forsale,8370,installed,1986,good,electric,571,2,,,true,,,,,,,,10/18/22
10074890,apartmentgroup,apartmentgroup,289500-299500,forsale,8210,,,,,,,,,,,,,,,,1,10/18/22
10109988,apartment,apartment,290000,forsale,6700,installed,2004,asnew,gas,143,2,,,,,true,,,,1,,10/18/22
9634431,apartmentgroup,apartmentgroup,290700-556290,forsale,3128,,,,,,,,,,,,,,,,1,10/18/22
9312613,apartmentgroup,apartmentgroup,291793-351612,forsale,1400,,,,,,,,,,,,,,,,1,10/18/22
10158182,house,house,240000,forsale,5300,installed,,justrenovated,fueloil,299,2,300,true,true,,true,true,,1,2,,10/18/22
9625357,house,house,131000,forsale,2550,notinstalled,1930,,gas,371,3,1664,,true,1100,true,,,1,,,10/18/22
10158172,apartment,apartment,260000,forsale,8870,installed,2020,good,gas,47,2,,,,,true,,,,,,10/18/22
10158154,house,house,290000,forsale,7900,installed,2021,,gas,,3,515,true,,,,,,,2,1,10/18/22
10158153,house,bungalow,445000,forsale,1410,hyperequipped,1973,good,electric,555,2,681,true,,500,true,,,2,3,,10/18/22
10158149,apartment,flatstudio,59000,forsale,4000,notinstalled,,tobedoneup,,251,1,,,,,,,,,,,10/18/22
9641565,house,house,184000,forsale,2550,,,good,gas,,5,155,,true,,true,,,,1,,10/18/22
10121293,house,house,275000,forsale,1420,,,torenovate,fueloil,515,2,207,,,100,,true,,,,,10/18/22
10107514,apartmentgroup,apartmentgroup,292000-390000,forsale,1000,,,,,44,,,,,,,,,,,1,10/18/22
10109899,apartmentgroup,apartmentgroup,293000-745000,forsale,1000,,,,,44,,,,,,,,,50,50,1,10/18/22
10107926,apartmentgroup,apartmentgroup,293000-745000,forsale,1000,,,,,,,,,,,,,,,,1,10/18/22
10093534,apartmentgroup,apartmentgroup,294500-789000,forsale,1420,,,,,93,,,,,,,,,123,123,1,10/18/22
10113565,apartment,apartment,295000,forsale,1000,installed,1930,good,gas,288,1,,,,,true,,,,,,10/18/22
9999280,apartment,apartment,295000,forsale,1000,usainstalled,1903,asnew,gas,357,2,,,true,,true,,,,,,10/18/22
10122494,apartment,apartment,295000,forsale,1020,usahyperequipped,1954,justrenovated,gas,127,2,,,true,25,true,,,,,,10/18/22
9355651,apartment,apartment,295000,forsale,1030,semiequipped,1960,asnew,fueloil,412,2,,,true,,true,,,,10,,10/18/22
10051183,apartmentgroup,apartmentgroup,295000-1068000,forsale,1050,,,,,46,,,,,,,,,1,1,1,10/18/22
9969545,apartment,apartment,295000,forsale,1050,installed,1959,good,gas,186,1,,,true,,true,,,,,,10/18/22
9960429,apartment,apartment,295000,forsale,1200,usainstalled,2000,good,gas,135,1,,,true,,true,,,1,1,,10/18/22
10123690,apartmentgroup,apartmentgroup,295000-945000,forsale,1300,,,,,,,,,,,,,,,,1,10/18/22
10123681,apartmentgroup,apartmentgroup,295000-945000,forsale,1301,,,,,,,,,,,,,,,,1,10/18/22
9754064,apartmentgroup,apartmentgroup,295000-315000,forsale,1340,,,,,,,,,,,,,,,,1,10/18/22
9733115,apartmentgroup,apartmentgroup,295000-315000,forsale,1490,,,,,,,,,,,,,,,,1,10/18/22
9993344,apartment,loft,295000,forsale,4800,installed,2012,asnew,gas,84,3,,,true,,true,,,,2,,10/18/22
9383557,apartmentgroup,apartmentgroup,295000-347500,forsale,8370,,,,,,,,,,,,,,1,,1,10/18/22
10101692,apartment,apartment,295000,forsale,9120,installed,1997,good,electric,246,2,,,,,true,,,1,1,,10/18/22
10097618,apartmentgroup,apartmentgroup,299000-640000,forsale,1000,,,,,,,,,,,,,,,31,1,10/18/22
10084275,apartment,penthouse,299000,forsale,1000,usainstalled,2012,asnew,gas,227,2,,,true,,true,,,,1,,10/18/22
10007497,apartmentgroup,apartmentgroup,299000-640000,forsale,1000,,,,,150,,,,,,,,,,31,1,10/18/22
9341361,apartmentgroup,apartmentgroup,299000-640000,forsale,1000,,,,,,,,,,,,,,,,1,10/18/22
9605695,apartment,apartment,299000,forsale,1020,semiequipped,1958,tobedoneup,fueloil,340,3,,,true,,true,,,1,1,,10/18/22
10077863,apartment,penthouse,299000,forsale,1080,usainstalled,2012,asnew,gas,227,2,,,true,,true,,,,1,,10/18/22
10057450,apartment,apartment,299000,forsale,1140,installed,1993,good,gas,152,3,,,true,,true,true,,,,,10/18/22
9910073,apartment,apartment,299000,forsale,1200,usahyperequipped,1957,good,gas,290,2,,,true,,true,,,,,,10/18/22
10076019,apartment,duplex,299000,forsale,1300,usahyperequipped,2008,asnew,gas,130,2,,,,,true,,,,2,,10/18/22
9920515,apartment,duplex,299000,forsale,1332,installed,1970,good,gas,300,3,,,true,,true,true,,1,,,10/18/22
10115935,apartment,apartment,299000,forsale,1780,installed,1955,good,gas,175,2,,,true,,true,,,,,,10/18/22
9948543,apartmentgroup,apartmentgroup,299000-374000,forsale,2800,,,,,,,,,,,,,,,,1,10/18/22
10158182,house,house,240000,forsale,5300,installed,,justrenovated,fueloil,299,2,300,true,true,,true,true,,1,2,,10/18/22
9625357,house,house,131000,forsale,2550,notinstalled,1930,,gas,371,3,1664,,true,1100,true,,,1,,,10/18/22
10158172,apartment,apartment,260000,forsale,8870,installed,2020,good,gas,47,2,,,,,true,,,,,,10/18/22
10158154,house,house,290000,forsale,7900,installed,2021,,gas,,3,515,true,,,,,,,2,1,10/18/22
10158153,house,bungalow,445000,forsale,1410,hyperequipped,1973,good,electric,555,2,681,true,,500,true,,,2,3,,10/18/22
10158149,apartment,flatstudio,59000,forsale,4000,notinstalled,,tobedoneup,,251,1,,,,,,,,,,,10/18/22
9641565,house,house,184000,forsale,2550,,,good,gas,,5,155,,true,,true,,,,1,,10/18/22
10121293,house,house,275000,forsale,1420,,,torenovate,fueloil,515,2,207,,,100,,true,,,,,10/18/22
10104899,apartment,duplex,299000,forsale,3300,installed,1994,good,electric,390,3,,,,,,,,,,,10/18/22
9271070,apartmentgroup,apartmentgroup,299000-299000,forsale,8200,,,,,,,,,,,,,,,,1,10/18/22
9798034,apartment,apartment,300000,forsale,1332,installed,2002,asnew,gas,121,2,,,true,,true,,,1,,,10/18/22
10118010,apartmentgroup,apartmentgroup,303000-442000,forsale,3020,,,,,30,,,,,,,,,,,1,10/18/22
9208981,apartmentgroup,apartmentgroup,303500-369500,forsale,8000,,,,,30,,,,,,,,,,,1,10/18/22
10076327,apartmentgroup,apartmentgroup,305000-380000,forsale,3118,,,,,,,,,,,,,,,,1,10/18/22
10097354,apartmentgroup,apartmentgroup,306000-348000,forsale,1000,,,,,45,,,,,,,,,23,23,1,10/18/22
10077440,apartmentgroup,apartmentgroup,306000-348000,forsale,1000,,,,,,,,,,,,,,,,1,10/18/22
10014071,apartmentgroup,apartmentgroup,306000-348000,forsale,1000,,,,,45,,,,,,,,,23,23,1,10/18/22
10110971,apartmentgroup,apartmentgroup,307000-390000,forsale,1000,,,,,,,,,,,,,,,,1,10/18/22
10080418,apartmentgroup,apartmentgroup,309000-799000,forsale,1050,,,,,45,,,,,,,,,1,1,1,10/18/22
10066996,apartmentgroup,apartmentgroup,309000-799000,forsale,1160,,,,,45,,,,,,,,,1,1,1,10/18/22
10067537,apartmentgroup,apartmentgroup,310000-390000,forsale,2800,,,,,,,,,,,,,,,,1,10/18/22
8911492,apartmentgroup,apartmentgroup,310500-377000,forsale,9255,,,,,,,,,,,,,,,,1,10/18/22
9984336,apartmentgroup,apartmentgroup,314000-536000,forsale,2980,,,,,,,,,,,,,,,,1,10/18/22
10096544,apartment,apartment,315000,forsale,1050,hyperequipped,1960,tobedoneup,gas,227,2,,,true,,true,,,,,,10/18/22
9670595,apartmentgroup,apartmentgroup,315000-395000,forsale,8790,,,,,,,,,,,,,,,,1,10/18/22
10117720,apartmentgroup,apartmentgroup,316405-478741,forsale,9340,,,,,,,,,,,,,,,,1,10/18/22
9803834,apartmentgroup,apartmentgroup,318500-567200,forsale,1410,,,,,70,,,,,,,,,27,27,1,10/18/22
9130415,apartmentgroup,apartmentgroup,318500-365000,forsale,8490,,,,,,,,,,,,,,,,1,10/18/22
9392058,apartmentgroup,apartmentgroup,318500-318500,forsale,8820,,,,,,,,,,,,,,,,1,10/18/22
9673139,apartmentgroup,apartmentgroup,319000-319000,forsale,2160,,,,,,,,,,,,,,,,1,10/18/22
10117650,apartment,apartment,319500,forsale,9320,installed,2014,asnew,gas,100,3,,,,,true,,,2,1,,10/18/22
10007670,apartment,apartment,320000,forsale,1200,installed,1972,asnew,gas,285,1,,,,,true,,,,,,10/18/22
10112178,apartmentgroup,apartmentgroup,325000-599000,forsale,1030,,,,,50,,,,,,,,,15,15,1,10/18/22
9849671,apartment,apartment,325000,forsale,1200,usainstalled,2008,asnew,gas,151,2,,,true,,true,,,,1,,10/18/22
10093107,apartment,duplex,325000,forsale,1930,hyperequipped,2014,asnew,gas,106,2,,,true,,true,,,12,1,,10/18/22
9867111,apartmentgroup,apartmentgroup,325000-425000,forsale,9810,,,,,,,,,,,,,,41,,1,10/18/22
10113017,apartmentgroup,apartmentgroup,328202-412741,forsale,2870,,,,,,,,,,,,,,,,1,10/18/22
9284472,apartment,apartment,329000,forsale,1000,installed,1968,tobedoneup,gas,220,2,,,true,,,,,,1,,10/18/22
10158182,house,house,240000,forsale,5300,installed,,justrenovated,fueloil,299,2,300,true,true,,true,true,,1,2,,10/18/22
9625357,house,house,131000,forsale,2550,notinstalled,1930,,gas,371,3,1664,,true,1100,true,,,1,,,10/18/22
10158172,apartment,apartment,260000,forsale,8870,installed,2020,good,gas,47,2,,,,,true,,,,,,10/18/22
10158154,house,house,290000,forsale,7900,installed,2021,,gas,,3,515,true,,,,,,,2,1,10/18/22
10158153,house,bungalow,445000,forsale,1410,hyperequipped,1973,good,electric,555,2,681,true,,500,true,,,2,3,,10/18/22
10158149,apartment,flatstudio,59000,forsale,4000,notinstalled,,tobedoneup,,251,1,,,,,,,,,,,10/18/22
9641565,house,house,184000,forsale,2550,,,good,gas,,5,155,,true,,true,,,,1,,10/18/22
10121293,house,house,275000,forsale,1420,,,torenovate,fueloil,515,2,207,,,100,,true,,,,,10/18/22
10126863,apartment,apartment,329000,forsale,1030,installed,1961,good,fueloil,269,2,,,true,,true,,,,,,10/18/22
10088365,apartment,apartment,329000,forsale,1200,usahyperequipped,2013,good,gas,103,2,,,true,,true,,,,1,,10/18/22
10023120,apartment,apartment,329000,forsale,1861,installed,2015,good,gas,99,2,,,true,,true,,,1,,,10/18/22
10025992,apartment,apartment,335000,forsale,1050,installed,1935,asnew,gas,248,1,,,true,,true,,,,,,10/18/22
9982526,apartment,apartment,335000,forsale,1180,installed,1953,good,fueloil,223,2,,,true,,true,,,1,,,10/18/22
10028649,apartmentgroup,apartmentgroup,335000-335000,forsale,2460,,,,,,,,,,,,,,,,1,10/18/22
9407209,apartmentgroup,apartmentgroup,335000-335000,forsale,2830,,,,,,,,,,,,,,,,1,10/18/22
9829567,apartmentgroup,apartmentgroup,335000-407000,forsale,4052,,,,,,,,,,,,,,,,1,10/18/22
10123137,apartmentgroup,apartmentgroup,336616-409126,forsale,9750,,,,,,,,,,,,,,5,25,1,10/18/22
10064437,apartmentgroup,apartmentgroup,336616-409126,forsale,9770,,,,,,,,,,,,,,5,25,1,10/18/22
10007621,apartmentgroup,apartmentgroup,339000-416000,forsale,1140,,,,,40,,,,,,,,,90,90,1,10/18/22
9730691,apartment,apartment,339500,forsale,1020,semiequipped,1958,good,gas,315,3,,,true,,true,,,1,,,10/18/22
10129298,apartmentgroup,apartmentgroup,339500-349000,forsale,8380,,,,,,,,,,,,,,,,1,10/18/22
10048906,apartmentgroup,apartmentgroup,340000-560000,forsale,1000,,,,,45,,,,,,,,,1,1,1,10/18/22
10111394,apartment,apartment,340000,forsale,1030,hyperequipped,1991,asnew,gas,128,2,,,true,,true,,,1,,,10/18/22
9929996,apartmentgroup,apartmentgroup,340000-645000,forsale,1050,,,,,,,,,,,,,,,,1,10/18/22
9524106,apartment,duplex,340000,forsale,1190,semiequipped,1999,asnew,gas,273,3,,,,,true,,,1,1,,10/18/22
10066743,apartment,apartment,340000,forsale,1200,usahyperequipped,1964,justrenovated,gas,344,3,,,true,,true,,,1,,,10/18/22
9325281,apartmentgroup,apartmentgroup,340697.11-344179.46,forsale,2830,,,,,,,,,,,,,,,,1,10/18/22
10096003,apartment,apartment,345000,forsale,1030,hyperequipped,1950,tobedoneup,gas,275,2,,,true,,true,,,,,,10/18/22
10007570,apartmentgroup,apartmentgroup,345000-629000,forsale,1140,,,,,40,,,,,,,,,90,90,1,10/18/22
10102293,apartment,apartment,345000,forsale,1180,installed,1978,torenovate,gas,247,2,,,true,,true,,,,1,,10/18/22
9830342,apartment,apartment,345000,forsale,1200,usahyperequipped,1965,asnew,gas,181,2,,,true,,true,,,1,5,,10/18/22
9793445,apartment,apartment,345000,forsale,1200,hyperequipped,1964,asnew,gas,417,2,,,true,,,,,,10,,10/18/22
9301064,apartment,apartment,345000,forsale,1200,usahyperequipped,1965,asnew,gas,321,3,,,true,,true,,,1,1,,10/18/22
10129326,apartmentgroup,apartmentgroup,345000-395000,forsale,8380,,,,,,,,,,,,,,,,1,10/18/22
9839376,apartmentgroup,apartmentgroup,345750-462500,forsale,2960,,,,,,,,,,,,,,,,1,10/18/22
10041585,apartmentgroup,apartmentgroup,347000-347000,forsale,1000,,,,,50,,,,,,,,,,52,1,10/18/22
10074579,apartment,apartment,349000,forsale,1030,semiequipped,1973,tobedoneup,gas,51,3,,,,,true,,,,,,10/18/22
9581774,apartmentgroup,apartmentgroup,349000-349000,forsale,2018,,,,,,,,,,,,,,,,1,10/18/22
10158182,house,house,240000,forsale,5300,installed,,justrenovated,fueloil,299,2,300,true,true,,true,true,,1,2,,10/18/22
9625357,house,house,131000,forsale,2550,notinstalled,1930,,gas,371,3,1664,,true,1100,true,,,1,,,10/18/22
10158172,apartment,apartment,260000,forsale,8870,installed,2020,good,gas,47,2,,,,,true,,,,,,10/18/22
10158154,house,house,290000,forsale,7900,installed,2021,,gas,,3,515,true,,,,,,,2,1,10/18/22
10158153,house,bungalow,445000,forsale,1410,hyperequipped,1973,good,electric,555,2,681,true,,500,true,,,2,3,,10/18/22
10158149,apartment,flatstudio,59000,forsale,4000,notinstalled,,tobedoneup,,251,1,,,,,,,,,,,10/18/22
9641565,house,house,184000,forsale,2550,,,good,gas,,5,155,,true,,true,,,,1,,10/18/22
10121293,house,house,275000,forsale,1420,,,torenovate,fueloil,515,2,207,,,100,,true,,,,,10/18/22
9474407,apartmentgroup,apartmentgroup,349000-349000,forsale,2300,,,,,,,,,,,,,,,,1,10/18/22
9819867,apartmentgroup,apartmentgroup,349000-349000,forsale,8310,,,,,30,,,,,,,,,,,1,10/18/22
9650026,apartment,duplex,349500,forsale,1030,usasemiequipped,1956,good,gas,648,2,,,true,,true,,,,,,10/18/22
10006227,apartment,apartment,350000,forsale,1040,usasemiequipped,2018,good,gas,179,2,,true,true,,,,,,,,10/18/22
10006379,apartment,apartment,350000,forsale,1150,installed,1979,tobedoneup,gas,304,2,,,,,true,,,,,,10/18/22
9380368,apartment,apartment,350000,forsale,1150,hyperequipped,1979,good,gas,209,2,,,true,,true,,,1,1,,10/18/22
10008839,apartment,apartment,350000,forsale,1180,usahyperequipped,1969,good,gas,181,2,,,true,,true,,,,,,10/18/22
10117733,apartmentgroup,apartmentgroup,354975-354975,forsale,9300,,,,,,,,,,,,,,,,1,10/18/22
10097594,apartmentgroup,apartmentgroup,355000-394000,forsale,1000,,,,,45,,,,,,,,,23,23,1,10/18/22
10077441,apartmentgroup,apartmentgroup,355000-394000,forsale,1000,,,,,,,,,,,,,,,,1,10/18/22
9258482,apartmentgroup,apartmentgroup,356401.01-356401.01,forsale,1700,,,,,1,,,,,,,,,,34,1,10/18/22
10115640,apartmentgroup,apartmentgroup,357000-440000,forsale,9052,,,,,,,,,,,,,,,,1,10/18/22
9375778,apartmentgroup,apartmentgroup,359000-875000,forsale,1000,,,,,,,,,,,,,,,,1,10/18/22
9968741,apartmentgroup,apartmentgroup,359000-679000,forsale,9000,,,,,47,,,,,,,,,,,1,10/18/22
9966171,apartmentgroup,apartmentgroup,359000-679000,forsale,9000,,,,,47,,,,,,,,,,,1,10/18/22
10117753,apartmentgroup,apartmentgroup,359000-410000,forsale,9340,,,,,,,,,,,,,,,,1,10/18/22
10073521,apartment,apartment,362000,forsale,1700,usahyperequipped,2016,asnew,gas,101,2,,,true,,true,,,2,,,10/18/22
9772936,apartmentgroup,apartmentgroup,363086-624234,forsale,8210,,,,,,,,,,,,,,,,1,10/18/22
9488210,apartmentgroup,apartmentgroup,363086-624234,forsale,8210,,,,,,,,,,,,,,,,1,10/18/22
10025308,apartment,duplex,364500,forsale,1030,usahyperequipped,1930,good,gas,353,3,,,true,,true,,,,1,,10/18/22
8557413,apartmentgroup,apartmentgroup,364500-1749299,forsale,9000,,,,,,,,,,,,,,,,1,10/18/22
9509971,apartmentgroup,apartmentgroup,365000-695000,forsale,1348,,,,,,,,,,,,,,,,1,10/18/22
10045078,apartmentgroup,apartmentgroup,365000-789000,forsale,2800,,,,,,,,,,,,,,,,1,10/18/22
9826135,apartmentgroup,apartmentgroup,365000-725000,forsale,3080,,,,,,,,,,,,,,17,122,1,10/18/22
8787670,apartmentgroup,apartmentgroup,365000-370000,forsale,8000,,,,,,,,,,,,,,,,1,10/18/22
10016130,apartmentgroup,apartmentgroup,365000-535000,forsale,8200,,,,,,,,,,,,,,,,1,10/18/22
8541987,apartmentgroup,apartmentgroup,367500-687500,forsale,1340,,,,,,,,,,,,,,,,1,10/18/22
9990350,apartmentgroup,apartmentgroup,369500-1439000,forsale,2600,,,,,,,,,,,,,,,,1,10/18/22
8916117,apartmentgroup,apartmentgroup,370000-385000,forsale,8000,,,,,,,,,,,,,,,,1,10/18/22
10158182,house,house,240000,forsale,5300,installed,,justrenovated,fueloil,299,2,300,true,true,,true,true,,1,2,,10/18/22
9625357,house,house,131000,forsale,2550,notinstalled,1930,,gas,371,3,1664,,true,1100,true,,,1,,,10/18/22
10158172,apartment,apartment,260000,forsale,8870,installed,2020,good,gas,47,2,,,,,true,,,,,,10/18/22
10158154,house,house,290000,forsale,7900,installed,2021,,gas,,3,515,true,,,,,,,2,1,10/18/22
10158153,house,bungalow,445000,forsale,1410,hyperequipped,1973,good,electric,555,2,681,true,,500,true,,,2,3,,10/18/22
10158149,apartment,flatstudio,59000,forsale,4000,notinstalled,,tobedoneup,,251,1,,,,,,,,,,,10/18/22
9641565,house,house,184000,forsale,2550,,,good,gas,,5,155,,true,,true,,,,1,,10/18/22
10121293,house,house,275000,forsale,1420,,,torenovate,fueloil,515,2,207,,,100,,true,,,,,10/18/22
8556707,apartmentgroup,apartmentgroup,372500-387500,forsale,1140,,,,,33,,,,,,,,,113,,1,10/18/22
9224164,apartmentgroup,apartmentgroup,374000-404500,forsale,1933,,,,,40,,,,,,,,,,,1,10/18/22
9759736,apartment,apartment,375000,forsale,1000,usainstalled,1900,asnew,gas,255,2,,,,,,,,,,,10/18/22
10099095,apartment,apartment,375000,forsale,1200,hyperequipped,1964,asnew,fueloil,206,2,,,,,true,,,1,,,10/18/22
9961889,apartment,apartment,375000,forsale,1200,usahyperequipped,1970,justrenovated,gas,584,2,,,,,true,,,1,,,10/18/22
10036002,apartmentgroup,apartmentgroup,375000-385000,forsale,1380,,,,,151,,,,,,,,,40,35,1,10/18/22
9671049,apartmentgroup,apartmentgroup,375000-375000,forsale,2930,,,,,,,,,,,,,,,,1,10/18/22
10014748,apartmentgroup,apartmentgroup,377000-377000,forsale,1435,,,,,93,,,,,,,,,1,,1,10/18/22
10122155,apartmentgroup,apartmentgroup,379500-619500,forsale,1933,,,,,,,,,,,,,,,,1,10/18/22
10117237,apartment,apartment,380000,forsale,1030,usahyperequipped,1973,asnew,gas,440,2,,,true,,true,,,,,,10/18/22
9988670,apartment,penthouse,380000,forsale,1200,installed,1964,good,fueloil,614,3,,,true,,true,,,1,,,10/18/22
9878723,apartment,triplex,383000,forsale,1831,usainstalled,1990,asnew,gas,184,5,,,,,,,,1,,,10/18/22
10045217,apartmentgroup,apartmentgroup,385000-385000,forsale,1050,,,,,,,,,,,,,,,,1,10/18/22
9599544,apartmentgroup,apartmentgroup,385000-385000,forsale,1050,,,,,,,,,,,,,,1,,1,10/18/22
10111110,apartment,apartment,385000,forsale,1150,hyperequipped,1963,good,gas,204,2,,,true,,true,,,,,,10/18/22
9502823,apartment,duplex,385000,forsale,1150,usahyperequipped,1970,asnew,gas,223,2,,,true,,,,,,,,10/18/22
9704619,apartmentgroup,apartmentgroup,385000-385000,forsale,1420,,,,,,,,,,,,,,36,66,1,10/18/22
9589547,apartment,apartment,385000,forsale,1840,semiequipped,1988,tobedoneup,gas,375,4,,,true,,true,,,4,,,10/18/22
9957267,apartment,apartment,385000,forsale,3000,semiequipped,1975,tobedoneup,gas,169,2,,,true,,true,,,,,,10/18/22
9828369,apartment,apartment,385000,forsale,8430,installed,1970,good,electric,296,3,,,,,,,,,,,10/18/22
10004989,apartmentgroup,apartmentgroup,385000-430000,forsale,9051,,,,,,,,,,,,,,15,,1,10/18/22
10021031,apartment,apartment,388000,forsale,2840,installed,2015,good,gas,67,2,,,,,true,,true,,,,10/18/22
9968742,apartmentgroup,apartmentgroup,389000-459000,forsale,9000,,,,,,,,,,,,,,,,1,10/18/22
9120769,apartmentgroup,apartmentgroup,389000-459000,forsale,9000,,,,,,,,,,,,,,,,1,10/18/22
10114503,apartmentgroup,apartmentgroup,390000-725000,forsale,1180,,,,,55,,,,,,,,,1,,1,10/18/22
9099087,apartmentgroup,apartmentgroup,394500-439500,forsale,9000,,,,,27.59,,,,,,,,,,,1,10/18/22
10097776,apartmentgroup,apartmentgroup,397500-397500,forsale,2220,,,,,,,,,,,,,,,,1,10/18/22
10125918,apartment,apartment,398000,forsale,1180,hyperequipped,1930,good,fueloil,299,3,,,true,,true,,,,,,10/18/22
10104552,apartment,apartment,399000,forsale,1000,hyperequipped,1950,good,fueloil,301,3,,,,,true,,,,,,10/18/22
10104551,apartment,apartment,399000,forsale,1040,hyperequipped,1950,good,fueloil,301,3,,,,,true,,,,,,10/18/22
10158182,house,house,240000,forsale,5300,installed,,justrenovated,fueloil,299,2,300,true,true,,true,true,,1,2,,10/18/22
9625357,house,house,131000,forsale,2550,notinstalled,1930,,gas,371,3,1664,,true,1100,true,,,1,,,10/18/22
10158172,apartment,apartment,260000,forsale,8870,installed,2020,good,gas,47,2,,,,,true,,,,,,10/18/22
10158154,house,house,290000,forsale,7900,installed,2021,,gas,,3,515,true,,,,,,,2,1,10/18/22
10158153,house,bungalow,445000,forsale,1410,hyperequipped,1973,good,electric,555,2,681,true,,500,true,,,2,3,,10/18/22
10158149,apartment,flatstudio,59000,forsale,4000,notinstalled,,tobedoneup,,251,1,,,,,,,,,,,10/18/22
9641565,house,house,184000,forsale,2550,,,good,gas,,5,155,,true,,true,,,,1,,10/18/22
10121293,house,house,275000,forsale,1420,,,torenovate,fueloil,515,2,207,,,100,,true,,,,,10/18/22
10082796,apartment,apartment,399000,forsale,1040,semiequipped,1960,torenovate,gas,221,3,,,true,,true,,,1,1,,10/18/22
10120401,apartment,duplex,399000,forsale,1050,usahyperequipped,1930,good,gas,346,2,,,true,,,true,,,,,10/18/22
9960129,apartment,apartment,399000,forsale,1050,installed,1970,good,gas,106,2,,,true,,true,,,,1,,10/18/22
10030535,apartment,penthouse,399000,forsale,1150,installed,1975,asnew,gas,340,2,,,true,,true,,,1,,,10/18/22
10112095,apartmentgroup,apartmentgroup,399000-1050000,forsale,1950,,,,,79,,,,,,,,,2,,1,10/18/22
9981116,apartment,apartment,400000,forsale,1050,usahyperequipped,2012,asnew,gas,126,1,,,true,,,,,100,,,10/18/22
9402246,apartment,apartment,415000,forsale,1050,hyperequipped,1950,asnew,fueloil,223,1,,,true,,true,,,,,,10/18/22
10033003,apartmentgroup,apartmentgroup,415000-665000,forsale,1180,,,,,45,,,,,,,,,1,,1,10/18/22
8662796,apartmentgroup,apartmentgroup,415000-499000,forsale,1500,,,,,,,,,,,,,,,,1,10/18/22
10106889,apartment,apartment,415000,forsale,2960,hyperequipped,2015,asnew,gas,112,2,,,,,true,,,1,,,10/18/22
10038046,apartment,apartment,415000,forsale,8620,installed,1972,asnew,fueloil,216,2,,,,,true,,,,,,10/18/22
10099807,apartment,apartment,419000,forsale,1040,hyperequipped,1936,good,fueloil,232,2,,,true,,true,true,,,,,10/18/22
9995823,apartment,loft,419000,forsale,4000,hyperequipped,1944,asnew,gas,205,3,,,true,,true,true,,,2,,10/18/22
9985902,apartment,apartment,420000,forsale,1180,installed,1980,good,gas,222,3,,,true,,true,,,,2,,10/18/22
9008956,apartmentgroup,apartmentgroup,424000-605000,forsale,9000,,,,,,,,,,,,,,,,1,10/18/22
9409685,apartment,apartment,424900,forsale,1040,hyperequipped,1950,good,gas,167,2,,,true,,true,,,,,,10/18/22
9409674,apartment,apartment,424900,forsale,1150,hyperequipped,1950,good,gas,167,2,,,true,,true,,,,,,10/18/22
10083851,apartmentgroup,apartmentgroup,425000-1795000,forsale,2018,,,,,,,,,,,,,,50,50,1,10/18/22
8967721,apartment,apartment,425000,forsale,4460,installed,1850,asnew,gas,256,4,,,,80000,true,,,,2,,10/18/22
9539476,apartmentgroup,apartmentgroup,425920-425920,forsale,1300,,,,,85,,,,,,,,,22,22,1,10/18/22
8940713,apartmentgroup,apartmentgroup,430000-430000,forsale,1500,,,,,42,,,,,,,,,1,1,1,10/18/22
10071533,apartmentgroup,apartmentgroup,430000-637000,forsale,9000,,,,,,,,,,,,,,,,1,10/18/22
9622578,apartmentgroup,apartmentgroup,435000-1264000,forsale,1000,,,,,,,,,,,,,,1,8,1,10/18/22
9124113,apartment,apartment,439000,forsale,1000,usahyperequipped,1995,asnew,electric,340,2,,,true,,true,,,1,,,10/18/22
9940185,apartment,apartment,440000,forsale,1000,installed,1927,asnew,gas,201,2,,,true,,true,,,,,,10/18/22
10118494,apartment,apartment,440000,forsale,8370,installed,2003,good,gas,155,2,,,true,,true,,,,,,10/18/22
10118122,apartment,apartment,445000,forsale,1640,installed,2015,asnew,gas,70,3,,,true,,true,true,,1,,,10/18/22
10102919,apartment,apartment,445000,forsale,3001,installed,2013,good,gas,130,2,,,,,true,,,,,,10/18/22
10102913,apartment,duplex,445000,forsale,3001,installed,2013,good,gas,130,2,,,,,true,,,,,,10/18/22
10117749,apartmentgroup,apartmentgroup,445620-445620,forsale,9300,,,,,,,,,,,,,,,,1,10/18/22
10158182,house,house,240000,forsale,5300,installed,,justrenovated,fueloil,299,2,300,true,true,,true,true,,1,2,,10/18/22
9625357,house,house,131000,forsale,2550,notinstalled,1930,,gas,371,3,1664,,true,1100,true,,,1,,,10/18/22
10158172,apartment,apartment,260000,forsale,8870,installed,2020,good,gas,47,2,,,,,true,,,,,,10/18/22
10158154,house,house,290000,forsale,7900,installed,2021,,gas,,3,515,true,,,,,,,2,1,10/18/22
10158153,house,bungalow,445000,forsale,1410,hyperequipped,1973,good,electric,555,2,681,true,,500,true,,,2,3,,10/18/22
10158149,apartment,flatstudio,59000,forsale,4000,notinstalled,,tobedoneup,,251,1,,,,,,,,,,,10/18/22
9641565,house,house,184000,forsale,2550,,,good,gas,,5,155,,true,,true,,,,1,,10/18/22
10121293,house,house,275000,forsale,1420,,,torenovate,fueloil,515,2,207,,,100,,true,,,,,10/18/22
8623489,apartment,apartment,449000,forsale,1200,usahyperequipped,2001,asnew,gas,139,3,,,true,,true,,,1,1,,10/18/22
10006689,apartmentgroup,apartmentgroup,450000-575000,forsale,1000,,,,,120,,,,,,,,,,,1,10/18/22
9869837,apartment,apartment,450000,forsale,1000,hyperequipped,2015,asnew,gas,135,2,,,true,,true,,,1,1,,10/18/22
10047008,apartmentgroup,apartmentgroup,450000-450000,forsale,1130,,,,,82,,,,,,,,,21,21,1,10/18/22
9925386,apartment,apartment,450000,forsale,1190,usahyperequipped,1959,justrenovated,gas,176,4,,,,,true,,,,,,10/18/22
7703903,apartmentgroup,apartmentgroup,453880-520654,forsale,3000,,,,,,,,,,,,,,,,1,10/18/22
10031971,apartment,apartment,459000,forsale,2800,installed,2010,good,gas,139,2,,,,,true,,,1,,,10/18/22
10017351,apartment,apartment,465000,forsale,1160,hyperequipped,2018,asnew,gas,86,2,,,true,,true,,,,,,10/18/22
10034197,apartmentgroup,apartmentgroup,465000-607500,forsale,1180,,,,,96,,,,,,,,,36,,1,10/18/22
8312429,apartmentgroup,apartmentgroup,465000-607500,forsale,1180,,,,,79,,,,,,,,,36,5,1,10/18/22
10054453,apartmentgroup,apartmentgroup,474800-474800,forsale,8200,,,,,30,,,,,,,,,,,1,10/18/22
10007480,apartmentgroup,apartmentgroup,475000-475000,forsale,1140,,,,,75,,,,,,,,,21,21,1,10/18/22
10119989,apartment,apartment,475000,forsale,1410,usainstalled,2004,tobedoneup,gas,152,2,,,true,,true,true,,2,2,,10/18/22
10011753,apartment,apartment,480000,forsale,1000,usahyperequipped,2013,asnew,gas,73,2,,,true,,true,,,80,1,,10/18/22
10120621,apartment,apartment,490000,forsale,1150,hyperequipped,2007,asnew,gas,131,2,,,true,,true,,,,,,10/18/22
9792160,apartmentgroup,apartmentgroup,490000-660000,forsale,1470,,,,,74,,,,,,,,,,,1,10/18/22
9773540,apartmentgroup,apartmentgroup,490000-660000,forsale,1470,,,,,74,,,,,,,,,4,36,1,10/18/22
9979251,apartment,apartment,490000,forsale,9600,hyperequipped,2010,asnew,gas,250,3,,,,,true,,,,1,,10/18/22
10112055,apartmentgroup,apartmentgroup,495000-580000,forsale,1140,,,,,67,,,,,,,,,31,31,1,10/18/22
10050763,apartment,apartment,495000,forsale,1150,hyperequipped,1975,good,gas,141,3,,,true,,true,,,,,,10/18/22
9963867,apartment,apartment,495000,forsale,1150,hyperequipped,1975,good,gas,183,3,,,true,,true,,,,,,10/18/22
10011564,apartment,apartment,495000,forsale,1200,usahyperequipped,2008,asnew,gas,156,2,,,true,,true,,,,,,10/18/22
10050761,apartment,apartment,495000,forsale,1200,semiequipped,1958,good,fueloil,140,4,,,true,,true,true,,,,,10/18/22
9300510,apartmentgroup,apartmentgroup,511500-531500,forsale,1160,,,,,45,,,,,,,,,1,1,1,10/18/22
9542667,apartmentgroup,apartmentgroup,515000-540000,forsale,1000,,,,,42,,,,,,,,,1,1,1,10/18/22
9493153,apartmentgroup,apartmentgroup,515000-795000,forsale,1200,,,,,55,,,,,,,,,1,,1,10/18/22
10079612,apartment,apartment,535000,forsale,1180,installed,1958,asnew,gas,202,2,,,true,,true,,,1,,,10/18/22
10042649,apartmentgroup,apartmentgroup,539500-539500,forsale,1640,,,,,,,,,,,,,,,,1,10/18/22
10114633,apartment,apartment,545000,forsale,1180,installed,1973,asnew,gas,127,2,,,true,,true,,,,1,,10/18/22
10102349,apartment,penthouse,550000,forsale,1040,installed,1994,tobedoneup,gas,219,2,,,true,,true,,,,1,,10/18/22
10158182,house,house,240000,forsale,5300,installed,,justrenovated,fueloil,299,2,300,true,true,,true,true,,1,2,,10/18/22
9625357,house,house,131000,forsale,2550,notinstalled,1930,,gas,371,3,1664,,true,1100,true,,,1,,,10/18/22
10158172,apartment,apartment,260000,forsale,8870,installed,2020,good,gas,47,2,,,,,true,,,,,,10/18/22
10158154,house,house,290000,forsale,7900,installed,2021,,gas,,3,515,true,,,,,,,2,1,10/18/22
10158153,house,bungalow,445000,forsale,1410,hyperequipped,1973,good,electric,555,2,681,true,,500,true,,,2,3,,10/18/22
10158149,apartment,flatstudio,59000,forsale,4000,notinstalled,,tobedoneup,,251,1,,,,,,,,,,,10/18/22
9641565,house,house,184000,forsale,2550,,,good,gas,,5,155,,true,,true,,,,1,,10/18/22
10121293,house,house,275000,forsale,1420,,,torenovate,fueloil,515,2,207,,,100,,true,,,,,10/18/22
9495068,apartmentgroup,apartmentgroup,559000-799000,forsale,2000,,,,,,,,,,,,,,,,1,10/18/22
9979266,apartmentgroup,apartmentgroup,561357-1883621,forsale,3000,,,,,,,,,,,,,,,,1,10/18/22
8889382,apartmentgroup,apartmentgroup,564000-808000,forsale,1200,,,,,,,,,,,,,,,,1,10/18/22
6665614,apartmentgroup,apartmentgroup,567000-567000,forsale,8670,,,,,,,,,,,,,,,,1,10/18/22
9412523,apartmentgroup,apartmentgroup,567600-567600,forsale,2640,,,,,,,,,,,,,,,,1,10/18/22
9775419,apartment,apartment,570000,forsale,1060,hyperequipped,1912,justrenovated,gas,168,2,,,true,,,,,,,,10/18/22
9276260,apartmentgroup,apartmentgroup,585000-585000,forsale,1180,,,,,,,,,,,,,,,,1,10/18/22
9903552,apartmentgroup,apartmentgroup,589000-1395000,forsale,2000,,,,,,,,,,,,,,,,1,10/18/22
9724564,apartment,apartment,590000,forsale,1060,hyperequipped,1930,asnew,gas,190,3,,,true,,,,,,,,10/18/22
9184514,apartmentgroup,apartmentgroup,595000-1290000,forsale,1000,,,,,40,,,,,,,,,,,1,10/18/22
9965842,apartment,penthouse,599000,forsale,1200,installed,1976,good,electric,258,3,,,true,,true,true,,1,1,,10/18/22
10028576,apartmentgroup,apartmentgroup,615000-615000,forsale,1180,,,,,30,,,,,,,,,,,1,10/18/22
9929099,apartmentgroup,apartmentgroup,615000-660000,forsale,8300,,,,,,,,,,,,,,1,1,1,10/18/22
9489823,apartmentgroup,apartmentgroup,615000-660000,forsale,8300,,,,,,,,,,,,,,1,1,1,10/18/22
8928296,apartmentgroup,apartmentgroup,625000-625000,forsale,3018,,,,,,,,,,,,,,,,1,10/18/22
10107447,apartment,apartment,625000,forsale,9000,usahyperequipped,2009,asnew,gas,115,3,,,,650,true,,true,1,1,,10/18/22
9971597,apartment,loft,640000,forsale,9600,installed,1930,good,gas,259,4,,,,,true,,,2,,,10/18/22
9780470,apartmentgroup,apartmentgroup,642000-767000,forsale,2018,,,,,,,,,,,,,,,,1,10/18/22
10108577,apartment,apartment,655000,forsale,1040,usahyperequipped,1964,asnew,gas,117,3,,,true,,true,,,1,3,,10/18/22
10034181,apartmentgroup,apartmentgroup,657000-936000,forsale,1160,,,,,44,,,,,,,,,25,25,1,10/18/22
8846644,apartmentgroup,apartmentgroup,657000-657000,forsale,1160,,,,,55,,,,,,,,,13,1,1,10/18/22
9501407,apartmentgroup,apartmentgroup,660000-690000,forsale,1340,,,,,,,,,,,,,,,,1,10/18/22
9501646,apartmentgroup,apartmentgroup,660000-690000,forsale,1348,,,,,,,,,,,,,,,,1,10/18/22
10059021,apartmentgroup,apartmentgroup,679000-679000,forsale,1160,,,,,30,,,,,,,,,,,1,10/18/22
8944845,apartmentgroup,apartmentgroup,689000-2950000,forsale,1933,,,,,55,,,,,,,,,1,2,1,10/18/22
9997233,apartment,apartment,695000,forsale,1050,notinstalled,2022,asnew,gas,58,2,,,true,,true,,,1,,,10/18/22
9869343,apartment,apartment,695000,forsale,1050,hyperequipped,2022,asnew,gas,40,2,,,true,,true,,,1,,,10/18/22
10125926,apartment,apartment,695000,forsale,1060,hyperequipped,1874,asnew,gas,247,3,,,true,,,,,,,,10/18/22
10096527,apartment,penthouse,695000,forsale,1200,usahyperequipped,2017,asnew,gas,138,2,,,true,,true,,,1,2,,10/18/22
10112107,apartmentgroup,apartmentgroup,700000-700000,forsale,1200,,,,,75,,,,,,,,,1,,1,10/18/22
10158182,house,house,240000,forsale,5300,installed,,justrenovated,fueloil,299,2,300,true,true,,true,true,,1,2,,10/18/22
9625357,house,house,131000,forsale,2550,notinstalled,1930,,gas,371,3,1664,,true,1100,true,,,1,,,10/18/22
10158172,apartment,apartment,260000,forsale,8870,installed,2020,good,gas,47,2,,,,,true,,,,,,10/18/22
10158154,house,house,290000,forsale,7900,installed,2021,,gas,,3,515,true,,,,,,,2,1,10/18/22
10158153,house,bungalow,445000,forsale,1410,hyperequipped,1973,good,electric,555,2,681,true,,500,true,,,2,3,,10/18/22
10158149,apartment,flatstudio,59000,forsale,4000,notinstalled,,tobedoneup,,251,1,,,,,,,,,,,10/18/22
9641565,house,house,184000,forsale,2550,,,good,gas,,5,155,,true,,true,,,,1,,10/18/22
10121293,house,house,275000,forsale,1420,,,torenovate,fueloil,515,2,207,,,100,,true,,,,,10/18/22
9787931,apartment,apartment,715000,forsale,1180,installed,1997,asnew,gas,213,3,,,true,,,,true,1,,,10/18/22
10067620,apartment,apartment,745000,forsale,1200,hyperequipped,1930,asnew,fueloil,261,3,,,true,,,,,,,,10/18/22
9999357,apartmentgroup,apartmentgroup,750000-1150000,forsale,1200,,,,,151,,,,,,,,,,35,1,10/18/22
10101553,apartmentgroup,apartmentgroup,785000-785000,forsale,1000,,,,,45,,,,,,,,,1,8,1,10/18/22
10047235,apartmentgroup,apartmentgroup,785000-785000,forsale,1050,,,,,45,,,,,,,,,1,8,1,10/18/22
10020822,apartment,penthouse,795000,forsale,8300,usahyperequipped,1978,justrenovated,gas,336,2,,,true,,true,,,,,,10/18/22
10112936,apartment,apartment,825000,forsale,1150,semiequipped,1900,asnew,fueloil,455,4,,,,,true,,,,1,,10/18/22
9605006,apartmentgroup,apartmentgroup,839475-879637.5,forsale,2550,,,,,,,,,,,,,,,,1,10/18/22
10015355,apartment,penthouse,845000,forsale,1050,hyperequipped,2012,asnew,gas,132,3,,,true,,true,,,1,1,,10/18/22
10112099,apartmentgroup,apartmentgroup,850000-1150000,forsale,1040,,,,,151,,,,,,,,,35,35,1,10/18/22
9999295,apartmentgroup,apartmentgroup,850000-1150000,forsale,1040,,,,,151,,,,,,,,,,35,1,10/18/22
8736103,apartmentgroup,apartmentgroup,850000-1150000,forsale,1040,,,,,151,,,,,,,,,1,1,1,10/18/22
10099085,apartment,apartment,850000,forsale,1050,installed,1964,torenovate,gas,171,2,,,true,,true,,,,1,,10/18/22
10012573,apartment,duplex,850000,forsale,1050,installed,1947,torenovate,gas,201,3,,,true,,true,,,1,,,10/18/22
9999326,apartmentgroup,apartmentgroup,850000-1150000,forsale,1150,,,,,151,,,,,,,,,,35,1,10/18/22
9997139,apartment,apartment,868500,forsale,8300,hyperequipped,1988,asnew,electric,197,3,,,true,,true,,,1,,,10/18/22
10059631,apartmentgroup,apartmentgroup,890000-890000,forsale,1200,,,,,65,,,,,,,,,1,1,1,10/18/22
10054035,apartmentgroup,apartmentgroup,890000-890000,forsale,1200,,,,,96,,,,,,,,,50,50,1,10/18/22
9716996,apartment,duplex,895000,forsale,8300,usahyperequipped,2017,asnew,gas,92,3,,,true,,true,,,,,,10/18/22
10009171,apartment,apartment,899000,forsale,2900,hyperequipped,2011,asnew,gas,143,3,,,true,2770,true,true,true,4,5,,10/18/22
8848367,apartmentgroup,apartmentgroup,936000-936000,forsale,1160,,,,,41,,,,,,,,,11,1,1,10/18/22
9268617,apartmentgroup,apartmentgroup,940000-965000,forsale,1150,,,,,50,,,,,,,,,,,1,10/18/22
10059426,apartmentgroup,apartmentgroup,965000-965000,forsale,1150,,,,,63,,,,,,,,,50,50,1,10/18/22
9258019,apartmentgroup,apartmentgroup,965000-965000,forsale,1150,,,,,,,,,,,,,,,15,1,10/18/22
8946588,apartment,apartment,975000,forsale,1000,hyperequipped,2015,asnew,gas,144,2,,,true,,true,true,,,,,10/18/22
10033143,apartment,apartment,995000,forsale,1050,hyperequipped,1937,asnew,gas,162,4,,,true,,true,true,,1,,,10/18/22
10033083,apartment,apartment,995000,forsale,1050,hyperequipped,1937,asnew,gas,162,4,,,true,,true,true,,1,,,10/18/22
9977967,apartment,apartment,995000,forsale,1050,hyperequipped,1937,asnew,gas,162,4,,,true,,true,true,,1,,,10/18/22
9881900,apartment,apartment,1090000,forsale,1050,hyperequipped,1935,good,gas,229,3,,,true,,true,,,1,1,,10/18/22
9300827,apartmentgroup,apartmentgroup,1105000-1105000,forsale,9250,,,,,,,,,,,,,,,,1,10/18/22
10158182,house,house,240000,forsale,5300,installed,,justrenovated,fueloil,299,2,300,true,true,,true,true,,1,2,,10/18/22
9625357,house,house,131000,forsale,2550,notinstalled,1930,,gas,371,3,1664,,true,1100,true,,,1,,,10/18/22
10158172,apartment,apartment,260000,forsale,8870,installed,2020,good,gas,47,2,,,,,true,,,,,,10/18/22
10158154,house,house,290000,forsale,7900,installed,2021,,gas,,3,515,true,,,,,,,2,1,10/18/22
10158153,house,bungalow,445000,forsale,1410,hyperequipped,1973,good,electric,555,2,681,true,,500,true,,,2,3,,10/18/22
10158149,apartment,flatstudio,59000,forsale,4000,notinstalled,,tobedoneup,,251,1,,,,,,,,,,,10/18/22
9641565,house,house,184000,forsale,2550,,,good,gas,,5,155,,true,,true,,,,1,,10/18/22
10121293,house,house,275000,forsale,1420,,,torenovate,fueloil,515,2,207,,,100,,true,,,,,10/18/22
9996923,apartment,apartment,1125000,forsale,1050,hyperequipped,2010,asnew,gas,90,3,,,true,,true,,,1,,,10/18/22
9941048,apartmentgroup,apartmentgroup,1150000-1950000,forsale,1050,,,,,55,,,,,,,,,1,1,1,10/18/22
9204594,apartment,apartment,1195000,forsale,1050,hyperequipped,1949,asnew,gas,179,4,,,true,,true,true,,1,,,10/18/22
10103204,apartment,apartment,1250000,forsale,8300,installed,1958,good,fueloil,160,3,,,true,,true,,,1,1,,10/18/22
9547370,apartmentgroup,apartmentgroup,1295000-2850000,forsale,1050,,,,,,,,,,,,,,11,11,1,10/18/22
10054024,apartmentgroup,apartmentgroup,1350000-1350000,forsale,1180,,,,,75,,,,,,,,,16,16,1,10/18/22
8862685,apartmentgroup,apartmentgroup,1350000-1350000,forsale,1180,,,,,75,,,,,,,,,1,10,1,10/18/22
9217364,apartmentgroup,apartmentgroup,1350000-1350000,forsale,1180,,,,,65,,,,,,,,,1,1,1,10/18/22
9217358,apartmentgroup,apartmentgroup,1350000-1350000,forsale,1180,,,,,96,,,,,,,,,1,1,1,10/18/22
8655826,apartmentgroup,apartmentgroup,1537000-3324000,forsale,1000,,,,,,,,,,,,,,1,17,1,10/18/22
10059436,apartmentgroup,apartmentgroup,1537000-3324000,forsale,1050,,,,,63,,,,,,,,,1,1,1,10/18/22
9200665,apartmentgroup,apartmentgroup,1537000-3324000,forsale,1050,,,,,,,,,,,,,,,,1,10/18/22
9682851,apartmentgroup,apartmentgroup,1580000-2530000,forsale,1180,,,,,,,,,,,,,,,,1,10/18/22
9670173,apartmentgroup,apartmentgroup,1580000-2530000,forsale,1180,,,,,,,,,,,,,,5,5,1,10/18/22
9995749,apartment,duplex,1695000,forsale,8300,usahyperequipped,2013,asnew,gas,115,3,,,,,true,,,1,,,10/18/22
9565849,apartmentgroup,apartmentgroup,1900000-1900000,forsale,1050,,,,,80,,,,,,,,,,,1,10/18/22
9565842,apartmentgroup,apartmentgroup,1900000-1900000,forsale,1060,,,,,80,,,,,,,,,,,1,10/18/22
7438771,apartmentgroup,apartmentgroup,1950000-1950000,forsale,1000,,,,,65,,,,,,,,,1,1,1,10/18/22
10036078,apartment,apartment,2395000,forsale,8300,usahyperequipped,2004,asnew,gas,71,3,,,true,,true,,,,,,10/18/22
9933565,apartmentgroup,apartmentgroup,2780000-2780000,forsale,1180,,,,,,,,,,,,,,1,3,1,10/18/22
10148809,apartment,apartment,334750,forsale,2230,,2021,asnew,gas,,3,,,,,true,,,,,1,10/18/22
10148986,apartment,apartment,405000,forsale,1180,usahyperequipped,2022,asnew,,55,1,,,true,,,,,,1,1,10/18/22
10148989,apartment,apartment,425000,forsale,1180,usahyperequipped,2022,asnew,,55,1,,,true,,true,,,,1,1,10/18/22
10148985,apartment,apartment,635000,forsale,1180,usahyperequipped,2022,asnew,,55,2,,,true,,true,,,,1,1,10/18/22
10148984,apartment,penthouse,1375000,forsale,1180,usahyperequipped,2022,asnew,,55,3,,,true,,true,,,,1,1,10/18/22
10147222,apartment,flatstudio,99500,forsale,4300,,1975,asnew,fueloil,269,0,,,true,,,,,,,,10/18/22
10147511,apartment,apartment,210000,forsale,1800,semiequipped,,good,gas,691,2,,,true,,,,,,,,10/18/22
10147510,apartment,apartment,220000,forsale,1800,semiequipped,,good,gas,281,4,,,true,,true,,,,,,10/18/22
10136081,apartment,flatstudio,257500,forsale,1160,usahyperequipped,2022,asnew,,35,0,,,,,true,,,,,1,10/18/22
10147029,apartment,duplex,749500,forsale,8300,hyperequipped,1991,good,gas,235,2,,,,,true,,,,,,10/18/22
10158182,house,house,240000,forsale,5300,installed,,justrenovated,fueloil,299,2,300,true,true,,true,true,,1,2,,10/18/22
9625357,house,house,131000,forsale,2550,notinstalled,1930,,gas,371,3,1664,,true,1100,true,,,1,,,10/18/22
10158172,apartment,apartment,260000,forsale,8870,installed,2020,good,gas,47,2,,,,,true,,,,,,10/18/22
10158154,house,house,290000,forsale,7900,installed,2021,,gas,,3,515,true,,,,,,,2,1,10/18/22
10158153,house,bungalow,445000,forsale,1410,hyperequipped,1973,good,electric,555,2,681,true,,500,true,,,2,3,,10/18/22
10158149,apartment,flatstudio,59000,forsale,4000,notinstalled,,tobedoneup,,251,1,,,,,,,,,,,10/18/22
9641565,house,house,184000,forsale,2550,,,good,gas,,5,155,,true,,true,,,,1,,10/18/22
10121293,house,house,275000,forsale,1420,,,torenovate,fueloil,515,2,207,,,100,,true,,,,,10/18/22
10147031,apartment,apartment,1495000,forsale,8301,hyperequipped,1967,justrenovated,gas,244,3,,,true,,true,,,,,,10/18/22
10147892,apartment,apartment,1980000,forsale,1180,hyperequipped,2022,asnew,gas,46,3,,,true,,true,true,,2,,,10/18/22
10135499,apartment,flatstudio,78000,forsale,8500,semiequipped,1973,good,fueloil,232,0,,,,,,,,,,,10/18/22
10134895,apartment,apartment,285000,forsale,1140,installed,1979,good,gas,159,3,,,true,,true,,,1,,,10/18/22
10135293,apartment,apartment,295000,forsale,1060,semiequipped,1852,justrenovated,gas,155,1,,,,,,,,,,,10/18/22
10141047,apartment,apartment,329000,forsale,2230,hyperequipped,2021,asnew,gas,,2,,,,,true,,,,,1,10/18/22
10141043,apartment,apartment,363250,forsale,2230,hyperequipped,2021,asnew,gas,,3,,,,,true,,,,,1,10/18/22
10106009,apartment,apartment,150000,forsale,6800,notinstalled,2021,asnew,gas,115,1,,,true,,,,,,,1,10/18/22
9756957,apartment,apartment,285500,forsale,1500,usahyperequipped,2023,asnew,gas,40,2,,,,,true,,,1,1,1,10/18/22
10092490,apartment,duplex,395000,forsale,6700,hyperequipped,2020,asnew,,122,3,,,,,true,,,2,2,1,10/18/22
10157961,apartment,groundfloor,235000,forsale,1200,hyperequipped,1960,good,gas,343,1,,,true,,true,,,,,,10/18/22
10157963,apartment,groundfloor,395000,forsale,8300,usahyperequipped,1989,asnew,gas,358,2,,,,,true,,,,,,10/18/22
10157726,apartment,duplex,2990000,forsale,8300,hyperequipped,1994,asnew,gas,106,3,,,true,,true,,,,,,10/18/22
10143828,apartment,apartment,295000,forsale,8430,installed,1966,justrenovated,gas,227,2,,,,,,,,,,,10/18/22
10143702,apartment,apartment,380000,forsale,1150,installed,1990,good,gas,,2,,,,,true,,,,,,10/18/22
10133967,apartment,serviceflat,220000,forsale,9890,hyperequipped,2021,asnew,,68,1,,,,,true,,,,,1,10/18/22
10133966,apartment,serviceflat,220000,forsale,9890,hyperequipped,2021,asnew,,77,1,,,,,true,,,,,1,10/18/22
10133965,apartment,serviceflat,220000,forsale,9890,hyperequipped,2021,asnew,,68,1,,,,,true,,,,,1,10/18/22
10133964,apartment,serviceflat,220000,forsale,9890,hyperequipped,2021,asnew,,68,1,,,,,true,,,,,1,10/18/22
10133963,apartment,serviceflat,220000,forsale,9890,hyperequipped,2021,asnew,,72,1,,,,,true,,,,,1,10/18/22
10133962,apartment,serviceflat,220000,forsale,9890,hyperequipped,2021,asnew,,82,1,,,,,true,,,,,1,10/18/22
10133961,apartment,serviceflat,220000,forsale,9890,hyperequipped,2021,asnew,,83,1,,,,,true,,,,,1,10/18/22
10133960,apartment,serviceflat,220000,forsale,9890,hyperequipped,2021,asnew,,92,1,,,,,true,,,,,1,10/18/22
10146518,apartment,apartment,365000,forsale,1180,semiequipped,,asnew,gas,331,2,,,,3700,true,,,1,1,,10/18/22
10146449,apartment,apartment,550000,forsale,1180,hyperequipped,1992,asnew,gas,198,3,,,true,300,true,,,1,,,10/18/22
10133907,apartment,apartment,245000,forsale,1080,installed,1968,good,gas,154,2,,,,,true,,,1,,,10/18/22
10152762,apartment,apartment,1995000,forsale,1050,usahyperequipped,2018,asnew,,,4,,,true,,true,,,3,,1,10/18/22
10155173,apartment,apartment,149000,forsale,6724,semiequipped,,tobedoneup,electric,192,2,,,true,,,,,,,,10/18/22
10155108,apartment,apartment,215000,forsale,1080,semiequipped,1970,good,gas,149,2,,,true,,true,,,1,,,10/18/22
10156392,apartment,duplex,289000,forsale,1780,usasemiequipped,2006,asnew,gas,172,2,,,,,,true,,,1,,10/18/22
10158182,house,house,240000,forsale,5300,installed,,justrenovated,fueloil,299,2,300,true,true,,true,true,,1,2,,10/18/22
9625357,house,house,131000,forsale,2550,notinstalled,1930,,gas,371,3,1664,,true,1100,true,,,1,,,10/18/22
10158172,apartment,apartment,260000,forsale,8870,installed,2020,good,gas,47,2,,,,,true,,,,,,10/18/22
10158154,house,house,290000,forsale,7900,installed,2021,,gas,,3,515,true,,,,,,,2,1,10/18/22
10158153,house,bungalow,445000,forsale,1410,hyperequipped,1973,good,electric,555,2,681,true,,500,true,,,2,3,,10/18/22
10158149,apartment,flatstudio,59000,forsale,4000,notinstalled,,tobedoneup,,251,1,,,,,,,,,,,10/18/22
9641565,house,house,184000,forsale,2550,,,good,gas,,5,155,,true,,true,,,,1,,10/18/22
10121293,house,house,275000,forsale,1420,,,torenovate,fueloil,515,2,207,,,100,,true,,,,,10/18/22
10156275,apartment,groundfloor,325000,forsale,1140,usahyperequipped,2012,asnew,gas,119,2,,,true,,true,,,150,1,,10/18/22
10154536,apartment,apartment,450000,forsale,1050,hyperequipped,2003,asnew,gas,121,2,,,,,true,,,,,,10/18/22
10156452,apartment,apartment,635000,forsale,1000,installed,2013,,gas,109,3,,,true,,true,,,,,,10/18/22
10155666,apartment,groundfloor,675000,forsale,1180,usauninstalled,2021,asnew,gas,53,2,,,true,300,true,,,2,,,10/18/22
10156265,apartment,apartment,715000,forsale,8300,usahyperequipped,1999,asnew,gas,103,2,,,,,,,,,,,10/18/22
10154633,apartment,groundfloor,849000,forsale,1190,usahyperequipped,1927,justrenovated,gas,246,3,,,true,35,,,,1,1,,10/18/22
10141310,apartment,apartment,219000,forsale,1030,semiequipped,1931,good,gas,173,1,,,,,,true,,,,,10/18/22
10144879,apartment,flatstudio,149000,forsale,8400,installed,,good,gas,397,0,,,,,,,,,,,10/18/22
10145298,apartment,serviceflat,175000,forsale,9051,hyperequipped,1982,asnew,electric,160,2,,,true,,true,,true,1,1,,10/18/22
10145981,apartment,apartment,269000,forsale,2650,usainstalled,1959,,gas,200,2,,,true,,true,,,,,,10/18/22
10145273,apartment,apartment,675000,forsale,8300,hyperequipped,1958,asnew,gas,98,2,,,true,,,,,,,,10/18/22
10132378,apartment,apartment,165000,forsale,1140,,1983,tobedoneup,gas,417,1,,,true,,,,,,,,10/18/22
10132462,apartment,apartment,170000,forsale,1070,installed,1914,good,gas,353,1,,,,,true,,,,,,10/18/22
10132769,apartment,duplex,229000,forsale,1700,hyperequipped,1920,torestore,gas,499,4,,true,,,,,,,,,10/18/22
10132866,apartment,apartment,620000,forsale,1000,installed,1958,good,fueloil,134,3,,,true,,true,true,,,,,10/18/22
10132300,apartment,penthouse,885000,forsale,1200,hyperequipped,1990,asnew,gas,113,4,,,true,,true,true,,1,2,,10/18/22
10135278,apartment,apartment,279000,forsale,9000,installed,1939,good,gas,170,1,,,true,,true,,,,,,10/18/22
10135013,apartment,loft,355000,forsale,1600,usahyperequipped,1900,asnew,gas,80,1,,,,,true,,,,,,10/18/22
10157013,apartment,apartment,409126,forsale,9770,installed,2022,asnew,,,3,,,,,true,,,,,1,10/18/22
10151586,apartment,apartment,160000,forsale,4690,installed,2003,good,fueloil,195,3,,,,100,true,,,,1,,10/18/22
10151667,apartment,apartment,179000,forsale,1030,notinstalled,1960,torenovate,gas,160,1,,,true,,true,,,1,,,10/18/22
10154141,apartment,apartment,195000,forsale,4000,installed,,good,electric,243,2,,,true,,true,,,,,,10/18/22
10140554,apartment,apartment,322000,forsale,1160,usahyperequipped,2022,,gas,15,1,,,,,true,,,,,1,10/18/22
10032863,apartment,apartment,429000,forsale,1090,hyperequipped,2008,asnew,gas,121,3,,,,,true,,,,2,,10/18/22
10151689,apartment,apartment,495000,forsale,1050,hyperequipped,1953,asnew,fueloil,141,3,,,true,,true,true,,1,1,,10/18/22
10153524,apartment,triplex,720000,forsale,1180,hyperequipped,1948,tobedoneup,gas,176,4,,,true,40,true,,,,,,10/18/22
10103786,apartment,apartment,219900,forsale,6880,,2023,asnew,gas,110,2,,,true,,true,,,,32,1,10/18/22
10084881,apartment,apartment,264000,forsale,9890,hyperequipped,2021,asnew,gas,,1,,,,,true,,,1,1,1,10/18/22
10121648,apartment,apartment,275000,forsale,1090,hyperequipped,2022,asnew,gas,78,1,,,,,true,,,,,1,10/18/22
10109934,apartment,apartment,299000,forsale,1000,hyperequipped,2025,asnew,gas,44,1,,,true,,true,,,,,1,10/18/22
10158182,house,house,240000,forsale,5300,installed,,justrenovated,fueloil,299,2,300,true,true,,true,true,,1,2,,10/18/22
9625357,house,house,131000,forsale,2550,notinstalled,1930,,gas,371,3,1664,,true,1100,true,,,1,,,10/18/22
10158172,apartment,apartment,260000,forsale,8870,installed,2020,good,gas,47,2,,,,,true,,,,,,10/18/22
10158154,house,house,290000,forsale,7900,installed,2021,,gas,,3,515,true,,,,,,,2,1,10/18/22
10158153,house,bungalow,445000,forsale,1410,hyperequipped,1973,good,electric,555,2,681,true,,500,true,,,2,3,,10/18/22
10158149,apartment,flatstudio,59000,forsale,4000,notinstalled,,tobedoneup,,251,1,,,,,,,,,,,10/18/22
9641565,house,house,184000,forsale,2550,,,good,gas,,5,155,,true,,true,,,,1,,10/18/22
10121293,house,house,275000,forsale,1420,,,torenovate,fueloil,515,2,207,,,100,,true,,,,,10/18/22
9875463,apartment,apartment,320000,forsale,9800,hyperequipped,2022,asnew,gas,,2,,,,,true,,,,,1,10/18/22
10072059,apartment,apartment,365000,forsale,1410,usahyperequipped,2022,asnew,gas,93,2,,,,,true,,,1,1,1,10/18/22
10109512,apartment,apartment,370000,forsale,1180,usahyperequipped,2019,asnew,gas,70,1,,,,,true,,,1,,1,10/18/22
9890689,apartment,apartment,370000,forsale,1180,hyperequipped,2017,asnew,gas,63,1,,,,,true,,,,,1,10/18/22
10157964,apartment,apartment,299000,forsale,2050,hyperequipped,2011,asnew,,75,2,,,,,true,,,,,,10/18/22
10145283,apartment,apartment,369000,forsale,9051,hyperequipped,2024,asnew,gas,,2,,,,,true,,,,1,1,10/18/22
10145280,apartment,apartment,370000,forsale,9051,hyperequipped,2024,asnew,gas,,2,,,,,true,,,,1,1,10/18/22
10145284,apartment,apartment,398000,forsale,9051,hyperequipped,2024,asnew,gas,,2,,,,,true,,,,1,1,10/18/22
10145282,apartment,apartment,398000,forsale,9051,hyperequipped,2024,asnew,gas,,2,,,,,true,,,,1,1,10/18/22
10145279,apartment,apartment,459000,forsale,9051,hyperequipped,2024,asnew,gas,,2,,,,,true,,,,1,1,10/18/22
10065267,apartment,groundfloor,174000,forsale,4800,installed,1874,justrenovated,gas,246,2,,,true,,true,true,,,1,,10/18/22
10143013,apartment,apartment,183380,forsale,9800,installed,1968,tobedoneup,gas,94,2,,,true,,true,,,,,,10/18/22
10132397,apartment,penthouse,406000,forsale,1180,usahyperequipped,2023,asnew,,45,2,,,true,,true,,,,92,1,10/18/22
10132381,apartment,apartment,531500,forsale,1160,usahyperequipped,2023,asnew,,40,2,,,,,true,,,,1,1,10/18/22
10131170,apartment,apartment,199000,forsale,4040,,1998,good,gas,257,2,,,true,,,,,,1,,10/18/22
10131191,apartment,apartment,299500,forsale,2580,installed,2009,good,gas,82,2,,,true,,true,,,1,,,10/18/22
10131239,apartment,penthouse,480000,forsale,1000,usahyperequipped,2013,asnew,gas,180,2,,,,,true,,,50,1,,10/18/22
10130181,apartment,apartment,590000,forsale,1040,semiequipped,1912,good,fueloil,286,2,,,true,,true,,,,,,10/18/22
10108743,apartment,apartment,265000,forsale,1140,usainstalled,2021,,gas,32,1,,,true,,,,,,,1,10/18/22
10108742,apartment,apartment,283000,forsale,1140,usainstalled,2021,,gas,32,1,,,true,,,,,1,,1,10/18/22
10146907,apartment,apartment,415000,forsale,9051,usahyperequipped,2022,asnew,,,2,,,,,true,,,,1,1,10/18/22
10146905,apartment,apartment,415000,forsale,9051,usahyperequipped,2022,asnew,,,2,,,,,true,,,,1,1,10/18/22
10146908,apartment,apartment,430000,forsale,9051,usahyperequipped,2022,asnew,,,3,,,,,true,,,,1,1,10/18/22
10146906,apartment,apartment,430000,forsale,9051,usahyperequipped,2022,asnew,,,2,,,,,true,,,,1,1,10/18/22
10146904,apartment,penthouse,790000,forsale,9051,usahyperequipped,2022,asnew,,,3,,,,,true,,,,1,1,10/18/22
10152361,apartment,apartment,675000,forsale,1325,semiequipped,2021,,gas,65,3,,,,,true,,,,2,1,10/18/22
8867059,apartmentgroup,apartmentgroup,239500-267500,forsale,3590,,,,,,,,,,,,,,,,1,10/18/22
9419919,apartmentgroup,apartmentgroup,323400-324000,forsale,4557,,,,,,,,,,,,,,,,1,10/18/22
10036235,apartmentgroup,apartmentgroup,700000-700000,forsale,1200,,,,,45,,,,,,,,,1,1,1,10/18/22
10134120,apartment,groundfloor,369000,forsale,1000,usahyperequipped,2014,asnew,gas,226,2,,,true,,true,,,,1,,10/18/22
10158182,house,house,240000,forsale,5300,installed,,justrenovated,fueloil,299,2,300,true,true,,true,true,,1,2,,10/18/22
9625357,house,house,131000,forsale,2550,notinstalled,1930,,gas,371,3,1664,,true,1100,true,,,1,,,10/18/22
10158172,apartment,apartment,260000,forsale,8870,installed,2020,good,gas,47,2,,,,,true,,,,,,10/18/22
10158154,house,house,290000,forsale,7900,installed,2021,,gas,,3,515,true,,,,,,,2,1,10/18/22
10158153,house,bungalow,445000,forsale,1410,hyperequipped,1973,good,electric,555,2,681,true,,500,true,,,2,3,,10/18/22
10158149,apartment,flatstudio,59000,forsale,4000,notinstalled,,tobedoneup,,251,1,,,,,,,,,,,10/18/22
9641565,house,house,184000,forsale,2550,,,good,gas,,5,155,,true,,true,,,,1,,10/18/22
10121293,house,house,275000,forsale,1420,,,torenovate,fueloil,515,2,207,,,100,,true,,,,,10/18/22
10072797,apartment,penthouse,1590000,forsale,1050,installed,,good,gas,36,3,,,,,true,,,,,,10/18/22
10156798,apartment,apartment,135000,forsale,4020,installed,,tobedoneup,gas,255,2,,,true,,true,,,,,,10/18/22
10156818,apartment,apartment,225000,forsale,2850,semiequipped,2001,good,gas,114,2,,,,,,,,,,,10/18/22
10156041,apartment,apartment,1300000,forsale,1180,installed,1960,,gas,218,3,,,true,,true,,,,2,,10/18/22
10049044,apartment,apartment,210000,forsale,1083,notinstalled,1955,tobedoneup,,187,2,,,,,true,,,1,1,,10/18/22
10130967,apartment,apartment,322000,forsale,1160,usahyperequipped,2023,asnew,,45,1,,,,,true,,,,1,1,10/18/22
10142210,apartment,apartment,350000,forsale,1120,installed,1972,good,,194,3,,,,,true,,,1,1,,10/18/22
10130392,apartment,apartment,365000,forsale,9800,hyperequipped,2022,asnew,gas,1,2,,,true,,true,,,,1,1,10/18/22
10141258,apartment,apartment,950000,forsale,1030,usahyperequipped,1907,justrenovated,gas,266,4,,,true,60,true,true,,,,,10/18/22
10117545,apartment,flatstudio,74000,forsale,4000,,1976,good,electric,264,1,,,,,true,,,,,,10/18/22
10084768,apartment,apartment,139000,forsale,4500,semiequipped,1966,good,fueloil,255,1,,,true,,true,,,,,,10/18/22
10041263,apartment,apartment,140000,forsale,6790,semiequipped,1993,tobedoneup,fueloil,585,1,,,true,,,,,1,1,,10/18/22
9694744,apartment,apartment,145500,forsale,6810,installed,2019,asnew,gas,114,1,,,,,,,,,1,,10/18/22
9694742,apartment,apartment,145500,forsale,6810,installed,2019,asnew,gas,134,1,,,true,,,,,,1,,10/18/22
10103791,apartment,apartment,148000,forsale,4690,semiequipped,1973,good,fueloil,439,2,,,true,,true,,,,2,,10/18/22
9992810,apartment,apartment,160000,forsale,1140,notinstalled,1974,torenovate,fueloil,288,1,,,true,,true,,,,,,10/18/22
10019226,apartment,apartment,165000,forsale,4300,,1991,asnew,electric,404,2,,,true,,,,,,,,10/18/22
9847967,apartment,apartment,169000,forsale,1020,installed,1969,good,gas,91,2,,,,,true,,,,,,10/18/22
10028280,apartment,apartment,175000,forsale,4020,installed,1961,tobedoneup,gas,123,2,,,,,true,,,,,,10/18/22
9694746,apartment,apartment,176500,forsale,6810,installed,2019,asnew,gas,95,2,,,,,,,,,,,10/18/22
9640592,apartment,apartment,179000,forsale,1853,semiequipped,1973,good,gas,567,2,,,true,,,,,,,,10/18/22
9959162,apartment,apartment,181000,forsale,9200,semiequipped,1995,good,gas,115,2,,,,,,,,,1,,10/18/22
9496503,apartment,apartment,185000,forsale,1180,installed,1965,good,gas,219,1,,,true,,true,,,,,,10/18/22
10122892,apartment,apartment,185000,forsale,2060,semiequipped,1977,good,gas,324,2,,,true,,true,,,,,,10/18/22
9913254,apartment,apartment,189000,forsale,4520,installed,1977,good,gas,215,3,,,true,,true,,,1,,,10/18/22
9978995,apartment,apartment,190000,forsale,1140,installed,1982,tobedoneup,gas,281,2,,,true,,true,,,,,,10/18/22
9993303,apartment,apartment,195000,forsale,1020,semiequipped,1967,good,gas,486,2,,,true,,true,,,,,,10/18/22
10063035,apartment,apartment,195000,forsale,1190,semiequipped,1915,good,gas,219,1,,,,,true,,,,,,10/18/22
9861433,apartment,apartment,199000,forsale,1030,notinstalled,1958,torenovate,gas,804,2,,,true,,true,,,,,,10/18/22
10049585,apartment,apartment,199000,forsale,1070,semiequipped,1966,tobedoneup,gas,506,3,,,true,,true,,,,,,10/18/22
10158182,house,house,240000,forsale,5300,installed,,justrenovated,fueloil,299,2,300,true,true,,true,true,,1,2,,10/18/22
9625357,house,house,131000,forsale,2550,notinstalled,1930,,gas,371,3,1664,,true,1100,true,,,1,,,10/18/22
10158172,apartment,apartment,260000,forsale,8870,installed,2020,good,gas,47,2,,,,,true,,,,,,10/18/22
10158154,house,house,290000,forsale,7900,installed,2021,,gas,,3,515,true,,,,,,,2,1,10/18/22
10158153,house,bungalow,445000,forsale,1410,hyperequipped,1973,good,electric,555,2,681,true,,500,true,,,2,3,,10/18/22
10158149,apartment,flatstudio,59000,forsale,4000,notinstalled,,tobedoneup,,251,1,,,,,,,,,,,10/18/22
9641565,house,house,184000,forsale,2550,,,good,gas,,5,155,,true,,true,,,,1,,10/18/22
10121293,house,house,275000,forsale,1420,,,torenovate,fueloil,515,2,207,,,100,,true,,,,,10/18/22
9828291,apartment,apartment,199000,forsale,1070,installed,1976,good,gas,431,2,,,true,,true,,,1,1,,10/18/22
9862041,apartment,apartment,199000,forsale,2861,installed,2013,good,gas,103,1,,,true,,true,,,,,,10/18/22
10063116,apartment,apartment,199000,forsale,4000,hyperequipped,1943,asnew,electric,249,2,,,true,,true,,,,,,10/18/22
9535092,apartment,apartment,209000,forsale,1080,installed,1976,asnew,fueloil,229,2,,,true,,true,,,1,,,10/18/22
10102506,apartment,apartment,209000,forsale,1600,notinstalled,1960,tobedoneup,gas,172,2,,,true,,true,,,2,2,,10/18/22
10057654,apartment,apartment,209000,forsale,4000,hyperequipped,1943,asnew,electric,260,2,,,true,,true,true,,,,,10/18/22
9624151,apartment,apartment,210000,forsale,1081,notinstalled,1956,torenovate,gas,318,2,,,,,true,,,,,,10/18/22
10125886,apartment,flatstudio,215000,forsale,1040,semiequipped,1912,good,fueloil,370,0,,,true,,true,,,,,,10/18/22
10028285,apartment,apartment,215000,forsale,1090,notinstalled,1967,torenovate,fueloil,680,2,,,true,,true,,,1,,,10/18/22
10102508,apartment,apartment,215000,forsale,1190,semiequipped,1960,tobedoneup,gas,241,2,,,true,,,,,,,,10/18/22
10102507,apartment,apartment,215000,forsale,1600,notinstalled,1960,tobedoneup,gas,172,2,,,true,,true,,,2,2,,10/18/22
10117646,apartment,apartment,218000,forsale,9300,installed,2008,good,gas,332,2,,,,,true,,,1,,,10/18/22
9632519,apartment,duplex,219000,forsale,1070,hyperequipped,1909,asnew,gas,122,2,,,true,,true,,,,,,10/18/22
10025300,apartment,apartment,219000,forsale,6720,usainstalled,2000,asnew,pellet,198,2,,,,,,,,,,,10/18/22
10128205,apartment,flatstudio,220000,forsale,1070,usahyperequipped,2020,asnew,gas,129,0,,,true,,true,,,,,,10/18/22
10043711,apartment,apartment,220000,forsale,1070,semiequipped,1957,tobedoneup,gas,250,2,,,,,,,,,,,10/18/22
9977054,apartment,apartment,220000,forsale,1090,notinstalled,1969,torenovate,gas,311,2,,,true,,true,,,1,,,10/18/22
9710157,apartment,apartment,220000,forsale,1140,hyperequipped,1970,justrenovated,gas,324,2,,,true,,,,,,10,,10/18/22
9948271,apartment,apartment,225000,forsale,1000,usahyperequipped,1930,justrenovated,gas,144,1,,,true,,,,,,,,10/18/22
9948240,apartment,apartment,225000,forsale,1080,usahyperequipped,1930,justrenovated,gas,144,1,,,true,,,,,,,,10/18/22
9952978,apartment,apartment,225000,forsale,1083,installed,1970,good,gas,225,2,,,true,,true,,,,,,10/18/22
10030533,apartment,apartment,225000,forsale,1140,notinstalled,1960,tobedoneup,gas,439,2,,,true,,,,,,,,10/18/22
10092026,apartment,apartment,225000,forsale,9070,notinstalled,1981,good,electric,361,2,,,,,,,,,1,,10/18/22
10046690,apartment,apartment,227000,forsale,1800,installed,1969,good,fueloil,186,2,,,true,,true,,,1,,,10/18/22
10128482,apartment,apartment,229000,forsale,1700,hyperequipped,1920,good,gas,499,2,,true,,,,,,,,,10/18/22
9670870,apartment,apartment,229999,forsale,1080,hyperequipped,1972,asnew,gas,188,2,,,true,,true,,,,,,10/18/22
10043710,apartment,apartment,230000,forsale,1070,installed,1957,good,gas,516,2,,,true,,,,,,,,10/18/22
9976939,apartment,apartment,230000,forsale,1080,installed,1932,asnew,gas,243,1,,,true,,,,,,,,10/18/22
10113220,apartment,apartment,230000,forsale,1090,installed,1960,good,gas,752,2,,,true,,true,,,,,,10/18/22
9702910,apartment,apartment,230000,forsale,1150,usahyperequipped,1970,good,gas,386,1,,,,,true,,,,,,10/18/22
10158182,house,house,240000,forsale,5300,installed,,justrenovated,fueloil,299,2,300,true,true,,true,true,,1,2,,10/18/22
9625357,house,house,131000,forsale,2550,notinstalled,1930,,gas,371,3,1664,,true,1100,true,,,1,,,10/18/22
10158172,apartment,apartment,260000,forsale,8870,installed,2020,good,gas,47,2,,,,,true,,,,,,10/18/22
10158154,house,house,290000,forsale,7900,installed,2021,,gas,,3,515,true,,,,,,,2,1,10/18/22
10158153,house,bungalow,445000,forsale,1410,hyperequipped,1973,good,electric,555,2,681,true,,500,true,,,2,3,,10/18/22
10158149,apartment,flatstudio,59000,forsale,4000,notinstalled,,tobedoneup,,251,1,,,,,,,,,,,10/18/22
9641565,house,house,184000,forsale,2550,,,good,gas,,5,155,,true,,true,,,,1,,10/18/22
10121293,house,house,275000,forsale,1420,,,torenovate,fueloil,515,2,207,,,100,,true,,,,,10/18/22
10096538,apartment,apartment,230000,forsale,1200,semiequipped,1967,asnew,fueloil,597,1,,,,,true,,,,,,10/18/22
10090109,apartment,apartment,235000,forsale,1030,usasemiequipped,1910,good,gas,270,1,,,true,,true,,,,,,10/18/22
10052010,apartment,apartment,235000,forsale,1140,,1971,tobedoneup,gas,152,2,,,true,,true,,,1,1,,10/18/22
10127344,apartment,apartment,240000,forsale,1190,notinstalled,1960,good,gas,420,1,,,,,true,,,,,,10/18/22
10127496,apartment,apartment,245000,forsale,1070,notinstalled,1980,tobedoneup,gas,266,2,,,,,,,,,,,10/18/22
9865862,apartment,apartment,245000,forsale,1090,semiequipped,1997,tobedoneup,electric,298,2,,,,,true,,,,,,10/18/22
9955483,apartment,apartment,245000,forsale,1140,usahyperequipped,1977,good,gas,126,2,,,,,true,,,,,,10/18/22
10077794,apartment,duplex,245000,forsale,9090,semiequipped,1996,asnew,gas,110,2,,,,,true,,,,,,10/18/22
9852970,apartment,apartment,249000,forsale,1020,usahyperequipped,1930,justrenovated,gas,118,1,,,true,,true,true,,,,,10/18/22
9935237,apartment,apartment,249000,forsale,1080,hyperequipped,1972,asnew,gas,189,2,,,true,,true,true,,1,,,10/18/22
10011377,apartment,apartment,249000,forsale,1190,hyperequipped,1984,tobedoneup,gas,108,2,,,true,,true,,,1,1,,10/18/22
10127497,apartment,apartment,250000,forsale,1070,notinstalled,1980,tobedoneup,gas,364,2,,,,,,,,,,,10/18/22
9542529,apartment,apartment,250000,forsale,1090,installed,1974,good,gas,116,2,,,true,,true,,,1,,,10/18/22
9779648,apartment,serviceflat,250000,forsale,1160,installed,2010,asnew,electric,325,2,,,true,,true,true,,,1,,10/18/22
10119632,apartment,apartment,250000,forsale,1200,usahyperequipped,1957,good,gas,230,1,,,,,true,,,,,,10/18/22
9966279,apartment,apartment,259000,forsale,1081,installed,1997,good,gas,114,2,,,true,,,,,,,,10/18/22
10117849,apartment,apartment,259000,forsale,1800,hyperequipped,2007,good,gas,96,2,,,,,true,,,,,,10/18/22
10119111,apartment,apartment,259500,forsale,1780,semiequipped,1963,tobedoneup,gas,154,2,,,,,true,,,,,,10/18/22
10041073,apartment,apartment,260000,forsale,1150,installed,1968,torenovate,fueloil,333,2,,,,,true,,,,,,10/18/22
10099100,apartment,apartment,265000,forsale,1070,hyperequipped,1984,torenovate,gas,203,2,,,true,,true,,,1,,,10/18/22
10009836,apartment,apartment,265000,forsale,1170,installed,1965,good,gas,252,2,,,true,,true,,,,,,10/18/22
10040052,apartment,apartment,265000,forsale,1410,usainstalled,2011,tobedoneup,gas,208,2,,,true,,true,,,,,,10/18/22
10124717,apartment,apartment,265000,forsale,1800,hyperequipped,2009,good,gas,112,2,,,true,,true,,,,,,10/18/22
10030624,apartment,apartment,269000,forsale,1030,notinstalled,1934,torenovate,gas,843,2,,,true,,true,,,,,,10/18/22
10125888,apartment,flatstudio,275000,forsale,1040,semiequipped,1912,good,fueloil,326,0,,,true,,,,,,,,10/18/22
9966713,apartment,apartment,275000,forsale,1050,hyperequipped,1930,good,gas,590,1,,,true,,true,,,,,,10/18/22
10089743,apartment,apartment,275000,forsale,1060,semiequipped,1920,good,gas,311,2,,,,,true,,,,,,10/18/22
10039785,apartment,apartment,279000,forsale,1020,installed,1951,good,gas,215,2,,,,,true,,,,,,10/18/22
10105702,apartment,apartment,280000,forsale,1200,installed,1964,tobedoneup,fueloil,230,2,,,,,true,,,,,,10/18/22
9664975,apartment,apartment,285000,forsale,1000,usahyperequipped,2022,asnew,gas,2,1,,,true,,,,,,1,,10/18/22
10158182,house,house,240000,forsale,5300,installed,,justrenovated,fueloil,299,2,300,true,true,,true,true,,1,2,,10/18/22
9625357,house,house,131000,forsale,2550,notinstalled,1930,,gas,371,3,1664,,true,1100,true,,,1,,,10/18/22
10158172,apartment,apartment,260000,forsale,8870,installed,2020,good,gas,47,2,,,,,true,,,,,,10/18/22
10158154,house,house,290000,forsale,7900,installed,2021,,gas,,3,515,true,,,,,,,2,1,10/18/22
10158153,house,bungalow,445000,forsale,1410,hyperequipped,1973,good,electric,555,2,681,true,,500,true,,,2,3,,10/18/22
10158149,apartment,flatstudio,59000,forsale,4000,notinstalled,,tobedoneup,,251,1,,,,,,,,,,,10/18/22
9641565,house,house,184000,forsale,2550,,,good,gas,,5,155,,true,,true,,,,1,,10/18/22
10121293,house,house,275000,forsale,1420,,,torenovate,fueloil,515,2,207,,,100,,true,,,,,10/18/22
10081826,apartment,apartment,285000,forsale,1030,hyperequipped,2012,good,gas,115,2,,,true,,true,,,,1,,10/18/22
9664974,apartment,apartment,285000,forsale,1030,usahyperequipped,2022,asnew,gas,2,1,,,true,,,,,,1,,10/18/22
10096548,apartment,apartment,285000,forsale,1140,usahyperequipped,1961,good,fueloil,277,3,,,true,,true,,,,,,10/18/22
9962816,apartment,apartment,285000,forsale,1600,installed,1920,tobedoneup,gas,248,3,,,,,,,,,,,10/18/22
10039961,apartment,apartment,285000,forsale,1650,installed,1920,tobedoneup,gas,248,3,,,,,,,,,,,10/18/22
10071869,apartment,apartment,290000,forsale,1200,notinstalled,1964,good,fueloil,154,2,,,true,,true,,,2,,,10/18/22
10107534,apartment,apartment,292000,forsale,1000,hyperequipped,2025,asnew,gas,44,1,,,,,true,,,,,,10/18/22
9667097,apartment,apartment,295000,forsale,1000,usahyperequipped,2022,asnew,gas,2,1,,,true,,,,,,1,,10/18/22
10128934,apartment,apartment,295000,forsale,1030,hyperequipped,2012,good,gas,105,2,,,true,,true,,,1,,,10/18/22
10079651,apartment,apartment,295000,forsale,1050,usahyperequipped,1909,asnew,gas,225,1,,,,,,true,,,,,10/18/22
10078054,apartment,apartment,295000,forsale,1050,usainstalled,1930,asnew,gas,376,1,,,,,,,,,,,10/18/22
10059379,apartment,apartment,295000,forsale,1080,hyperequipped,1980,asnew,gas,149,2,,,,,true,,,1,2,,10/18/22
10093865,apartment,apartment,295000,forsale,1480,installed,2016,good,electric,110,3,,,true,,true,,,2,,,10/18/22
10011942,apartment,apartment,295000,forsale,8430,installed,2004,good,electric,193,2,,,true,,true,,,,,,10/18/22
10068983,apartment,apartment,296000,forsale,1000,installed,1890,good,gas,808,2,,,,,,,,,,,10/18/22
10097749,apartment,apartment,299000,forsale,1000,usahyperequipped,2022,asnew,gas,140,1,,,true,,,,,,1,,10/18/22
10094822,apartment,apartment,299000,forsale,1000,usainstalled,1970,good,gas,248,2,,,,,true,,,,,,10/18/22
10099501,apartment,apartment,299000,forsale,1030,usahyperequipped,2022,asnew,gas,140,1,,,true,,,,,,1,,10/18/22
10105849,apartment,duplex,299000,forsale,1070,installed,1950,tobedoneup,gas,484,4,,,,,,,,,,,10/18/22
9584170,apartment,penthouse,299000,forsale,1070,hyperequipped,2013,good,gas,102,2,,,true,,true,,,,,,10/18/22
10124207,apartment,apartment,299000,forsale,1090,usahyperequipped,2009,good,gas,230,2,,,,,true,,,,,,10/18/22
9979487,apartment,duplex,299000,forsale,1780,usainstalled,2001,asnew,gas,144,3,,,,,true,,,,1,,10/18/22
9957898,apartment,apartment,305000,forsale,1030,usahyperequipped,2002,good,gas,129,2,,,true,,true,,,,,,10/18/22
10124572,apartment,duplex,309000,forsale,1160,notinstalled,1960,good,gas,359,2,,,true,,,,,,,,10/18/22
10122478,apartment,apartment,310000,forsale,1000,usainstalled,2016,asnew,gas,66,2,,,true,,,,,,,,10/18/22
9794708,apartment,flatstudio,310000,forsale,1000,hyperequipped,2018,asnew,gas,78,0,,,true,,,,,,,,10/18/22
9985520,apartment,apartment,310000,forsale,1190,semiequipped,1910,justrenovated,gas,191,1,,,true,,,,,,,,10/18/22
9970977,apartment,apartment,319000,forsale,1000,hyperequipped,2018,asnew,gas,91,1,,,true,,true,,,1,1,,10/18/22
10128693,apartment,duplex,319000,forsale,1190,semiequipped,1960,tobedoneup,gas,406,2,,,true,,,,,,,,10/18/22
10100334,apartment,apartment,320000,forsale,1080,hyperequipped,1938,justrenovated,gas,221,2,,,true,,true,,,,,,10/18/22
10158182,house,house,240000,forsale,5300,installed,,justrenovated,fueloil,299,2,300,true,true,,true,true,,1,2,,10/18/22
9625357,house,house,131000,forsale,2550,notinstalled,1930,,gas,371,3,1664,,true,1100,true,,,1,,,10/18/22
10158172,apartment,apartment,260000,forsale,8870,installed,2020,good,gas,47,2,,,,,true,,,,,,10/18/22
10158154,house,house,290000,forsale,7900,installed,2021,,gas,,3,515,true,,,,,,,2,1,10/18/22
10158153,house,bungalow,445000,forsale,1410,hyperequipped,1973,good,electric,555,2,681,true,,500,true,,,2,3,,10/18/22
10158149,apartment,flatstudio,59000,forsale,4000,notinstalled,,tobedoneup,,251,1,,,,,,,,,,,10/18/22
9641565,house,house,184000,forsale,2550,,,good,gas,,5,155,,true,,true,,,,1,,10/18/22
10121293,house,house,275000,forsale,1420,,,torenovate,fueloil,515,2,207,,,100,,true,,,,,10/18/22
10123905,apartment,apartment,321000,forsale,1070,usahyperequipped,2008,asnew,electric,275,3,,,,,true,,,,,,10/18/22
10093108,apartment,duplex,325000,forsale,1930,hyperequipped,2014,asnew,gas,99,3,,,true,,true,true,,1,1,,10/18/22
10018167,apartment,apartment,329000,forsale,2600,installed,1967,good,gas,180,2,,,,,true,,,1,,,10/18/22
10070097,apartment,flatstudio,335000,forsale,1000,usainstalled,1953,asnew,gas,126,0,,,true,,,,,,,,10/18/22
10039313,apartment,apartment,335000,forsale,1800,hyperequipped,2007,good,gas,136,2,,,,,true,,,,,,10/18/22
9996658,apartment,duplex,339990,forsale,1080,installed,2011,asnew,gas,81,3,,,true,,true,,,,1,,10/18/22
10041493,apartment,apartment,342000,forsale,1000,usainstalled,2025,asnew,gas,85,2,,,,,true,,,,,,10/18/22
10015339,apartment,apartment,345000,forsale,1060,usahyperequipped,1920,asnew,gas,450,2,,,,,true,,,,,,10/18/22
10107223,apartment,apartment,347000,forsale,1000,usainstalled,2025,asnew,gas,44,2,,,true,,true,,,,,,10/18/22
10047356,apartment,apartment,349000,forsale,1000,usahyperequipped,2015,asnew,gas,65,1,,,,,true,,,,,,10/18/22
9849253,apartment,apartment,349000,forsale,1020,usainstalled,1970,asnew,gas,195,2,,,,,true,,,1,1,,10/18/22
10036726,apartment,apartment,349000,forsale,1030,hyperequipped,1957,good,fueloil,209,2,,,true,,,,,,,,10/18/22
10067991,apartment,penthouse,349500,forsale,1080,usahyperequipped,1997,asnew,electric,378,2,,,true,,true,true,,,,,10/18/22
10079112,apartment,apartment,350000,forsale,2870,installed,2017,good,gas,63,3,,,true,,true,,,1,,,10/18/22
10072507,apartment,flatstudio,355000,forsale,1000,usainstalled,1953,asnew,gas,111,0,,,true,,,,,,,,10/18/22
10046681,apartment,apartment,358000,forsale,8370,installed,2012,asnew,gas,110,3,,,,,true,,,,,,10/18/22
9857793,apartment,triplex,359000,forsale,1030,semiequipped,1948,good,gas,397,4,,,true,,true,,,,,,10/18/22
10096152,apartment,apartment,359000,forsale,1180,usasemiequipped,1980,good,gas,227,1,,,,,true,,,,,,10/18/22
10058829,apartment,apartment,365000,forsale,1000,hyperequipped,1930,good,gas,160,2,,,true,,,,,,,,10/18/22
9869833,apartment,loft,365000,forsale,4000,installed,2016,good,gas,207,2,,,,,true,,,,,,10/18/22
9932160,apartment,apartment,375000,forsale,1000,usahyperequipped,2017,asnew,gas,100,2,,,true,,true,,,,1,,10/18/22
10070305,apartment,flatstudio,385000,forsale,1000,usainstalled,1953,asnew,gas,75,0,,,true,,,,,,,,10/18/22
10040053,apartment,apartment,385000,forsale,1410,usainstalled,2011,good,gas,208,3,,,true,,true,,,1,,,10/18/22
9970970,apartment,penthouse,390000,forsale,1050,usainstalled,2004,good,electric,231,1,,,,,true,,,,,,10/18/22
10119107,apartment,apartment,395000,forsale,1000,usahyperequipped,1994,good,gas,200,2,,,,,true,,,2,1,,10/18/22
10043532,apartment,apartment,395000,forsale,1000,usainstalled,2025,asnew,gas,85,3,,,true,,true,,,,,,10/18/22
10123565,apartment,apartment,395000,forsale,1020,hyperequipped,1958,asnew,gas,134,3,,,,,true,,,,,,10/18/22
10119105,apartment,apartment,395000,forsale,1020,usahyperequipped,1994,good,gas,200,2,,,,,true,,,2,1,,10/18/22
10119106,apartment,apartment,395000,forsale,1030,usahyperequipped,1994,good,gas,200,2,,,,,true,,,2,1,,10/18/22
10079650,apartment,penthouse,395000,forsale,1050,usainstalled,1909,tobedoneup,gas,589,3,,,,,true,,,,,,10/18/22
10158182,house,house,240000,forsale,5300,installed,,justrenovated,fueloil,299,2,300,true,true,,true,true,,1,2,,10/18/22
9625357,house,house,131000,forsale,2550,notinstalled,1930,,gas,371,3,1664,,true,1100,true,,,1,,,10/18/22
10158172,apartment,apartment,260000,forsale,8870,installed,2020,good,gas,47,2,,,,,true,,,,,,10/18/22
10158154,house,house,290000,forsale,7900,installed,2021,,gas,,3,515,true,,,,,,,2,1,10/18/22
10158153,house,bungalow,445000,forsale,1410,hyperequipped,1973,good,electric,555,2,681,true,,500,true,,,2,3,,10/18/22
10158149,apartment,flatstudio,59000,forsale,4000,notinstalled,,tobedoneup,,251,1,,,,,,,,,,,10/18/22
9641565,house,house,184000,forsale,2550,,,good,gas,,5,155,,true,,true,,,,1,,10/18/22
10121293,house,house,275000,forsale,1420,,,torenovate,fueloil,515,2,207,,,100,,true,,,,,10/18/22
10116556,apartment,apartment,395000,forsale,1120,usahyperequipped,1994,good,gas,200,2,,,,,true,,,2,1,,10/18/22
9905003,apartment,apartment,395000,forsale,1190,semiequipped,1910,justrenovated,gas,223,1,,,true,,true,,,,,,10/18/22
9919949,apartment,apartment,395000,forsale,4460,installed,1850,asnew,gas,256,2,,,,,,,,,2,,10/18/22
9910784,apartment,apartment,395000,forsale,4460,installed,1850,asnew,gas,256,2,,,,,,,,,2,,10/18/22
10094746,apartment,apartment,399000,forsale,1000,hyperequipped,2017,asnew,gas,69,2,,,true,,true,,,1,1,,10/18/22
10110804,apartment,apartment,400000,forsale,2620,installed,1995,good,gas,168,2,,,true,,true,,,1,,,10/18/22
10042907,apartment,apartment,410000,forsale,1000,usahyperequipped,2021,asnew,gas,150,3,,,true,,,,,,,,10/18/22
10085775,apartment,groundfloor,410000,forsale,1200,usahyperequipped,1957,good,gas,385,2,,,,200,true,,,,,,10/18/22
9996558,apartment,apartment,425000,forsale,1040,installed,1959,good,gas,166,3,,,true,,true,,,,,,10/18/22
9994590,apartment,apartment,425000,forsale,1040,installed,1959,good,gas,166,2,,,true,,true,,,,,,10/18/22
10057777,apartment,duplex,425000,forsale,1050,usahyperequipped,1891,asnew,gas,206,2,,,,,,true,,,,,10/18/22
10003192,apartment,flatstudio,425000,forsale,8300,usainstalled,1962,asnew,gas,125,0,,,,,true,,,,,,10/18/22
10129901,apartment,apartment,429000,forsale,1000,usainstalled,1964,asnew,gas,209,3,,,,,true,,,,,,10/18/22
10111572,apartment,duplex,429000,forsale,1020,usainstalled,1964,asnew,gas,209,3,,,,,true,,,,,,10/18/22
9348648,apartment,apartment,435000,forsale,1050,hyperequipped,1950,good,fueloil,292,2,,,true,,,,,,,,10/18/22
9426747,apartment,apartment,445000,forsale,1020,installed,1963,good,gas,224,4,,,true,,true,,,1,1,,10/18/22
9941643,apartment,apartment,450000,forsale,1040,,1965,good,gas,162,2,,,true,,,,,,,,10/18/22
10096543,apartment,duplex,450000,forsale,1150,usahyperequipped,2003,asnew,gas,162,2,,,true,1172,true,,,1,,,10/18/22
10109613,apartment,apartment,450000,forsale,9000,usahyperequipped,1979,asnew,gas,182,2,,,true,,true,,,,,,10/18/22
10124290,apartment,duplex,460000,forsale,1310,usainstalled,2009,asnew,gas,86,3,,,true,,true,,,,2,,10/18/22
9985521,apartment,apartment,465000,forsale,1190,usahyperequipped,1910,justrenovated,gas,167,2,,,true,,,true,,,,,10/18/22
10123724,apartment,apartment,475000,forsale,1140,usahyperequipped,2019,asnew,gas,73,3,,,true,,true,,,,,,10/18/22
10066047,apartment,apartment,480000,forsale,1000,usainstalled,1953,asnew,gas,86,1,,,true,,,,,,,,10/18/22
10066048,apartment,apartment,490000,forsale,1000,usainstalled,1953,asnew,gas,86,1,,,true,,,,,,,,10/18/22
10112700,apartment,loft,495000,forsale,1060,usahyperequipped,2015,asnew,gas,77,2,,,true,,true,,,1,,,10/18/22
10014872,apartment,apartment,499000,forsale,1000,usahyperequipped,2021,asnew,gas,150,4,,,true,,,,,,,,10/18/22
10050762,apartment,duplex,499000,forsale,1040,usainstalled,2008,good,gas,204,3,,,true,,true,,,,,,10/18/22
10066049,apartment,apartment,500000,forsale,1000,usainstalled,1953,asnew,gas,89,1,,,true,,,,,,,,10/18/22
9830339,apartment,apartment,535000,forsale,1060,semiequipped,1935,good,gas,262,2,,,true,,true,true,,,,,10/18/22
10050733,apartment,apartment,535000,forsale,1150,hyperequipped,2004,asnew,gas,104,2,,,true,,true,,,1,,,10/18/22
10158182,house,house,240000,forsale,5300,installed,,justrenovated,fueloil,299,2,300,true,true,,true,true,,1,2,,10/18/22
9625357,house,house,131000,forsale,2550,notinstalled,1930,,gas,371,3,1664,,true,1100,true,,,1,,,10/18/22
10158172,apartment,apartment,260000,forsale,8870,installed,2020,good,gas,47,2,,,,,true,,,,,,10/18/22
10158154,house,house,290000,forsale,7900,installed,2021,,gas,,3,515,true,,,,,,,2,1,10/18/22
10158153,house,bungalow,445000,forsale,1410,hyperequipped,1973,good,electric,555,2,681,true,,500,true,,,2,3,,10/18/22
10158149,apartment,flatstudio,59000,forsale,4000,notinstalled,,tobedoneup,,251,1,,,,,,,,,,,10/18/22
9641565,house,house,184000,forsale,2550,,,good,gas,,5,155,,true,,true,,,,1,,10/18/22
10121293,house,house,275000,forsale,1420,,,torenovate,fueloil,515,2,207,,,100,,true,,,,,10/18/22
9825193,apartment,penthouse,542000,forsale,1000,usahyperequipped,1995,asnew,gas,135,2,,,true,,true,,,,1,,10/18/22
10119979,apartment,apartment,549000,forsale,8400,,1977,good,gas,116,3,,,,,true,,,2,,,10/18/22
10050561,apartment,apartment,550000,forsale,1050,hyperequipped,2017,asnew,gas,64,2,,,,,true,,,,,,10/18/22
9607277,apartment,penthouse,565000,forsale,2000,hyperequipped,1924,asnew,gas,294,2,,,true,,true,,,,,,10/18/22
10129696,apartment,apartment,595000,forsale,1800,hyperequipped,2012,good,gas,111,3,,,true,,true,,,2,,,10/18/22
10129697,apartment,apartment,595000,forsale,1850,hyperequipped,2012,good,gas,111,3,,,true,,true,,,2,,,10/18/22
10079649,apartment,duplex,599000,forsale,1050,hyperequipped,1915,asnew,gas,415,4,,,true,,true,,,,,,10/18/22
10064700,apartment,apartment,640000,forsale,1000,usahyperequipped,2021,asnew,gas,150,6,,,true,,,,,,,,10/18/22
10064042,apartment,apartment,645000,forsale,1000,usainstalled,1953,asnew,gas,88,2,,,true,,,,,1,,,10/18/22
9992250,apartment,triplex,649000,forsale,2018,usahyperequipped,1929,good,gas,148,2,,,,,true,,,,,,10/18/22
10005812,apartment,apartment,650000,forsale,1180,hyperequipped,1993,good,electric,419,2,,,,340,true,,,,2,,10/18/22
9883249,apartment,duplex,655000,forsale,1000,usahyperequipped,1930,asnew,gas,95,4,,,,,,,true,,,,10/18/22
9976558,apartment,apartment,665000,forsale,4020,notinstalled,1930,torenovate,gas,308,4,,,true,,true,,,1,1,,10/18/22
10097083,apartment,apartment,675000,forsale,1000,hyperequipped,2001,asnew,gas,116,2,,,,,,,,,,,10/18/22
9948939,apartment,duplex,690000,forsale,1000,hyperequipped,2001,asnew,gas,200,2,,,true,,,true,,,,,10/18/22
10008896,apartment,apartment,695000,forsale,1060,,1874,asnew,gas,262,3,,,true,,,true,,,,,10/18/22
10097059,apartment,penthouse,695000,forsale,3000,usahyperequipped,2009,asnew,gas,137,2,,,true,,true,,,,1,,10/18/22
9970929,apartment,apartment,699000,forsale,1150,hyperequipped,2010,asnew,gas,115,3,,,true,,true,,,,1,,10/18/22
10109933,apartment,apartment,745000,forsale,1000,hyperequipped,2025,asnew,gas,44,3,,,true,,true,,,,,,10/18/22
9997717,apartment,apartment,750000,forsale,1050,usahyperequipped,1988,asnew,gas,178,3,,,,,,,,2,,,10/18/22
10124208,apartment,penthouse,795000,forsale,1000,installed,1998,asnew,gas,159,2,,,true,,true,,,,1,,10/18/22
10063309,apartment,apartment,860000,forsale,1000,hyperequipped,2014,asnew,gas,96,3,,,true,,true,,,1,,,10/18/22
10008903,apartment,apartment,868500,forsale,8300,installed,1988,good,electric,197,3,,,,,true,,,,1,,10/18/22
9398045,apartment,apartment,945000,forsale,1180,,1950,asnew,gas,139,4,,,true,700,true,,,2,,,10/18/22
8848345,apartment,penthouse,975000,forsale,1040,hyperequipped,2022,justrenovated,gas,151,3,,,true,,true,true,,,2,,10/18/22
10081699,apartment,penthouse,995000,forsale,2320,installed,2015,asnew,gas,109,4,,,,,,,,1,,,10/18/22
9948936,apartment,duplex,1050000,forsale,1000,hyperequipped,2001,asnew,gas,194,3,,,,,,,,,,,10/18/22
10123466,apartment,apartment,1200000,forsale,8300,installed,1968,torenovate,gas,133,3,,,,,true,,,,2,,10/18/22
9614247,apartment,apartment,1235000,forsale,2000,hyperequipped,2000,good,gas,210,3,,,true,,true,,true,,2,,10/18/22
9204579,apartment,apartment,1275000,forsale,1050,hyperequipped,1949,asnew,gas,251,3,,,true,,true,true,,,,,10/18/22
10158182,house,house,240000,forsale,5300,installed,,justrenovated,fueloil,299,2,300,true,true,,true,true,,1,2,,10/18/22
9625357,house,house,131000,forsale,2550,notinstalled,1930,,gas,371,3,1664,,true,1100,true,,,1,,,10/18/22
10158172,apartment,apartment,260000,forsale,8870,installed,2020,good,gas,47,2,,,,,true,,,,,,10/18/22
10158154,house,house,290000,forsale,7900,installed,2021,,gas,,3,515,true,,,,,,,2,1,10/18/22
10158153,house,bungalow,445000,forsale,1410,hyperequipped,1973,good,electric,555,2,681,true,,500,true,,,2,3,,10/18/22
10158149,apartment,flatstudio,59000,forsale,4000,notinstalled,,tobedoneup,,251,1,,,,,,,,,,,10/18/22
9641565,house,house,184000,forsale,2550,,,good,gas,,5,155,,true,,true,,,,1,,10/18/22
10121293,house,house,275000,forsale,1420,,,torenovate,fueloil,515,2,207,,,100,,true,,,,,10/18/22
9422049,apartment,penthouse,1290000,forsale,1180,semiequipped,1966,tobedoneup,gas,529,5,,,true,,true,,,,2,,10/18/22
10018161,apartment,penthouse,1300000,forsale,8400,installed,1997,good,gas,393,3,,,,,true,,,,,,10/18/22
10126637,apartment,apartment,1350000,forsale,1000,notinstalled,1970,tobedoneup,gas,167,4,,,true,,true,true,,2,,,10/18/22
10047207,apartment,apartment,1375000,forsale,8300,usahyperequipped,1980,good,gas,98,3,,,true,,true,,,,,,10/18/22
9853611,apartment,duplex,1395000,forsale,8300,usahyperequipped,2005,good,gas,84,4,,,true,,true,true,,,,,10/18/22
10103574,apartment,apartment,1895000,forsale,8300,hyperequipped,2010,asnew,gas,74,2,,,true,,true,true,,,,,10/18/22
8848361,apartment,penthouse,1950000,forsale,1000,usahyperequipped,2019,asnew,gas,65,3,,,true,,true,true,,,1,,10/18/22
10010241,apartment,penthouse,2250000,forsale,8300,usahyperequipped,1964,good,gas,415,2,,,,,true,,,,,,10/18/22
9844041,apartment,penthouse,2350000,forsale,8300,usahyperequipped,2011,asnew,gas,171,2,,,true,,true,true,,,,,10/18/22
10050275,apartment,apartment,2490000,forsale,8300,usahyperequipped,1975,asnew,gas,244,4,,,,,,,,,,,10/18/22
10096893,apartment,apartment,3195000,forsale,8300,usahyperequipped,1980,asnew,gas,126,3,,,,,true,,,,,,10/18/22
9960359,apartment,apartment,4165000,forsale,8300,hyperequipped,1981,asnew,electric,124,4,,,true,,true,true,,1,2,,10/18/22
10024907,apartment,penthouse,4850000,forsale,8300,hyperequipped,1979,asnew,fueloil,249,3,,,true,,true,,,1,1,,10/18/22
10157651,apartmentgroup,apartmentgroup,447500-1225868,forsale,9000,,,,,,,,,,,,,,1,1,1,10/18/22
9846383,apartment,apartment,220000,forsale,1000,usahyperequipped,2024,,gas,5,1,,,true,,true,,,,,1,10/18/22
9846381,apartment,apartment,220000,forsale,1070,usahyperequipped,2024,,gas,5,1,,,true,,true,,,,,1,10/18/22
10147659,apartment,apartment,239000,forsale,1800,hyperequipped,,good,gas,135,2,,,true,,,,,,,,10/18/22
10148105,apartment,flatstudio,275000,forsale,1040,semiequipped,1912,good,fueloil,189,0,,,true,,,,,,,,10/18/22
10134092,apartment,apartment,245000,forsale,1200,installed,1940,good,electric,1181,1,,,true,,,,,,,,10/18/22
10134218,apartment,apartment,345000,forsale,1150,,1986,justrenovated,gas,272,2,,,,,,,,,,,10/18/22
10157021,apartment,apartment,325000,forsale,9810,hyperequipped,2023,asnew,gas,,2,,,,52,true,,,41,,1,10/18/22
10157023,apartment,apartment,364000,forsale,9800,installed,2020,,gas,,2,,,,,true,,,21,,1,10/18/22
10138828,apartment,apartment,159000,forsale,4680,installed,1950,good,gas,424,2,,,true,,true,true,,1,,,10/18/22
10138668,apartment,apartment,199000,forsale,1853,notinstalled,1968,torenovate,gas,156,2,,,true,,true,,,1,,,10/18/22
10138288,apartment,apartment,209000,forsale,6750,installed,,good,fueloil,217,2,,,,,true,,,,3,,10/18/22
9654093,apartment,apartment,244000,forsale,7060,installed,2023,,gas,80,2,,,,,true,,,1,,1,10/18/22
10084894,apartment,groundfloor,249000,forsale,9890,hyperequipped,2021,asnew,gas,1,1,,,,,true,,,1,1,1,10/18/22
10084897,apartment,groundfloor,252500,forsale,9890,hyperequipped,2021,asnew,gas,1,1,,,,,true,,,1,1,1,10/18/22
10084869,apartment,groundfloor,255000,forsale,9890,hyperequipped,2021,asnew,gas,1,1,,,,,true,,,1,1,1,10/18/22
10084876,apartment,groundfloor,259000,forsale,9890,hyperequipped,2021,asnew,gas,1,1,,,,,true,,,1,1,1,10/18/22
10158182,house,house,240000,forsale,5300,installed,,justrenovated,fueloil,299,2,300,true,true,,true,true,,1,2,,10/18/22
9625357,house,house,131000,forsale,2550,notinstalled,1930,,gas,371,3,1664,,true,1100,true,,,1,,,10/18/22
10158172,apartment,apartment,260000,forsale,8870,installed,2020,good,gas,47,2,,,,,true,,,,,,10/18/22
10158154,house,house,290000,forsale,7900,installed,2021,,gas,,3,515,true,,,,,,,2,1,10/18/22
10158153,house,bungalow,445000,forsale,1410,hyperequipped,1973,good,electric,555,2,681,true,,500,true,,,2,3,,10/18/22
10158149,apartment,flatstudio,59000,forsale,4000,notinstalled,,tobedoneup,,251,1,,,,,,,,,,,10/18/22
9641565,house,house,184000,forsale,2550,,,good,gas,,5,155,,true,,true,,,,1,,10/18/22
10121293,house,house,275000,forsale,1420,,,torenovate,fueloil,515,2,207,,,100,,true,,,,,10/18/22
10139887,apartment,apartment,275000,forsale,1040,notinstalled,1912,torenovate,,250,1,,,,,,,,,,,10/18/22
9902523,apartment,serviceflat,299000,forsale,1970,hyperequipped,2016,asnew,,198,1,,,true,,true,,,60,100,1,10/18/22
10084859,apartment,groundfloor,306000,forsale,9890,hyperequipped,2021,asnew,gas,1,2,,,,,true,,,,,1,10/18/22
10084895,apartment,groundfloor,315000,forsale,9890,hyperequipped,2021,asnew,gas,1,2,,,,,true,,,1,1,1,10/18/22
9872254,apartment,duplex,315200,forsale,4650,usainstalled,1850,asnew,,158,3,,,,,,,,,1,1,10/18/22
10084940,apartment,groundfloor,329000,forsale,9890,hyperequipped,2021,asnew,gas,1,2,,,,,true,,,1,1,1,10/18/22
10084861,apartment,groundfloor,332500,forsale,9890,hyperequipped,2021,asnew,gas,1,2,,,,,true,,,,,1,10/18/22
10049535,apartment,apartment,340000,forsale,1000,usahyperequipped,2021,asnew,,41.32,2,,,,,true,,,1,1,1,10/18/22
10138454,apartment,apartment,340000,forsale,9000,hyperequipped,1967,justrenovated,gas,81,3,,,true,,,,,,,,10/18/22
10085797,apartment,apartment,345000,forsale,1140,usahyperequipped,2022,asnew,,33,1,,,true,,true,,,,65,1,10/18/22
10084893,apartment,groundfloor,345000,forsale,9890,hyperequipped,2021,asnew,gas,1,3,,,,,true,,,1,1,1,10/18/22
10084896,apartment,groundfloor,346000,forsale,9890,hyperequipped,2021,asnew,gas,1,3,,,,,true,,,1,1,1,10/18/22
9887298,apartment,apartment,359000,forsale,8200,installed,2021,asnew,,50,2,,,,,true,,,,1,1,10/18/22
10112417,apartment,apartment,439000,forsale,9000,hyperequipped,2020,asnew,gas,1,3,,,,,true,,,,,1,10/18/22
10064699,apartment,apartment,495000,forsale,1040,usahyperequipped,2021,asnew,,45,2,,,true,,true,,,1,1,1,10/18/22
10114717,apartment,penthouse,495000,forsale,9000,hyperequipped,2020,asnew,gas,1,3,,,,,true,,,,,1,10/18/22
8848343,apartment,apartment,511500,forsale,1160,usahyperequipped,2022,asnew,,45,2,,,true,,true,,,,,1,10/18/22
10114734,apartment,apartment,540000,forsale,1180,usahyperequipped,2024,asnew,,85,3,,,true,,true,,,,1,1,10/18/22
10049534,apartment,penthouse,560000,forsale,1000,usahyperequipped,2021,asnew,,44.65,3,,,,,true,,,1,1,1,10/18/22
8950150,apartment,apartment,655000,forsale,1933,hyperequipped,2020,asnew,,55,3,,,true,,true,,,,2,1,10/18/22
10114736,apartment,penthouse,710000,forsale,1180,usahyperequipped,2024,asnew,,85,3,,,true,,true,,,,1,1,10/18/22
10096825,apartment,apartment,749000,forsale,1180,usahyperequipped,2022,asnew,,55,2,,,true,,true,,,,1,1,10/18/22
10139994,apartment,penthouse,750000,forsale,8000,installed,,good,gas,217,3,,,,,true,,,4,,,10/18/22
8950151,apartment,apartment,795000,forsale,1933,hyperequipped,2020,asnew,,55,2,,,true,,true,,,2,2,1,10/18/22
8950154,apartment,apartment,825000,forsale,1933,hyperequipped,2020,asnew,,55,2,,,true,,true,,,,2,1,10/18/22
9863144,apartment,penthouse,1100000,forsale,1180,usahyperequipped,2022,asnew,,55,3,,,,,true,,,,1,1,10/18/22
8950153,apartment,apartment,1295000,forsale,1933,hyperequipped,2020,asnew,,65,4,,,true,,true,,,2,2,1,10/18/22
8950148,apartment,penthouse,1550000,forsale,1933,hyperequipped,2020,asnew,,65,4,,,true,,true,,,,2,1,10/18/22
8950252,apartment,penthouse,1750000,forsale,1933,hyperequipped,2020,asnew,,55,3,,,true,,true,,,2,2,1,10/18/22
8943103,apartment,penthouse,2950000,forsale,1933,hyperequipped,2020,asnew,,55,3,,,true,,true,,,2,2,1,10/18/22
10158182,house,house,240000,forsale,5300,installed,,justrenovated,fueloil,299,2,300,true,true,,true,true,,1,2,,10/18/22
9625357,house,house,131000,forsale,2550,notinstalled,1930,,gas,371,3,1664,,true,1100,true,,,1,,,10/18/22
10158172,apartment,apartment,260000,forsale,8870,installed,2020,good,gas,47,2,,,,,true,,,,,,10/18/22
10158154,house,house,290000,forsale,7900,installed,2021,,gas,,3,515,true,,,,,,,2,1,10/18/22
10158153,house,bungalow,445000,forsale,1410,hyperequipped,1973,good,electric,555,2,681,true,,500,true,,,2,3,,10/18/22
10158149,apartment,flatstudio,59000,forsale,4000,notinstalled,,tobedoneup,,251,1,,,,,,,,,,,10/18/22
9641565,house,house,184000,forsale,2550,,,good,gas,,5,155,,true,,true,,,,1,,10/18/22
10121293,house,house,275000,forsale,1420,,,torenovate,fueloil,515,2,207,,,100,,true,,,,,10/18/22
9610874,apartment,apartment,3297000,forsale,1050,hyperequipped,2015,asnew,gas,63,3,,,true,,true,,,50,50,1,10/18/22
10157907,apartment,apartment,680000,forsale,1640,installed,1989,good,gas,202,4,,,,230,true,,,3,,,10/18/22
10143663,apartment,apartment,169000,forsale,1800,notinstalled,1960,tobedoneup,gas,157,2,,,true,,,,,,,,10/18/22
10130791,apartment,apartment,430000,forsale,1200,installed,2006,good,gas,101,2,,,true,,true,,,1,1,,10/18/22
10003736,apartment,duplex,140000,forsale,4431,semiequipped,1950,good,electric,847,2,,,true,,,,,,,,10/18/22
10150668,apartment,apartment,225000,forsale,1000,installed,1961,good,,247,2,,,,,true,,,,,,10/18/22
10150667,apartment,apartment,225000,forsale,1081,installed,1961,good,,247,2,,,,,true,,,,,,10/18/22
10137001,apartment,apartment,169000,forsale,1090,semiequipped,1965,good,fueloil,200,2,,,true,,,,,1,,,10/18/22
10136406,apartment,apartment,229500,forsale,4470,installed,2003,good,gas,166,3,,,,305,true,,,,,,10/18/22
10138074,apartment,apartment,315000,forsale,9800,installed,1968,justrenovated,gas,265,2,,,,,true,,,,,,10/18/22
10136133,apartment,apartment,350000,forsale,9000,hyperequipped,1967,justrenovated,gas,80,3,,,true,,,,,,,,10/18/22
10137982,apartment,duplex,395000,forsale,1930,installed,2004,asnew,,151,3,,,,,true,,,1,1,,10/18/22
10137074,apartment,apartment,399000,forsale,2580,installed,2014,,gas,140,2,,,,,true,true,,1,,,10/18/22
10135985,apartment,apartment,495000,forsale,1050,installed,,good,gas,265,2,,,true,,true,,,,1,,10/18/22
10136129,apartment,apartment,580000,forsale,1050,usahyperequipped,2013,asnew,gas,125,3,,,,,true,,,100,1,,10/18/22
10136367,apartment,apartment,645000,forsale,8500,hyperequipped,1948,asnew,gas,77,3,,,true,,true,true,,1,,,10/18/22
10155731,apartment,penthouse,340000,forsale,1060,,1983,,gas,824,1,,,true,,true,,,,,,10/18/22
10155276,apartment,apartment,419000,forsale,9000,semiequipped,,good,gas,153,1,,,,,true,,,,,,10/18/22
10095578,apartment,apartment,670000,forsale,1000,hyperequipped,1990,asnew,gas,,2,,,,,,,,1,,,10/18/22
10141311,apartment,flatstudio,159000,forsale,1030,semiequipped,1975,good,gas,315,1,,,,,true,,,,,,10/18/22
10141309,apartment,apartment,159000,forsale,1030,semiequipped,1975,good,gas,315,1,,,,,true,,,,,,10/18/22
10141722,apartment,apartment,196000,forsale,1060,,1960,torenovate,gas,190,1,,,true,,true,,,,,,10/18/22
10141721,apartment,apartment,216000,forsale,1060,,1960,torenovate,gas,190,1,,,true,,true,,,1,,,10/18/22
10130244,apartment,apartment,245000,forsale,6880,notinstalled,2024,asnew,,85,2,,,,,true,,,1,1,1,10/18/22
10123059,apartment,flatstudio,104000,forsale,8370,installed,1969,good,gas,125,0,,,,,,,,,,,10/18/22
9951272,apartment,apartment,135000,forsale,1400,notinstalled,1968,torenovate,fueloil,528,2,,,true,,true,,,,1,,10/18/22
9932751,apartment,apartment,169000,forsale,3680,installed,1990,good,gas,186,3,,,true,,,,,,,,10/18/22
10024964,apartment,apartment,169900,forsale,1090,notinstalled,1968,good,,228,2,,,true,,,,,,,,10/18/22
9698524,apartment,apartment,175000,forsale,1090,notinstalled,1968,good,,228,3,,,true,,true,,,,,,10/18/22
10158182,house,house,240000,forsale,5300,installed,,justrenovated,fueloil,299,2,300,true,true,,true,true,,1,2,,10/18/22
9625357,house,house,131000,forsale,2550,notinstalled,1930,,gas,371,3,1664,,true,1100,true,,,1,,,10/18/22
10158172,apartment,apartment,260000,forsale,8870,installed,2020,good,gas,47,2,,,,,true,,,,,,10/18/22
10158154,house,house,290000,forsale,7900,installed,2021,,gas,,3,515,true,,,,,,,2,1,10/18/22
10158153,house,bungalow,445000,forsale,1410,hyperequipped,1973,good,electric,555,2,681,true,,500,true,,,2,3,,10/18/22
10158149,apartment,flatstudio,59000,forsale,4000,notinstalled,,tobedoneup,,251,1,,,,,,,,,,,10/18/22
9641565,house,house,184000,forsale,2550,,,good,gas,,5,155,,true,,true,,,,1,,10/18/22
10121293,house,house,275000,forsale,1420,,,torenovate,fueloil,515,2,207,,,100,,true,,,,,10/18/22
10118273,apartment,apartment,179000,forsale,4500,installed,1975,good,gas,545,3,,,true,,true,,,,,,10/18/22
9924928,apartment,apartment,189000,forsale,4180,semiequipped,2006,good,electric,689,2,,,true,900,true,,,1,,,10/18/22
10049586,apartment,apartment,199000,forsale,1020,usainstalled,1930,torenovate,,571,2,,,,,true,,,,,,10/18/22
10092231,apartment,apartment,199000,forsale,2100,installed,1966,good,,702,2,,,true,25,true,,,1,,,10/18/22
10122900,apartment,flatstudio,199000,forsale,8430,installed,1977,tobedoneup,electric,173,0,,,true,,true,,,,,,10/18/22
10129395,apartment,apartment,199500,forsale,1030,semiequipped,1964,good,,210,1,,,true,,,,,,,,10/18/22
10095696,apartment,penthouse,210000,forsale,3300,semiequipped,1969,torenovate,gas,386,1,,,true,,true,,,1,,,10/18/22
9983269,apartment,apartment,215000,forsale,1082,installed,1964,tobedoneup,,306,2,,,true,,true,,,,,,10/18/22
10109621,apartment,apartment,229000,forsale,3001,usasemiequipped,1968,good,fueloil,155,1,,,true,,true,,,,100,,10/18/22
9913674,apartment,apartment,239000,forsale,1090,installed,1960,good,,210,2,,,true,,,,,,,,10/18/22
10113731,apartment,apartment,239000,forsale,2660,installed,2009,good,gas,180,2,,,,,true,,,,,,10/18/22
10060572,apartment,apartment,245000,forsale,1140,semiequipped,1964,tobedoneup,gas,293,2,,,true,,,,,,,,10/18/22
9973368,apartment,apartment,245000,forsale,6790,installed,2004,good,fueloil,106,2,,,true,,true,,,,2,,10/18/22
9162472,apartment,apartment,245000,forsale,8900,installed,1980,good,gas,248,2,,,true,,true,,,,,,10/18/22
9645260,apartment,apartment,249000,forsale,1030,installed,1956,asnew,,752,2,,,true,,,,,1,1,,10/18/22
10116644,apartment,apartment,249000,forsale,4460,installed,2015,asnew,,135,2,,,true,,true,,,1,,,10/18/22
9746321,apartment,apartment,250000,forsale,1400,semiequipped,1967,good,gas,422,2,,,true,,true,,,1,,,10/18/22
9959800,apartment,loft,259000,forsale,9600,semiequipped,1930,good,gas,71,3,,,,,,,,,1,,10/18/22
9813650,apartment,loft,259000,forsale,9600,semiequipped,1930,good,gas,71,3,,,,,,,,,1,,10/18/22
10101015,apartment,apartment,260000,forsale,1080,installed,1974,good,fueloil,255,3,,,,,true,,,,8,,10/18/22
10091650,apartment,apartment,265000,forsale,1030,hyperequipped,1956,good,gas,296,1,,,true,,true,,,1,,,10/18/22
10124768,apartment,apartment,279000,forsale,8210,installed,2014,good,,17,3,,,,,true,,,1,,,10/18/22
10103195,apartment,apartment,285000,forsale,8370,installed,2001,good,gas,99,2,,,,,true,,,,,,10/18/22
10072824,apartment,apartment,290000,forsale,1030,usainstalled,2011,good,gas,129,2,,,true,,true,,,1,,,10/18/22
9580453,apartment,apartment,295000,forsale,1020,notinstalled,1960,asnew,,343,2,,,true,,true,,,1,1,,10/18/22
9241727,apartment,duplex,295000,forsale,1200,usahyperequipped,1960,asnew,,350,2,,,,,,,,,,,10/18/22
10066312,apartment,apartment,295000,forsale,1420,usahyperequipped,2007,asnew,electric,230,3,,,true,,,,,2,,,10/18/22
10110854,apartment,apartment,295000,forsale,1850,installed,1965,good,gas,326,2,,,,,true,,,3,,,10/18/22
10110853,apartment,penthouse,295000,forsale,1850,installed,1965,good,gas,326,2,,,,,true,,,3,,,10/18/22
10035237,apartment,apartment,299000,forsale,1020,installed,1900,good,,290,3,,,,,,,,1,,,10/18/22
10158182,house,house,240000,forsale,5300,installed,,justrenovated,fueloil,299,2,300,true,true,,true,true,,1,2,,10/18/22
9625357,house,house,131000,forsale,2550,notinstalled,1930,,gas,371,3,1664,,true,1100,true,,,1,,,10/18/22
10158172,apartment,apartment,260000,forsale,8870,installed,2020,good,gas,47,2,,,,,true,,,,,,10/18/22
10158154,house,house,290000,forsale,7900,installed,2021,,gas,,3,515,true,,,,,,,2,1,10/18/22
10158153,house,bungalow,445000,forsale,1410,hyperequipped,1973,good,electric,555,2,681,true,,500,true,,,2,3,,10/18/22
10158149,apartment,flatstudio,59000,forsale,4000,notinstalled,,tobedoneup,,251,1,,,,,,,,,,,10/18/22
9641565,house,house,184000,forsale,2550,,,good,gas,,5,155,,true,,true,,,,1,,10/18/22
10121293,house,house,275000,forsale,1420,,,torenovate,fueloil,515,2,207,,,100,,true,,,,,10/18/22
10011498,apartment,apartment,325000,forsale,1020,installed,1961,asnew,,186,3,,,true,,,,true,,,,10/18/22
9950846,apartment,apartment,325000,forsale,1050,usahyperequipped,1958,asnew,,149,1,,,true,,true,,,,,,10/18/22
10104303,apartment,apartment,345000,forsale,9000,installed,1968,good,gas,181,3,,,true,,,,,1,,,10/18/22
10122854,apartment,duplex,349000,forsale,9890,installed,1986,good,,182,4,,,,,true,,,,2,,10/18/22
10124932,apartment,loft,355000,forsale,1180,usahyperequipped,1900,asnew,gas,80,1,,,,,true,,,,,,10/18/22
10096714,apartment,duplex,365000,forsale,1080,usainstalled,2009,asnew,gas,162,3,,,true,,,,,,1,,10/18/22
10096713,apartment,duplex,365000,forsale,1081,usainstalled,2009,asnew,gas,162,3,,,true,,,,,,1,,10/18/22
10083958,apartment,apartment,365000,forsale,1150,semiequipped,1978,good,,322,2,,,true,,true,,,,,,10/18/22
10029908,apartment,apartment,365000,forsale,2630,usahyperequipped,1969,justrenovated,gas,107,2,,,,,true,,,,,,10/18/22
9941943,apartment,apartment,379000,forsale,8430,semiequipped,1978,good,gas,538,3,,,true,,,,,,,,10/18/22
10107787,apartment,penthouse,395000,forsale,1150,installed,1979,good,,194,2,,,,,true,,,,1,,10/18/22
10118253,apartment,apartment,415000,forsale,1000,installed,2013,good,gas,126,2,,,,,true,,,,,,10/18/22
10066186,apartment,apartment,420000,forsale,9600,installed,2017,good,,114,2,,,true,,true,,,,,,10/18/22
9909110,apartment,apartment,430000,forsale,1050,hyperequipped,2006,asnew,gas,110,2,,,true,,true,,,1,,,10/18/22
9641252,apartment,penthouse,445000,forsale,1080,installed,2004,good,electric,362,2,,,true,,true,,,1,1,,10/18/22
10048901,apartment,apartment,475000,forsale,1170,installed,1969,good,fueloil,216,3,,,true,,true,,,1,2,,10/18/22
10062146,apartment,apartment,485000,forsale,1180,hyperequipped,1971,asnew,gas,148,3,,,true,,true,,,2,1,,10/18/22
9763277,apartment,penthouse,495000,forsale,2070,hyperequipped,2018,asnew,,99,2,,,,,true,,,1,1,,10/18/22
9976027,apartment,loft,499000,forsale,1850,notinstalled,1998,good,,152,3,,,true,,true,,,,1,,10/18/22
9951833,apartment,apartment,499000,forsale,1850,notinstalled,1998,good,,152,3,,,true,,true,,,,1,,10/18/22
9537455,apartment,apartment,549000,forsale,1050,hyperequipped,1950,asnew,,154,1,,,true,,true,,,1,,,10/18/22
10106848,apartment,apartment,575000,forsale,2360,installed,1995,asnew,,99,3,,,,,true,true,,2,,,10/18/22
10061086,apartment,apartment,595000,forsale,2360,installed,1992,asnew,gas,112,3,,,,,true,,,2,,,10/18/22
10008228,apartment,duplex,629000,forsale,2018,installed,1958,asnew,,362,2,,,true,150,true,true,,,1,,10/18/22
8560272,apartment,apartment,700000,forsale,1180,hyperequipped,1950,asnew,,159,3,,,true,,true,true,,1,,,10/18/22
10128224,apartment,apartment,795000,forsale,1040,installed,1950,asnew,,201,4,,,,,,,,,,,10/18/22
9953228,apartment,apartment,845000,forsale,1180,hyperequipped,1972,tobedoneup,,132,3,,,true,,true,true,,1,2,,10/18/22
10120034,apartment,duplex,975000,forsale,1060,usahyperequipped,1930,asnew,gas,189,4,,,,,true,,,,1,,10/18/22
9150185,apartment,apartment,980000,forsale,1050,hyperequipped,1920,good,gas,238,3,,,true,,true,,,,,,10/18/22
10075221,apartment,penthouse,1050000,forsale,8620,installed,2000,asnew,electric,468,2,,,,,true,,,,1,,10/18/22
10158182,house,house,240000,forsale,5300,installed,,justrenovated,fueloil,299,2,300,true,true,,true,true,,1,2,,10/18/22
9625357,house,house,131000,forsale,2550,notinstalled,1930,,gas,371,3,1664,,true,1100,true,,,1,,,10/18/22
10158172,apartment,apartment,260000,forsale,8870,installed,2020,good,gas,47,2,,,,,true,,,,,,10/18/22
10158154,house,house,290000,forsale,7900,installed,2021,,gas,,3,515,true,,,,,,,2,1,10/18/22
10158153,house,bungalow,445000,forsale,1410,hyperequipped,1973,good,electric,555,2,681,true,,500,true,,,2,3,,10/18/22
10158149,apartment,flatstudio,59000,forsale,4000,notinstalled,,tobedoneup,,251,1,,,,,,,,,,,10/18/22
9641565,house,house,184000,forsale,2550,,,good,gas,,5,155,,true,,true,,,,1,,10/18/22
10121293,house,house,275000,forsale,1420,,,torenovate,fueloil,515,2,207,,,100,,true,,,,,10/18/22
9915342,apartment,penthouse,1125000,forsale,1180,hyperequipped,1968,asnew,gas,967,4,,,true,,true,true,,2,,,10/18/22
10145352,apartment,apartment,448000,forsale,1040,hyperequipped,1910,asnew,gas,182,2,,,true,30,true,,,,,,10/18/22
10146022,apartment,apartment,1345000,forsale,8300,usahyperequipped,2017,asnew,gas,58,3,,,true,,true,true,,,,,10/18/22
10149503,apartment,duplex,333400,forsale,9070,usahyperequipped,,asnew,gas,,2,,,,,true,,,,,1,10/18/22
10149501,apartment,duplex,365250,forsale,9070,usahyperequipped,,asnew,gas,,2,,,,,true,,,,,1,10/18/22
10149502,apartment,duplex,451250,forsale,9070,usahyperequipped,,asnew,gas,,3,,,,,true,,,,,1,10/18/22
10042040,apartment,apartment,109000,forsale,4500,semiequipped,,good,gas,290,2,,,true,,,,,,,,10/18/22
10134552,apartment,apartment,150000,forsale,6001,semiequipped,,good,fueloil,183,2,,,true,,true,,,2,,,10/18/22
10134743,apartment,apartment,175000,forsale,2660,semiequipped,1991,tobedoneup,gas,106,2,,,,,true,,,,,,10/18/22
10135460,apartment,loft,599999,forsale,1000,hyperequipped,,good,gas,102,2,,,true,,true,,,2,,,10/18/22
10157015,apartment,apartment,336616,forsale,9770,installed,2022,asnew,gas,,3,,,,189,true,,,,,1,10/18/22
10154062,apartment,flatstudio,195000,forsale,1190,notinstalled,1960,tobedoneup,,253,0,,,true,,,,,,,,10/18/22
10141110,apartment,penthouse,1995000,forsale,1050,usahyperequipped,2018,asnew,,,4,,,,,true,,,,2,1,10/18/22
9855459,apartment,apartment,281750,forsale,2230,hyperequipped,2021,asnew,gas,,2,,,,,true,,,,,1,10/18/22
10102007,apartment,apartment,310000,forsale,1180,usainstalled,2020,asnew,gas,,2,,,,,,,,,,1,10/18/22
10024401,apartment,apartment,315000,forsale,2650,installed,2023,asnew,gas,,1,,,,,true,,,,,1,10/18/22
10024399,apartment,apartment,320000,forsale,2650,installed,2023,asnew,gas,,1,,,,,true,,,,,1,10/18/22
10120702,apartment,apartment,349000,forsale,9032,installed,2020,asnew,gas,,3,,,,,true,,,1,,1,10/18/22
10120701,apartment,penthouse,349000,forsale,9032,installed,2020,asnew,gas,,2,,,,,true,,,1,1,1,10/18/22
9824213,apartment,apartment,350000,forsale,1090,usahyperequipped,2021,asnew,gas,,2,,,true,,true,,,1,1,1,10/18/22
9828202,apartment,apartment,365000,forsale,8000,installed,2016,asnew,gas,,2,,,,,true,,,,,1,10/18/22
10053668,apartment,apartment,403000,forsale,1050,usahyperequipped,2024,asnew,gas,,1,,,,,true,,,,,1,10/18/22
10024400,apartment,apartment,420000,forsale,2650,installed,2023,asnew,gas,,2,,,,,true,,,,,1,10/18/22
10024398,apartment,apartment,425000,forsale,2650,installed,2023,asnew,gas,,2,,,,,true,,,,,1,10/18/22
10104221,apartment,duplex,429000,forsale,1000,usahyperequipped,2020,asnew,gas,,2,,,true,,true,,,,1,1,10/18/22
9792693,apartment,penthouse,445000,forsale,1410,notinstalled,2012,asnew,gas,109,3,,,,,true,,,,,1,10/18/22
10064698,apartment,apartment,465000,forsale,1180,usahyperequipped,2021,asnew,gas,,2,,,true,,true,,,,,1,10/18/22
10121354,apartment,apartment,477122,forsale,9070,hyperequipped,2020,asnew,gas,,3,,,,,true,,,,,1,10/18/22
10062943,apartment,apartment,582500,forsale,1180,usahyperequipped,2021,asnew,gas,,3,,,true,,true,,,1,1,1,10/18/22
10024397,apartment,apartment,590000,forsale,2650,installed,2023,asnew,gas,,2,,,,,true,,,,,1,10/18/22
10158182,house,house,240000,forsale,5300,installed,,justrenovated,fueloil,299,2,300,true,true,,true,true,,1,2,,10/18/22
9625357,house,house,131000,forsale,2550,notinstalled,1930,,gas,371,3,1664,,true,1100,true,,,1,,,10/18/22
10158172,apartment,apartment,260000,forsale,8870,installed,2020,good,gas,47,2,,,,,true,,,,,,10/18/22
10158154,house,house,290000,forsale,7900,installed,2021,,gas,,3,515,true,,,,,,,2,1,10/18/22
10158153,house,bungalow,445000,forsale,1410,hyperequipped,1973,good,electric,555,2,681,true,,500,true,,,2,3,,10/18/22
10158149,apartment,flatstudio,59000,forsale,4000,notinstalled,,tobedoneup,,251,1,,,,,,,,,,,10/18/22
9641565,house,house,184000,forsale,2550,,,good,gas,,5,155,,true,,true,,,,1,,10/18/22
10121293,house,house,275000,forsale,1420,,,torenovate,fueloil,515,2,207,,,100,,true,,,,,10/18/22
9945754,apartment,penthouse,1350000,forsale,1180,usahyperequipped,2019,asnew,gas,,3,,,,,true,,,1,,1,10/18/22
10157631,apartment,apartment,249000,forsale,4051,usainstalled,2019,asnew,gas,84,2,,,true,,true,,,1,2,,10/18/22
10157914,apartment,apartment,564000,forsale,2000,usahyperequipped,2017,good,gas,117,2,,,,,true,,,1,1,,10/18/22
10157546,apartment,apartment,650000,forsale,8300,hyperequipped,1968,asnew,gas,315,2,,,,,true,,,,,,10/18/22
10142973,apartment,apartment,180000,forsale,1030,usainstalled,1936,justrenovated,gas,194,1,,,,,,,,,,,10/18/22
10144125,apartment,apartment,190000,forsale,1200,usasemiequipped,,good,gas,178,1,,,true,,true,,,,,,10/18/22
10143199,apartment,apartment,200000,forsale,1190,,1913,torenovate,electric,963,1,,,,,true,,,,,,10/18/22
10144370,apartment,apartment,235000,forsale,1190,notinstalled,1940,torenovate,gas,403,2,,,true,80,true,,,,,,10/18/22
10142714,apartment,duplex,287000,forsale,1780,usahyperequipped,,asnew,gas,501,3,,,true,,true,,,,,,10/18/22
10144032,apartment,apartment,328000,forsale,1070,,,good,gas,230,2,,,true,,true,,,,,,10/18/22
10143353,apartment,apartment,375000,forsale,1050,hyperequipped,1930,asnew,gas,325,2,,,,,true,,,,,,10/18/22
10130328,apartment,apartment,270000,forsale,1040,hyperequipped,1910,asnew,gas,176,1,,,true,,true,,,,,,10/18/22
10148429,apartment,apartment,415000,forsale,9051,hyperequipped,2022,,gas,,2,,,,,true,,,15,,1,10/18/22
10148427,apartment,apartment,430000,forsale,9051,hyperequipped,2022,,gas,,2,,,,,true,,,15,,1,10/18/22
10148425,apartment,apartment,790000,forsale,9051,hyperequipped,2022,,gas,,3,,,,,true,,,15,,1,10/18/22
10133608,apartment,apartment,215000,forsale,6791,installed,,good,gas,318,2,,,true,,,,,,,,10/18/22
10152360,apartment,apartment,415000,forsale,1325,semiequipped,2021,,gas,44,2,,,,168,true,,,,2,1,10/18/22
10152364,apartment,apartment,420000,forsale,1325,,2021,,,35,2,,,,,true,,,,2,1,10/18/22
10150908,apartment,apartment,190000,forsale,1190,semiequipped,,torenovate,gas,405,1,,,true,,true,,,,,,10/18/22
10149775,apartment,apartment,415000,forsale,8380,,,asnew,gas,182,2,,,true,,,,,1,,,10/18/22
10156768,apartment,apartment,260000,forsale,9600,installed,2021,,,54,2,,,,,true,,,,,,10/18/22
10155230,apartment,duplex,265000,forsale,1020,usainstalled,1938,good,,208,2,,,,,true,true,,,,,10/18/22
10155423,apartment,groundfloor,295000,forsale,1030,installed,,good,fueloil,581,2,,,true,,true,,,,,,10/18/22
10154559,apartment,triplex,395000,forsale,1030,installed,1912,asnew,gas,474,4,,,true,,,,,,,,10/18/22
10154820,apartment,apartment,499000,forsale,1050,hyperequipped,2016,asnew,gas,71,2,,,true,,,,,1,1,,10/18/22
10146909,apartmentgroup,apartmentgroup,415000-790000,forsale,9051,,,,,,,,,,,,,,1,1,1,10/18/22
10141149,apartment,apartment,220000,forsale,1070,,2022,asnew,gas,40,1,,,true,,,,,,,,10/18/22
10141868,apartment,apartment,365000,forsale,1000,,1964,good,gas,381,3,,,true,,true,,,,,,10/18/22
10131245,apartment,apartment,477000,forsale,1435,usahyperequipped,2022,asnew,gas,105,3,,,,,true,,,1,1,1,10/18/22
10141064,apartment,apartment,495000,forsale,1000,usahyperequipped,1995,asnew,gas,109,2,,,true,,true,,,,1,,10/18/22
10158182,house,house,240000,forsale,5300,installed,,justrenovated,fueloil,299,2,300,true,true,,true,true,,1,2,,10/18/22
9625357,house,house,131000,forsale,2550,notinstalled,1930,,gas,371,3,1664,,true,1100,true,,,1,,,10/18/22
10158172,apartment,apartment,260000,forsale,8870,installed,2020,good,gas,47,2,,,,,true,,,,,,10/18/22
10158154,house,house,290000,forsale,7900,installed,2021,,gas,,3,515,true,,,,,,,2,1,10/18/22
10158153,house,bungalow,445000,forsale,1410,hyperequipped,1973,good,electric,555,2,681,true,,500,true,,,2,3,,10/18/22
10158149,apartment,flatstudio,59000,forsale,4000,notinstalled,,tobedoneup,,251,1,,,,,,,,,,,10/18/22
9641565,house,house,184000,forsale,2550,,,good,gas,,5,155,,true,,true,,,,1,,10/18/22
10121293,house,house,275000,forsale,1420,,,torenovate,fueloil,515,2,207,,,100,,true,,,,,10/18/22
10141397,apartment,groundfloor,520000,forsale,1200,usahyperequipped,2013,asnew,gas,71,3,,,true,65,true,,,1,,,10/18/22
10141065,apartment,apartment,530000,forsale,1000,usahyperequipped,1995,asnew,gas,135,2,,,true,,true,,,,1,,10/18/22
10086536,apartment,apartment,165000,forsale,1090,usainstalled,1950,good,gas,204,1,,true,,,true,,,,,,10/18/22
9784176,apartment,apartment,165000,forsale,1120,hyperequipped,1977,good,gas,344,1,,,true,,true,,,,,,10/18/22
10122041,apartment,apartment,170000,forsale,9700,,1974,good,gas,192,1,,,,,true,,,,,,10/18/22
9801567,apartment,apartment,175000,forsale,1020,notinstalled,1958,good,gas,448,2,,,,,true,,,1,,,10/18/22
9946861,apartment,apartment,179000,forsale,5100,,1994,good,gas,112,2,,,true,,,,,,1,,10/18/22
9711112,apartment,apartment,185000,forsale,1370,installed,2010,good,gas,98,1,,,,,true,,,,1,,10/18/22
10106816,apartment,apartment,189000,forsale,1080,installed,1935,good,gas,950,2,,,,,,,,,,,10/18/22
10119967,apartment,apartment,195000,forsale,1090,,1954,torenovate,gas,209,1,,,true,,true,,,1,,,10/18/22
10062236,apartment,apartment,209000,forsale,1731,usahyperequipped,1940,good,gas,1181,1,,,true,,true,,,,1,,10/18/22
9991514,apartment,apartment,210000,forsale,1800,,1963,tobedoneup,gas,183,2,,,true,,true,,,,,,10/18/22
10122284,apartment,apartment,229000,forsale,1160,notinstalled,1960,good,gas,310,1,,,,,,,,,,,10/18/22
10081267,apartment,apartment,235000,forsale,9550,installed,2008,good,gas,,2,,,,,,,,,1,,10/18/22
9404207,apartment,apartment,245000,forsale,1090,usasemiequipped,1977,justrenovated,gas,147,2,,,true,,true,,,,,,10/18/22
10127345,apartment,apartment,245000,forsale,1190,notinstalled,1960,tobedoneup,gas,406,1,,,true,,true,,,,,,10/18/22
10054421,apartment,apartment,249000,forsale,1800,installed,1971,tobedoneup,fueloil,494,2,,,true,,,,,,1,,10/18/22
10114351,apartment,duplex,250000,forsale,1030,,1930,tobedoneup,gas,534,1,,,,,,,,,,,10/18/22
10079841,apartment,apartment,265000,forsale,1050,installed,1932,justrenovated,gas,,1,,,,,true,,,,,,10/18/22
10032227,apartment,apartment,270000,forsale,1785,,1998,good,electric,314,2,,,,,,,,,,,10/18/22
10039150,apartment,penthouse,275000,forsale,8750,usahyperequipped,2021,tobedoneup,gas,123,3,,,,,true,true,,,2,,10/18/22
10116883,apartment,apartment,320000,forsale,1180,,1980,justrenovated,electric,311,2,,,,,,,,,,,10/18/22
10060837,apartment,apartment,339000,forsale,1000,installed,2013,justrenovated,gas,169,1,,,,,true,,,,,,10/18/22
9946375,apartment,apartment,340000,forsale,3000,,1977,good,electric,332,2,,,,,true,,,,,,10/18/22
10113123,apartment,apartment,360000,forsale,9600,hyperequipped,2014,good,gas,114,3,,,,,true,,,,,,10/18/22
9984362,apartment,apartment,385000,forsale,3001,,1960,tobedoneup,gas,160,2,,,true,,true,,,,,,10/18/22
10117003,apartment,apartment,415000,forsale,1040,installed,2016,asnew,gas,106,2,,,,,true,,,1,,,10/18/22
10060840,apartment,apartment,429000,forsale,1000,installed,2013,justrenovated,gas,171,2,,,,,,,,,,,10/18/22
10099724,apartment,apartment,445000,forsale,1000,,2014,asnew,gas,71,2,,,true,,true,,,1,,,10/18/22
10129527,apartment,apartment,445000,forsale,1150,,1958,good,gas,269,2,,,true,,true,true,,1,1,,10/18/22
10158182,house,house,240000,forsale,5300,installed,,justrenovated,fueloil,299,2,300,true,true,,true,true,,1,2,,10/18/22
9625357,house,house,131000,forsale,2550,notinstalled,1930,,gas,371,3,1664,,true,1100,true,,,1,,,10/18/22
10158172,apartment,apartment,260000,forsale,8870,installed,2020,good,gas,47,2,,,,,true,,,,,,10/18/22
10158154,house,house,290000,forsale,7900,installed,2021,,gas,,3,515,true,,,,,,,2,1,10/18/22
10158153,house,bungalow,445000,forsale,1410,hyperequipped,1973,good,electric,555,2,681,true,,500,true,,,2,3,,10/18/22
10158149,apartment,flatstudio,59000,forsale,4000,notinstalled,,tobedoneup,,251,1,,,,,,,,,,,10/18/22
9641565,house,house,184000,forsale,2550,,,good,gas,,5,155,,true,,true,,,,1,,10/18/22
10121293,house,house,275000,forsale,1420,,,torenovate,fueloil,515,2,207,,,100,,true,,,,,10/18/22
10060841,apartment,apartment,449000,forsale,1000,installed,2013,justrenovated,gas,129,2,,,,,true,,,,,,10/18/22
10060838,apartment,apartment,449000,forsale,1000,installed,2013,justrenovated,gas,173,2,,,,,true,,,,,,10/18/22
10104975,apartment,penthouse,475000,forsale,8790,installed,2019,good,gas,,3,,,,,true,,,,,,10/18/22
10104971,apartment,apartment,475000,forsale,8790,installed,2019,good,gas,,3,,,,,true,,,,,,10/18/22
10125630,apartment,penthouse,485000,forsale,9000,hyperequipped,1868,asnew,gas,192,2,,,,,true,,,,,,10/18/22
10001991,apartment,apartment,490000,forsale,6700,,2009,asnew,gas,247,2,,,,,true,true,,,,,10/18/22
10033099,apartment,apartment,510000,forsale,1200,,1964,good,fueloil,542,3,,,true,,true,,,,,,10/18/22
9948937,apartment,duplex,590000,forsale,1000,hyperequipped,2001,asnew,gas,181,2,,,true,,,true,,,,,10/18/22
9948938,apartment,duplex,625000,forsale,1000,usahyperequipped,2001,asnew,gas,168,3,,,true,,,,,,,,10/18/22
10129418,apartment,apartment,699000,forsale,1150,installed,2010,good,gas,115,3,,,,,true,,,,,,10/18/22
9939030,apartment,penthouse,1690000,forsale,1200,,2015,asnew,gas,114,3,,,true,,true,true,,,2,,10/18/22
10144878,apartment,flatstudio,159000,forsale,8400,installed,1986,good,gas,129,1,,,,,,,,,,,10/18/22
10132597,apartment,apartment,199000,forsale,1400,installed,,good,gas,298,2,,,true,,,,,,,,10/18/22
10098080,apartment,apartment,399000,forsale,1200,,1973,asnew,gas,161,2,,,,,,,,4,,,10/18/22
10132595,apartment,apartment,545000,forsale,9000,notinstalled,1977,tobedoneup,gas,210,3,,,true,,true,,,,1,,10/18/22
10148990,apartment,penthouse,700000,forsale,1200,hyperequipped,2021,asnew,gas,45,3,,,true,,true,,,1,1,1,10/18/22
10156996,apartment,apartment,278000,forsale,9000,,2021,,gas,,1,,,,,true,,,,,1,10/18/22
10157008,apartment,apartment,305000,forsale,9000,,2021,,gas,,1,,,,,true,,,,,1,10/18/22
10156995,apartment,apartment,309000,forsale,9000,,2021,,gas,,1,,,,,true,,,,,1,10/18/22
10157002,apartment,apartment,314000,forsale,9000,,2021,,gas,,1,,,,,true,,,,,1,10/18/22
10157009,apartment,apartment,410000,forsale,9000,,2021,,gas,,2,,,,,true,,,,,1,10/18/22
10157004,apartment,apartment,430000,forsale,9000,,2021,,gas,,2,,,,,true,,,,,1,10/18/22
10157003,apartment,apartment,435000,forsale,9000,,2021,,gas,,2,,,,,true,,,,,1,10/18/22
10157001,apartment,apartment,442000,forsale,9000,,2021,,gas,,1,,,,,true,,,,,1,10/18/22
10156994,apartment,apartment,446000,forsale,9000,,2021,,gas,,2,,,,,true,,,,,1,10/18/22
10157000,apartment,apartment,495000,forsale,9000,,2021,,gas,,3,,,,,true,,,,,1,10/18/22
10157007,apartment,apartment,507000,forsale,9000,,2021,,gas,,3,,,,,true,,,,,1,10/18/22
10153103,apartment,apartment,230000,forsale,2580,,1975,,gas,255,2,,,true,,true,true,,2,1,,10/18/22
10152022,apartment,apartment,245000,forsale,1785,installed,1994,good,gas,264,2,,,,,true,,,1,,,10/18/22
10143201,apartment,apartment,255000,forsale,1800,hyperequipped,1970,justrenovated,gas,210,2,,,true,,true,true,,,,,10/18/22
10158182,house,house,240000,forsale,5300,installed,,justrenovated,fueloil,299,2,300,true,true,,true,true,,1,2,,10/18/22
9625357,house,house,131000,forsale,2550,notinstalled,1930,,gas,371,3,1664,,true,1100,true,,,1,,,10/18/22
10158172,apartment,apartment,260000,forsale,8870,installed,2020,good,gas,47,2,,,,,true,,,,,,10/18/22
10158154,house,house,290000,forsale,7900,installed,2021,,gas,,3,515,true,,,,,,,2,1,10/18/22
10158153,house,bungalow,445000,forsale,1410,hyperequipped,1973,good,electric,555,2,681,true,,500,true,,,2,3,,10/18/22
10158149,apartment,flatstudio,59000,forsale,4000,notinstalled,,tobedoneup,,251,1,,,,,,,,,,,10/18/22
9641565,house,house,184000,forsale,2550,,,good,gas,,5,155,,true,,true,,,,1,,10/18/22
10121293,house,house,275000,forsale,1420,,,torenovate,fueloil,515,2,207,,,100,,true,,,,,10/18/22
10152532,apartment,apartment,280000,forsale,1030,installed,1940,justrenovated,gas,274,2,,,true,,,,,,,,10/18/22
10153724,apartment,apartment,295000,forsale,1030,installed,,good,fueloil,581,2,,,true,,true,,,,,,10/18/22
10152573,apartment,apartment,325000,forsale,1200,usahyperequipped,,good,gas,245,2,,,true,,,,,1,,,10/18/22
10153169,apartment,apartment,349000,forsale,9300,installed,2002,good,gas,88,3,,,,,true,,,1,,,10/18/22
10121035,apartment,duplex,462000,forsale,1850,usahyperequipped,2001,,gas,261,2,,,,260,true,true,,,3,,10/18/22
10152513,apartment,apartment,1495000,forsale,1050,hyperequipped,1900,asnew,gas,171,3,,true,true,,true,true,,1,,,10/18/22
10140161,apartment,groundfloor,169000,forsale,9200,semiequipped,2004,good,gas,150,1,,,,,,,,1,,,10/18/22
10138935,apartment,apartment,179000,forsale,1070,usainstalled,,tobedoneup,gas,298,1,,,,,,,,,,,10/18/22
9989190,apartment,apartment,199000,forsale,5060,installed,2022,asnew,gas,53,2,,,true,,true,true,,,1,1,10/18/22
10096772,apartment,apartment,219900,forsale,4950,,2022,asnew,,85,2,,,,,true,,,,,1,10/18/22
9989191,apartment,apartment,224000,forsale,5060,installed,2022,asnew,gas,49,2,,,true,,true,true,,,1,1,10/18/22
9989189,apartment,apartment,224000,forsale,5060,installed,2022,asnew,gas,49,2,,,true,,true,true,,,1,1,10/18/22
9989188,apartment,apartment,224000,forsale,5060,installed,2022,asnew,gas,72,2,,,true,,true,true,,,1,1,10/18/22
9895972,apartment,apartment,234000,forsale,5000,usahyperequipped,2022,asnew,gas,75,2,,,true,,true,,,,,1,10/18/22
9989187,apartment,apartment,234000,forsale,5060,installed,2022,asnew,gas,80,2,,,true,,true,true,,,1,1,10/18/22
10138295,apartment,apartment,235000,forsale,6700,installed,2003,good,electric,309,2,,,,,,,,,1,,10/18/22
9681189,apartment,apartment,235920,forsale,7100,usahyperequipped,2018,,gas,89,3,,,true,,true,,,1,,1,10/18/22
9681863,apartment,apartment,240402,forsale,7100,usahyperequipped,2018,,gas,51,2,,,true,,true,,,,,1,10/18/22
10109593,apartment,apartment,248250,forsale,4121,installed,2022,asnew,gas,94,2,,,,,true,,,,,1,10/18/22
9797238,apartment,apartment,254000,forsale,6800,notinstalled,2022,asnew,gas,125,2,,,,94,true,,,,,1,10/18/22
9881585,apartment,apartment,254216,forsale,7100,usahyperequipped,2018,,gas,60,3,,,,,true,,,1,,1,10/18/22
10018554,apartment,duplex,256555,forsale,4620,installed,2021,asnew,gas,121,3,,,true,,true,true,,1,1,1,10/18/22
10018555,apartment,duplex,256957,forsale,4620,installed,2021,asnew,gas,109,3,,,true,,true,true,,1,1,1,10/18/22
9681870,apartment,apartment,258978,forsale,7100,usahyperequipped,2018,,gas,55,3,,,,,true,,,1,,1,10/18/22
9610367,apartment,penthouse,262500,forsale,7100,usahyperequipped,2018,,gas,78,3,,,true,,true,,,1,,1,10/18/22
10107465,apartment,apartment,265000,forsale,1000,usainstalled,2025,asnew,gas,45,1,,,true,,true,,,,50,1,10/18/22
9681974,apartment,penthouse,270663,forsale,7100,usahyperequipped,2018,,gas,83,3,,,,,true,,,1,,1,10/18/22
9844754,apartment,apartment,272500,forsale,1000,usahyperequipped,2024,,gas,5,2,,,true,,true,,,,1,1,10/18/22
9846382,apartment,apartment,272500,forsale,1070,usahyperequipped,2024,,gas,5,2,,,true,,true,,,,1,1,10/18/22
10109931,apartment,groundfloor,282000,forsale,1000,hyperequipped,2025,asnew,gas,40,1,,,,,true,,,,,1,10/18/22
10158182,house,house,240000,forsale,5300,installed,,justrenovated,fueloil,299,2,300,true,true,,true,true,,1,2,,10/18/22
9625357,house,house,131000,forsale,2550,notinstalled,1930,,gas,371,3,1664,,true,1100,true,,,1,,,10/18/22
10158172,apartment,apartment,260000,forsale,8870,installed,2020,good,gas,47,2,,,,,true,,,,,,10/18/22
10158154,house,house,290000,forsale,7900,installed,2021,,gas,,3,515,true,,,,,,,2,1,10/18/22
10158153,house,bungalow,445000,forsale,1410,hyperequipped,1973,good,electric,555,2,681,true,,500,true,,,2,3,,10/18/22
10158149,apartment,flatstudio,59000,forsale,4000,notinstalled,,tobedoneup,,251,1,,,,,,,,,,,10/18/22
9641565,house,house,184000,forsale,2550,,,good,gas,,5,155,,true,,true,,,,1,,10/18/22
10121293,house,house,275000,forsale,1420,,,torenovate,fueloil,515,2,207,,,100,,true,,,,,10/18/22
9989192,apartment,apartment,284000,forsale,5060,installed,2022,asnew,gas,63,2,,,true,,true,true,,,1,1,10/18/22
9756956,apartment,apartment,287500,forsale,1500,usahyperequipped,2023,asnew,gas,,2,,,,,true,,,1,1,1,10/18/22
10098809,apartment,groundfloor,289000,forsale,1090,usahyperequipped,2022,asnew,gas,39.76,1,,,true,,,,,11,11,1,10/18/22
10003503,apartment,apartment,295000,forsale,1332,installed,2016,asnew,gas,89,1,,,true,,true,,,,,1,10/18/22
10107466,apartment,apartment,306000,forsale,1000,usainstalled,2025,asnew,gas,45,2,,,true,,true,,,,,1,10/18/22
10063192,apartment,apartment,329000,forsale,1300,usahyperequipped,,asnew,gas,93,2,,,true,,true,,,,12,1,10/18/22
9989193,apartment,duplex,339000,forsale,5060,installed,2022,asnew,gas,61,2,,,true,,true,true,,,1,1,10/18/22
9875322,apartment,penthouse,344000,forsale,2830,installed,2021,,gas,21,3,,,,,true,,,,,1,10/18/22
10119693,apartment,apartment,355000,forsale,1030,usahyperequipped,2023,asnew,,42,2,,,true,,true,,,,1,1,10/18/22
9661467,apartment,apartment,360000,forsale,1300,usahyperequipped,2021,asnew,gas,117,2,,,true,,true,,,1,,1,10/18/22
10088029,apartment,duplex,365000,forsale,1090,usahyperequipped,2021,asnew,gas,123,2,,,true,,true,,,1,1,1,10/18/22
10098811,apartment,groundfloor,369000,forsale,1090,usahyperequipped,2022,asnew,gas,78,1,,,true,25,true,,,11,11,1,10/18/22
9941390,apartment,apartment,369500,forsale,8000,hyperequipped,2021,,gas,30,2,,,true,,true,,,1,1,1,10/18/22
9941389,apartment,apartment,369500,forsale,8000,hyperequipped,2021,,gas,30,2,,,true,,true,,,1,1,1,10/18/22
10107765,apartment,apartment,370000,forsale,1490,hyperequipped,2017,asnew,gas,73,2,,,true,,true,,,1,,1,10/18/22
10104678,apartment,apartment,377000,forsale,1435,usahyperequipped,2022,asnew,gas,105,2,,,,,true,,,1,1,1,10/18/22
10107509,apartment,groundfloor,382000,forsale,1000,hyperequipped,2025,asnew,gas,33,3,,,true,,true,,,,,1,10/18/22
10109930,apartment,groundfloor,406000,forsale,1000,hyperequipped,2025,asnew,gas,44,2,,,true,,true,,,,,1,10/18/22
10011499,apartment,duplex,450000,forsale,1000,usahyperequipped,2019,,gas,120,3,,,,,true,,,1,,1,10/18/22
9922104,apartment,penthouse,450000,forsale,1130,usahyperequipped,2020,,gas,80,3,,,,,true,,,,,1,10/18/22
9922105,apartment,penthouse,450000,forsale,1140,usahyperequipped,2020,,gas,80,3,,,,,true,,,,,1,10/18/22
9792190,apartment,apartment,485000,forsale,1180,usahyperequipped,2021,asnew,gas,14,2,,,,,true,,,1,,1,10/18/22
10110732,apartment,groundfloor,488000,forsale,1050,usahyperequipped,2022,asnew,gas,85,2,,,,,true,,,,,1,10/18/22
10098810,apartment,groundfloor,499000,forsale,1090,usahyperequipped,2022,asnew,gas,37.65,3,,,true,82,true,,,11,11,1,10/18/22
10059409,apartment,apartment,511500,forsale,1160,usahyperequipped,2022,,gas,15,2,,,,,true,,,1,1,1,10/18/22
10139136,apartment,apartment,520000,forsale,1000,usahyperequipped,1995,asnew,gas,159,2,,,true,,true,,,,1,,10/18/22
9863143,apartment,apartment,555000,forsale,1180,usahyperequipped,2024,asnew,,55,2,,,true,,true,true,,,1,1,10/18/22
10059408,apartment,apartment,557600,forsale,1030,usahyperequipped,,asnew,gas,209,2,,,true,,,,,,,1,10/18/22
10009435,apartment,apartment,585000,forsale,1000,usahyperequipped,2021,asnew,gas,96,2,,,,58,true,,,,,1,10/18/22
10112267,apartment,duplex,673000,forsale,1050,usahyperequipped,2022,asnew,gas,85,3,,,,,true,,,,,1,10/18/22
10158182,house,house,240000,forsale,5300,installed,,justrenovated,fueloil,299,2,300,true,true,,true,true,,1,2,,10/18/22
9625357,house,house,131000,forsale,2550,notinstalled,1930,,gas,371,3,1664,,true,1100,true,,,1,,,10/18/22
10158172,apartment,apartment,260000,forsale,8870,installed,2020,good,gas,47,2,,,,,true,,,,,,10/18/22
10158154,house,house,290000,forsale,7900,installed,2021,,gas,,3,515,true,,,,,,,2,1,10/18/22
10158153,house,bungalow,445000,forsale,1410,hyperequipped,1973,good,electric,555,2,681,true,,500,true,,,2,3,,10/18/22
10158149,apartment,flatstudio,59000,forsale,4000,notinstalled,,tobedoneup,,251,1,,,,,,,,,,,10/18/22
9641565,house,house,184000,forsale,2550,,,good,gas,,5,155,,true,,true,,,,1,,10/18/22
10121293,house,house,275000,forsale,1420,,,torenovate,fueloil,515,2,207,,,100,,true,,,,,10/18/22
10114857,apartment,penthouse,699000,forsale,1050,installed,2022,asnew,gas,45,2,,,true,,true,true,,1,1,1,10/18/22
9603513,apartment,apartment,725000,forsale,4900,hyperequipped,2018,asnew,pellet,,3,,,true,,true,,true,,1,1,10/18/22
9700300,apartment,groundfloor,936000,forsale,1160,usahyperequipped,2022,asnew,gas,55,3,,,true,278,true,,,1,1,1,10/18/22
10054070,apartment,duplex,1068000,forsale,1050,usahyperequipped,2022,asnew,gas,46,3,,,,,true,,,,,1,10/18/22
10047032,apartment,penthouse,1350000,forsale,1180,usahyperequipped,2022,asnew,gas,55,3,,,,,true,,,,2,1,10/18/22
10047031,apartment,penthouse,1350000,forsale,1180,usahyperequipped,2022,asnew,gas,96,3,,,true,,true,,,1,2,1,10/18/22
8973594,apartment,penthouse,1900000,forsale,1050,usahyperequipped,2019,,gas,80,3,,,true,,true,,,1,,1,10/18/22
9966244,apartment,penthouse,1950000,forsale,1050,usahyperequipped,2022,asnew,gas,85,3,,,true,,true,,,1,,1,10/18/22
10144736,apartment,duplex,185000,forsale,9255,semiequipped,1995,good,gas,154,2,,,,,,,,1,,,10/18/22
10143587,apartment,apartment,210000,forsale,8900,installed,,good,fueloil,264,2,,,,,true,,,,,,10/18/22
10143952,apartment,groundfloor,255000,forsale,2660,installed,1980,justrenovated,,259,2,,,,108,,,,1,,,10/18/22
10144657,apartment,apartment,264000,forsale,1500,installed,1996,good,electric,497,2,,,,,true,,,1,,,10/18/22
10132392,apartment,apartment,267000,forsale,1180,usahyperequipped,2023,asnew,,45,1,,,true,,true,,,,92,1,10/18/22
10143959,apartment,groundfloor,285000,forsale,2660,installed,2002,asnew,,224,2,,,true,58,,,,1,,,10/18/22
10144014,apartment,apartment,299000,forsale,3400,hyperequipped,,asnew,gas,76,3,,,,,true,,,,,,10/18/22
10143703,apartment,penthouse,300000,forsale,1150,installed,1965,tobedoneup,gas,670,1,,,true,,true,,,,,,10/18/22
10142857,apartment,penthouse,359000,forsale,1020,installed,1964,asnew,gas,167,2,,,,,true,,,,1,,10/18/22
10132394,apartment,apartment,360000,forsale,1180,usahyperequipped,2023,asnew,,45,2,,,true,,true,,,,92,1,10/18/22
10132396,apartment,apartment,475000,forsale,1180,usahyperequipped,2023,asnew,,45,3,,,true,,true,,,,92,1,10/18/22
10130200,apartment,apartment,125000,forsale,4500,semiequipped,1961,good,gas,110,1,,,true,,,,,,,,10/18/22
10130972,apartment,groundfloor,249000,forsale,3600,installed,2002,good,electric,422,1,,,,,true,,,1,,,10/18/22
10131848,apartment,apartment,279000,forsale,4020,semiequipped,,good,gas,205,3,,,true,,true,,,1,,,10/18/22
10130824,apartment,apartment,310000,forsale,1200,installed,1974,good,,200,2,,,true,,true,,,,,,10/18/22
10131235,apartment,penthouse,349000,forsale,9200,installed,2015,good,,126,2,,,true,,true,,,1,,,10/18/22
10131234,apartment,apartment,349000,forsale,9200,installed,2015,good,,126,2,,,true,,true,,,1,,,10/18/22
10131218,apartment,penthouse,349000,forsale,9200,installed,2015,good,,126,2,,,true,,true,,,1,,,10/18/22
10131215,apartment,apartment,349000,forsale,9200,installed,2015,good,,126,2,,,true,,true,,,1,,,10/18/22
10131285,apartment,duplex,1075000,forsale,8300,usahyperequipped,2020,asnew,gas,38,3,,,true,,true,,,,,,10/18/22
10130248,apartment,apartment,1390000,forsale,1040,usainstalled,1911,asnew,gas,350,4,,,,30,,,,,,,10/18/22
10146714,apartment,apartment,219000,forsale,1000,usahyperequipped,,justrenovated,electric,,1,,,true,,true,true,,,,,10/18/22
10158182,house,house,240000,forsale,5300,installed,,justrenovated,fueloil,299,2,300,true,true,,true,true,,1,2,,10/18/22
9625357,house,house,131000,forsale,2550,notinstalled,1930,,gas,371,3,1664,,true,1100,true,,,1,,,10/18/22
10158172,apartment,apartment,260000,forsale,8870,installed,2020,good,gas,47,2,,,,,true,,,,,,10/18/22
10158154,house,house,290000,forsale,7900,installed,2021,,gas,,3,515,true,,,,,,,2,1,10/18/22
10158153,house,bungalow,445000,forsale,1410,hyperequipped,1973,good,electric,555,2,681,true,,500,true,,,2,3,,10/18/22
10158149,apartment,flatstudio,59000,forsale,4000,notinstalled,,tobedoneup,,251,1,,,,,,,,,,,10/18/22
9641565,house,house,184000,forsale,2550,,,good,gas,,5,155,,true,,true,,,,1,,10/18/22
10121293,house,house,275000,forsale,1420,,,torenovate,fueloil,515,2,207,,,100,,true,,,,,10/18/22
10148888,apartment,apartment,135000,forsale,1080,notinstalled,,torenovate,,290,2,,,,,,,,,,,10/18/22
10148885,apartment,apartment,149000,forsale,1080,notinstalled,,torenovate,,298,2,,,,,,,,,,,10/18/22
10149129,apartment,apartment,149000,forsale,4000,installed,1975,justrenovated,gas,180,1,,,true,,,,,,1,,10/18/22
10148882,apartment,duplex,209000,forsale,1080,notinstalled,,torenovate,,775,3,,,,,,,,,,,10/18/22
10148816,apartment,apartment,350000,forsale,1150,installed,1992,good,gas,144,2,,,,,true,,,,,,10/18/22
10148817,apartment,apartment,465000,forsale,1050,hyperequipped,1958,good,fueloil,165,3,,,true,,true,,,1,1,,10/18/22
10146125,apartmentgroup,apartmentgroup,199000-199000,forsale,2590,,,,,,,,,,,,,,,,1,10/18/22
10137795,apartment,apartment,180000,forsale,1190,semiequipped,,torenovate,gas,178,1,,,true,,,,,,,,10/18/22
10136370,apartment,apartment,185000,forsale,1030,usahyperequipped,2011,asnew,gas,122,1,,,,,,,,,,,10/18/22
10135987,apartment,apartment,275000,forsale,1050,installed,1910,good,gas,653,2,,,true,,true,,,,,,10/18/22
10136662,apartment,apartment,285000,forsale,3840,installed,2018,,gas,91,2,,,,,true,,,,,,10/18/22
10136418,apartment,apartment,380000,forsale,8570,installed,2019,,gas,35,2,,,true,,true,,,2,1,,10/18/22
10136425,apartment,duplex,645000,forsale,1050,usainstalled,,justrenovated,gas,247,4,,,true,,true,true,,,,,10/18/22
10156478,apartment,apartment,179000,forsale,1080,installed,1980,tobedoneup,gas,199,1,,,,,true,,,,,,10/18/22
10143078,apartment,apartment,448000,forsale,9000,hyperequipped,2022,asnew,gas,,3,,,,,true,,,1,,1,10/18/22
10143077,apartment,apartment,448000,forsale,9000,hyperequipped,2022,asnew,gas,,3,,,,,true,,,1,,1,10/18/22
10143076,apartment,penthouse,449000,forsale,9000,hyperequipped,2022,asnew,gas,,2,,,,,true,,,1,,1,10/18/22
10156609,apartment,apartment,495000,forsale,1140,usahyperequipped,2022,,gas,,2,,,true,,true,,,,,,10/18/22
10156606,apartment,apartment,495000,forsale,1140,usahyperequipped,2022,,gas,,2,,,true,,true,,,,,,10/18/22
10156610,apartment,apartment,520000,forsale,1140,usahyperequipped,2022,,gas,,3,,,true,,true,,,,,,10/18/22
10141044,apartment,apartment,224750,forsale,2230,,2021,asnew,gas,,1,,,,,true,,,,,,10/18/22
10140518,apartment,apartment,365000,forsale,1150,usainstalled,,good,gas,196,3,,,true,,true,,,,,,10/18/22
10099805,apartment,apartment,90000,forsale,4053,semiequipped,1960,torenovate,gas,276,1,,,,,true,,,1,,,10/18/22
10105774,apartment,apartment,95000,forsale,7130,semiequipped,1960,good,gas,290,1,,,,,true,,,,,,10/18/22
10032681,apartment,apartment,99000,forsale,4820,semiequipped,2010,good,gas,198,2,,,,,,true,,1,1,,10/18/22
9939101,apartment,apartment,129000,forsale,4820,semiequipped,2010,good,gas,235,2,,,,,,true,,1,1,,10/18/22
9939100,apartment,apartment,129000,forsale,4820,semiequipped,2010,good,gas,191,2,,,,,,true,,1,1,,10/18/22
9939099,apartment,apartment,129000,forsale,4820,semiequipped,2010,good,gas,209,2,,,,,,true,,1,1,,10/18/22
10093818,apartment,duplex,135000,forsale,6220,installed,,good,fueloil,306,2,,,,,,,,,,,10/18/22
10082345,apartment,apartment,139000,forsale,4020,semiequipped,,tobedoneup,gas,617,2,,,,,true,,,1,,,10/18/22
10158182,house,house,240000,forsale,5300,installed,,justrenovated,fueloil,299,2,300,true,true,,true,true,,1,2,,10/18/22
9625357,house,house,131000,forsale,2550,notinstalled,1930,,gas,371,3,1664,,true,1100,true,,,1,,,10/18/22
10158172,apartment,apartment,260000,forsale,8870,installed,2020,good,gas,47,2,,,,,true,,,,,,10/18/22
10158154,house,house,290000,forsale,7900,installed,2021,,gas,,3,515,true,,,,,,,2,1,10/18/22
10158153,house,bungalow,445000,forsale,1410,hyperequipped,1973,good,electric,555,2,681,true,,500,true,,,2,3,,10/18/22
10158149,apartment,flatstudio,59000,forsale,4000,notinstalled,,tobedoneup,,251,1,,,,,,,,,,,10/18/22
9641565,house,house,184000,forsale,2550,,,good,gas,,5,155,,true,,true,,,,1,,10/18/22
10121293,house,house,275000,forsale,1420,,,torenovate,fueloil,515,2,207,,,100,,true,,,,,10/18/22
9975359,apartment,apartment,139000,forsale,4500,installed,,good,gas,329,2,,,,,,,,,,,10/18/22
9985949,apartment,apartment,139000,forsale,4820,installed,2010,good,gas,202,2,,,true,,true,true,,1,1,,10/18/22
9985944,apartment,apartment,139000,forsale,4820,installed,2010,good,gas,264,2,,,true,,true,true,,1,1,,10/18/22
10129837,apartment,apartment,147500,forsale,4020,installed,,good,gas,294,2,,,true,,true,,,,,,10/18/22
10083818,apartment,apartment,147500,forsale,9600,installed,1979,good,gas,113,1,,,,,,,,,,,10/18/22
9606330,apartment,apartment,149000,forsale,1020,installed,1970,good,,759,1,,,,,true,,,,,,10/18/22
10125536,apartment,apartment,150000,forsale,2830,semiequipped,1961,good,gas,266,2,,,,,,,,,,,10/18/22
10055427,apartment,apartment,150000,forsale,4020,installed,,good,gas,285,2,,,true,,true,,,,,,10/18/22
9913106,apartment,apartment,152500,forsale,4020,installed,,good,gas,359,2,,,true,,true,,,,,,10/18/22
9991915,apartment,apartment,157500,forsale,4020,installed,,good,gas,285,2,,,true,,true,,,,,,10/18/22
9954253,apartment,apartment,159000,forsale,4000,installed,,good,electric,230,2,,,true,,true,,,,,,10/18/22
9928138,apartment,apartment,159000,forsale,9200,semiequipped,1995,good,gas,443,1,,,,,,,,,1,,10/18/22
10123429,apartment,apartment,169000,forsale,4000,hyperequipped,1976,good,gas,183,1,,,,,,,,,,,10/18/22
10103460,apartment,apartment,169000,forsale,4000,installed,2004,good,electric,275,2,,,,,true,,,1,,,10/18/22
10068796,apartment,apartment,169000,forsale,4000,semiequipped,1958,good,gas,396,1,,,,,true,true,,,,,10/18/22
10005721,apartment,apartment,169000,forsale,4000,installed,1966,justrenovated,gas,106,1,,,true,,true,,,1,,,10/18/22
9923240,apartment,apartment,169000,forsale,4030,semiequipped,,tobedoneup,gas,259,2,,,true,,true,,,1,,,10/18/22
9929215,apartment,triplex,169000,forsale,4460,installed,1899,asnew,fueloil,458,3,,,true,,,true,,,,,10/18/22
10036797,apartment,apartment,175000,forsale,4500,installed,,good,gas,301,1,,,true,,,,,,,,10/18/22
10044474,apartment,flatstudio,178000,forsale,1020,usahyperequipped,1970,asnew,gas,142,1,,,true,,,,,,,,10/18/22
10063881,apartment,apartment,180000,forsale,1140,semiequipped,,tobedoneup,gas,109,1,,,true,,true,,,,,,10/18/22
9997908,apartment,apartment,180000,forsale,6800,installed,2007,good,electric,174,2,,,true,,true,,,,2,,10/18/22
9791411,apartment,flatstudio,181000,forsale,8400,installed,1968,good,,213,0,,,true,,,,,1,,,10/18/22
10114864,apartment,apartment,184000,forsale,2140,hyperequipped,1973,good,gas,107,2,,,,,true,,,,,,10/18/22
10118282,apartment,apartment,185000,forsale,1060,usainstalled,1905,good,,267,1,,,,,,,,,,,10/18/22
10048353,apartment,apartment,185000,forsale,1070,usahyperequipped,,tobedoneup,gas,238,2,,,true,,true,,,1,,,10/18/22
10039027,apartment,apartment,195000,forsale,1050,installed,1910,tobedoneup,gas,635,1,,,,15,true,,,1,2,,10/18/22
9733068,apartment,apartment,199000,forsale,1020,notinstalled,1973,tobedoneup,gas,163,2,,,true,,true,,,,,,10/18/22
9965003,apartment,apartment,199000,forsale,1090,semiequipped,,tobedoneup,gas,624,2,,,true,,true,,,,,,10/18/22
10120366,apartment,apartment,199000,forsale,2660,,1976,tobedoneup,,358,3,,,true,,true,,,1,,,10/18/22
10158182,house,house,240000,forsale,5300,installed,,justrenovated,fueloil,299,2,300,true,true,,true,true,,1,2,,10/18/22
9625357,house,house,131000,forsale,2550,notinstalled,1930,,gas,371,3,1664,,true,1100,true,,,1,,,10/18/22
10158172,apartment,apartment,260000,forsale,8870,installed,2020,good,gas,47,2,,,,,true,,,,,,10/18/22
10158154,house,house,290000,forsale,7900,installed,2021,,gas,,3,515,true,,,,,,,2,1,10/18/22
10158153,house,bungalow,445000,forsale,1410,hyperequipped,1973,good,electric,555,2,681,true,,500,true,,,2,3,,10/18/22
10158149,apartment,flatstudio,59000,forsale,4000,notinstalled,,tobedoneup,,251,1,,,,,,,,,,,10/18/22
9641565,house,house,184000,forsale,2550,,,good,gas,,5,155,,true,,true,,,,1,,10/18/22
10121293,house,house,275000,forsale,1420,,,torenovate,fueloil,515,2,207,,,100,,true,,,,,10/18/22
10122080,apartment,apartment,199000,forsale,4000,installed,1977,good,gas,196,3,,,true,,true,,,1,1,,10/18/22
10067039,apartment,apartment,199000,forsale,9402,hyperequipped,2022,asnew,,30,1,,,,,true,,,,,,10/18/22
9312003,apartment,apartment,210000,forsale,1000,installed,,good,gas,213,1,,,true,,true,,,,1,,10/18/22
10076679,apartment,apartment,210000,forsale,6224,installed,,good,gas,96,2,,,true,,true,,,,1,,10/18/22
9671060,apartment,apartment,210000,forsale,6640,installed,2009,good,fueloil,168,2,,,,,,,,,,,10/18/22
10107759,apartment,apartment,210000,forsale,9600,installed,2015,good,gas,136,1,,,,,true,,,,1,,10/18/22
9995481,apartment,apartment,215000,forsale,1083,semiequipped,1968,tobedoneup,gas,200,2,,,true,,true,,,1,,,10/18/22
10025186,apartment,apartment,215000,forsale,1180,usainstalled,1969,good,electric,377,1,,,true,,,,,,1,,10/18/22
10031515,apartment,apartment,215000,forsale,8370,installed,1963,good,gas,186,2,,,,,,,,,,,10/18/22
9979097,apartment,apartment,224000,forsale,1800,semiequipped,2017,good,gas,78,1,,,true,,true,,,,,,10/18/22
10116963,apartment,apartment,225000,forsale,1180,semiequipped,1978,,gas,275,1,,,true,,true,,,,1,,10/18/22
10068365,apartment,apartment,225000,forsale,2610,,1967,tobedoneup,gas,182,3,,,true,,true,,,,,,10/18/22
10048168,apartment,apartment,225000,forsale,4500,installed,,good,fueloil,404,3,,,true,,true,,,,,,10/18/22
9965368,apartment,apartment,229500,forsale,4000,notinstalled,,torenovate,gas,338,2,,,true,,true,,,,,,10/18/22
10090075,apartment,apartment,239000,forsale,9500,installed,1977,good,gas,321,3,,,true,,true,,,1,,,10/18/22
10128967,apartment,apartment,240000,forsale,6700,installed,,good,gas,209,2,,,,,,,,,1,,10/18/22
10118284,apartment,duplex,245000,forsale,1060,usainstalled,1905,torenovate,,874,2,,,,,,,,,,,10/18/22
9966341,apartment,apartment,245000,forsale,1200,notinstalled,1938,torenovate,,272,1,,,,,true,,,,,,10/18/22
9997351,apartment,apartment,245000,forsale,6790,installed,2014,asnew,electric,274,2,,,true,,true,,,,,,10/18/22
10069933,apartment,apartment,249000,forsale,1000,installed,2009,,electric,393,2,,,,,,,,1,,,10/18/22
10054465,apartment,apartment,249000,forsale,1140,hyperequipped,2014,asnew,,90,1,,,,500,true,,,1,,,10/18/22
10124005,apartment,groundfloor,249000,forsale,1300,installed,1990,good,gas,240,2,,,,,true,,,,1,,10/18/22
10083819,apartment,apartment,249000,forsale,9600,installed,2000,good,gas,138,2,,,,,true,,,1,1,,10/18/22
10083538,apartment,apartment,250000,forsale,1200,semiequipped,1934,tobedoneup,gas,373,1,,,,15,,,,1,,,10/18/22
10088992,apartment,groundfloor,255000,forsale,1090,semiequipped,1977,torenovate,gas,327,2,,,true,,true,true,,,,,10/18/22
10128485,apartment,groundfloor,259000,forsale,9100,installed,2008,good,gas,113,2,,,,50,true,,,,,,10/18/22
10093880,apartment,apartment,259000,forsale,9600,hyperequipped,2012,asnew,gas,134,2,,,,,true,,,1,1,,10/18/22
10094458,apartment,groundfloor,260000,forsale,1070,usahyperequipped,1980,good,gas,274,3,,,true,,true,,,,,,10/18/22
9316926,apartment,apartment,265000,forsale,8430,installed,2004,good,electric,391,2,,,,,,,,,,,10/18/22
10102455,apartment,apartment,269000,forsale,2610,usainstalled,1959,,gas,200,2,,,true,,true,,,,,,10/18/22
10158182,house,house,240000,forsale,5300,installed,,justrenovated,fueloil,299,2,300,true,true,,true,true,,1,2,,10/18/22
9625357,house,house,131000,forsale,2550,notinstalled,1930,,gas,371,3,1664,,true,1100,true,,,1,,,10/18/22
10158172,apartment,apartment,260000,forsale,8870,installed,2020,good,gas,47,2,,,,,true,,,,,,10/18/22
10158154,house,house,290000,forsale,7900,installed,2021,,gas,,3,515,true,,,,,,,2,1,10/18/22
10158153,house,bungalow,445000,forsale,1410,hyperequipped,1973,good,electric,555,2,681,true,,500,true,,,2,3,,10/18/22
10158149,apartment,flatstudio,59000,forsale,4000,notinstalled,,tobedoneup,,251,1,,,,,,,,,,,10/18/22
9641565,house,house,184000,forsale,2550,,,good,gas,,5,155,,true,,true,,,,1,,10/18/22
10121293,house,house,275000,forsale,1420,,,torenovate,fueloil,515,2,207,,,100,,true,,,,,10/18/22
10025998,apartment,apartment,269000,forsale,2610,installed,,justrenovated,gas,179,2,,,true,,true,,,2,1,,10/18/22
10071141,apartment,apartment,270000,forsale,2820,installed,2005,good,gas,160,1,,,,77,true,,,1,,,10/18/22
10108543,apartment,apartment,270000,forsale,8000,installed,2019,good,gas,145,1,,,,,,,,,,,10/18/22
10109425,apartment,apartment,275000,forsale,1060,notinstalled,1910,torenovate,,392,2,,,,,true,,,,,,10/18/22
10116507,apartment,apartment,275000,forsale,2100,installed,1995,good,gas,227,3,,,true,,true,,,1,,,10/18/22
9932090,apartment,apartment,275000,forsale,2100,hyperequipped,2005,,gas,100,2,,,,,true,,,,,,10/18/22
9942135,apartment,apartment,275000,forsale,2830,installed,1975,,gas,192,2,,,,,true,,,1,,,10/18/22
10091968,apartment,duplex,276000,forsale,3300,,2013,asnew,gas,180,2,,true,true,,true,,,,1,,10/18/22
9667679,apartment,apartment,279500,forsale,4460,semiequipped,1850,asnew,gas,256,2,,,,,true,,,,2,,10/18/22
9851809,apartment,groundfloor,285000,forsale,1030,installed,1952,asnew,gas,399,1,,,true,,true,true,,,,,10/18/22
10112042,apartment,apartment,285000,forsale,4140,installed,2004,good,fueloil,274,3,,,,550,true,,,1,,,10/18/22
10120683,apartment,duplex,287000,forsale,8500,installed,1968,good,gas,389,2,,,,40,true,,,1,1,,10/18/22
10046542,apartment,apartment,289000,forsale,2650,hyperequipped,,justrenovated,gas,169,2,,,,,true,,,,,,10/18/22
10100583,apartment,apartment,289000,forsale,4042,,2011,good,gas,109,4,,,true,,true,,,1,,,10/18/22
10101640,apartment,apartment,290000,forsale,1180,installed,1954,asnew,gas,229,2,,,true,,,,,1,,,10/18/22
9892412,apartment,apartment,290000,forsale,4430,installed,2008,good,gas,189,3,,,true,,true,,,1,,,10/18/22
10053267,apartment,apartment,295000,forsale,1140,installed,,asnew,gas,183,2,,,true,,true,,,,1,,10/18/22
9809371,apartment,apartment,295000,forsale,1180,installed,1978,tobedoneup,,239,3,,,true,,true,,,1,,,10/18/22
10052367,apartment,apartment,295000,forsale,1400,hyperequipped,2008,asnew,gas,265,3,,,,,true,,,,2,,10/18/22
10122152,apartment,apartment,297000,forsale,9200,installed,2014,,gas,72,1,,,,,true,,,2,,,10/18/22
10104038,apartment,apartment,299000,forsale,6792,hyperequipped,2017,,gas,96,3,,,,,true,,,2,,,10/18/22
10038868,apartment,duplex,299000,forsale,9140,hyperequipped,2014,asnew,,76.88,2,,,,,true,,,,,,10/18/22
9935206,apartment,apartment,315000,forsale,1082,installed,2007,good,gas,313,3,,,true,,true,,,1,,,10/18/22
9478091,apartment,serviceflat,315000,forsale,3020,installed,2018,,gas,108,2,,,,,true,,,1,,,10/18/22
9995811,apartment,apartment,319000,forsale,1050,usahyperequipped,1950,justrenovated,gas,222,2,,,,,,,,,,,10/18/22
9998039,apartment,apartment,319000,forsale,1050,usainstalled,,justrenovated,electric,233,2,,,true,,true,,,,,,10/18/22
9978886,apartment,apartment,319000,forsale,1170,usahyperequipped,1981,justrenovated,,149,2,,,,,true,,,,,,10/18/22
9500899,apartment,apartment,319000,forsale,3010,installed,2004,,gas,164,2,,,,,true,,,2,,,10/18/22
9566962,apartment,apartment,325000,forsale,1050,usainstalled,2005,asnew,,113,1,,,true,,true,,,,1,,10/18/22
9434393,apartment,apartment,325000,forsale,1180,usasemiequipped,1980,good,gas,250,2,,,true,,true,,,,,,10/18/22
10158182,house,house,240000,forsale,5300,installed,,justrenovated,fueloil,299,2,300,true,true,,true,true,,1,2,,10/18/22
9625357,house,house,131000,forsale,2550,notinstalled,1930,,gas,371,3,1664,,true,1100,true,,,1,,,10/18/22
10158172,apartment,apartment,260000,forsale,8870,installed,2020,good,gas,47,2,,,,,true,,,,,,10/18/22
10158154,house,house,290000,forsale,7900,installed,2021,,gas,,3,515,true,,,,,,,2,1,10/18/22
10158153,house,bungalow,445000,forsale,1410,hyperequipped,1973,good,electric,555,2,681,true,,500,true,,,2,3,,10/18/22
10158149,apartment,flatstudio,59000,forsale,4000,notinstalled,,tobedoneup,,251,1,,,,,,,,,,,10/18/22
9641565,house,house,184000,forsale,2550,,,good,gas,,5,155,,true,,true,,,,1,,10/18/22
10121293,house,house,275000,forsale,1420,,,torenovate,fueloil,515,2,207,,,100,,true,,,,,10/18/22
9955481,apartment,apartment,325000,forsale,1880,installed,2012,good,gas,162,3,,,,77,true,,,,1,,10/18/22
10118985,apartment,apartment,329000,forsale,1082,hyperequipped,1961,,gas,428,3,,,true,,true,,,,,,10/18/22
10120349,apartment,apartment,329900,forsale,2610,,1968,asnew,gas,314,4,,,true,,true,,,1,,,10/18/22
9902743,apartment,apartment,330000,forsale,1400,usahyperequipped,1974,good,electric,1022,3,,,true,,true,,,1,,,10/18/22
10075950,apartment,apartment,335000,forsale,1200,notinstalled,1940,good,,471,2,,,true,,,,,,,,10/18/22
10005346,apartment,apartment,340000,forsale,1180,hyperequipped,2008,good,gas,165,2,,,true,,,,,,1,,10/18/22
10008965,apartment,loft,340000,forsale,1200,usahyperequipped,2006,asnew,electric,365,0,,,,,,true,,1,,,10/18/22
9696457,apartment,apartment,345000,forsale,1060,installed,1992,good,gas,330,3,,,true,40,,,,,,,10/18/22
10119534,apartment,apartment,345000,forsale,1090,,2012,asnew,gas,128,2,,,true,,true,,,,1,,10/18/22
10044504,apartment,apartment,348000,forsale,1020,usahyperequipped,1970,asnew,gas,126,2,,,true,,,,,,,,10/18/22
9987021,apartment,apartment,349000,forsale,1120,usainstalled,2017,asnew,,71,3,,,,400,true,,,1,,,10/18/22
9967904,apartment,groundfloor,350000,forsale,1200,hyperequipped,2005,asnew,gas,166,1,,,true,50,true,,,,,,10/18/22
10054745,apartment,apartment,355000,forsale,1150,installed,1967,good,gas,176,2,,,true,,true,,,1,,,10/18/22
10086586,apartment,apartment,369000,forsale,1180,installed,1974,good,gas,230,2,,,true,,true,,,,1,,10/18/22
10094910,apartment,apartment,370000,forsale,1180,hyperequipped,1974,asnew,,168,1,,,true,,true,,,,1,,10/18/22
10109418,apartment,apartment,375000,forsale,1030,installed,1957,torenovate,gas,196,2,,,true,,true,,,1,1,,10/18/22
10090099,apartment,apartment,380000,forsale,1200,installed,1994,asnew,gas,87,3,,,true,,true,,,,,,10/18/22
9329397,apartment,apartment,395000,forsale,8430,notinstalled,2003,good,electric,106,2,,,,,true,,,,1,,10/18/22
9889760,apartment,penthouse,399000,forsale,8434,installed,2005,good,gas,255,2,,,,,,,,,,,10/18/22
10122516,apartment,apartment,400000,forsale,1000,installed,1969,torenovate,gas,206,2,,,true,,true,,,,1,,10/18/22
9951300,apartment,apartment,419000,forsale,1050,hyperequipped,1950,asnew,gas,145,2,,,true,,,,,,,,10/18/22
10126576,apartment,triplex,430000,forsale,1000,usainstalled,1990,good,gas,132,4,,,,198,true,,,,2,,10/18/22
10126575,apartment,triplex,430000,forsale,1081,usainstalled,1990,good,gas,132,4,,,,198,true,,,,2,,10/18/22
10126574,apartment,triplex,430000,forsale,1082,usainstalled,1990,good,gas,132,4,,,,198,true,,,,2,,10/18/22
10006238,apartment,apartment,430000,forsale,2550,installed,2016,good,gas,119,2,,,true,50,,,,1,,,10/18/22
10024614,apartment,apartment,445000,forsale,1000,usahyperequipped,2014,good,gas,107,2,,,true,,true,,,2,,,10/18/22
9566961,apartment,apartment,445000,forsale,1050,usainstalled,2005,asnew,,88,2,,,true,,true,,,,1,,10/18/22
10082160,apartment,apartment,455000,forsale,1180,installed,1995,,gas,173,2,,,true,,true,,,,,,10/18/22
9329545,apartment,apartment,458000,forsale,3800,installed,1998,good,electric,242,4,,,true,,true,,,,,,10/18/22
8605703,apartment,flatstudio,465000,forsale,8300,hyperequipped,1996,asnew,gas,206,0,,,true,,,,,,,,10/18/22
10158182,house,house,240000,forsale,5300,installed,,justrenovated,fueloil,299,2,300,true,true,,true,true,,1,2,,10/18/22
9625357,house,house,131000,forsale,2550,notinstalled,1930,,gas,371,3,1664,,true,1100,true,,,1,,,10/18/22
10158172,apartment,apartment,260000,forsale,8870,installed,2020,good,gas,47,2,,,,,true,,,,,,10/18/22
10158154,house,house,290000,forsale,7900,installed,2021,,gas,,3,515,true,,,,,,,2,1,10/18/22
10158153,house,bungalow,445000,forsale,1410,hyperequipped,1973,good,electric,555,2,681,true,,500,true,,,2,3,,10/18/22
10158149,apartment,flatstudio,59000,forsale,4000,notinstalled,,tobedoneup,,251,1,,,,,,,,,,,10/18/22
9641565,house,house,184000,forsale,2550,,,good,gas,,5,155,,true,,true,,,,1,,10/18/22
10121293,house,house,275000,forsale,1420,,,torenovate,fueloil,515,2,207,,,100,,true,,,,,10/18/22
9965285,apartment,groundfloor,475000,forsale,1060,semiequipped,1930,good,gas,441,2,,,true,100,true,true,,,,,10/18/22
10091123,apartment,apartment,475000,forsale,2800,semiequipped,2008,asnew,,141,3,,,,,true,,,1,,,10/18/22
10114768,apartment,apartment,480000,forsale,1160,usahyperequipped,2008,asnew,gas,151,3,,,true,,true,,,150,,,10/18/22
10127368,apartment,duplex,480000,forsale,1800,,2010,good,gas,104,2,,,,1535,true,,,,2,,10/18/22
10127367,apartment,apartment,480000,forsale,1800,,2010,good,gas,104,2,,,,1535,true,,,,2,,10/18/22
10082159,apartment,apartment,490000,forsale,1180,installed,1995,,gas,173,2,,,true,,true,,,1,,,10/18/22
10115871,apartment,apartment,495000,forsale,1050,installed,2008,good,gas,135,2,,,,,,,,1,,,10/18/22
9922602,apartment,apartment,495000,forsale,1180,hyperequipped,1980,asnew,gas,246,3,,,true,,,true,,1,,,10/18/22
9938643,apartment,apartment,495000,forsale,4000,installed,1960,good,,225,5,,,,,,true,,,1,,10/18/22
9890461,apartment,groundfloor,499000,forsale,1050,hyperequipped,1935,good,gas,248,1,,,true,80,true,true,,,,,10/18/22
10072205,apartment,triplex,550000,forsale,1200,installed,1968,good,,343,3,,,true,,true,true,,,,,10/18/22
9773650,apartment,apartment,575000,forsale,1180,installed,1975,tobedoneup,fueloil,342,3,,,true,90,true,,,2,1,,10/18/22
9620316,apartment,apartment,590000,forsale,1180,hyperequipped,1970,asnew,,214,2,,,,,true,,,,1,,10/18/22
10043799,apartment,loft,595000,forsale,3020,hyperequipped,2010,good,gas,86,3,,,,,true,true,,1,,,10/18/22
10093972,apartment,apartment,599500,forsale,8300,hyperequipped,1967,asnew,gas,181,2,,,,,,,,,,,10/18/22
9685504,apartment,apartment,650000,forsale,1180,hyperequipped,2012,asnew,gas,120,2,,,true,80,true,,,2,,,10/18/22
9592128,apartment,apartment,675000,forsale,1000,hyperequipped,2020,,gas,40,2,,,true,,true,,,,,,10/18/22
10117567,apartment,groundfloor,695000,forsale,1180,hyperequipped,1962,good,gas,427,3,,,true,810,true,,,1,1,,10/18/22
10117476,apartment,apartment,729000,forsale,8300,hyperequipped,1989,asnew,gas,264,1,,,,,true,,,,,,10/18/22
10117473,apartment,apartment,729000,forsale,8300,hyperequipped,1988,asnew,gas,264,1,,,,,true,,,,,,10/18/22
9954620,apartment,duplex,745000,forsale,1050,usahyperequipped,2012,asnew,gas,151,4,,,,50,true,,,80,1,,10/18/22
9752073,apartment,apartment,750000,forsale,1000,hyperequipped,,asnew,gas,120,4,,,true,,true,,,2,,,10/18/22
10054513,apartment,apartment,790000,forsale,1180,usahyperequipped,2005,asnew,gas,136,3,,,true,,true,true,,1,1,,10/18/22
9817533,apartment,apartment,795000,forsale,8300,hyperequipped,1978,asnew,gas,336,2,,,true,,true,,,,,,10/18/22
9789280,apartment,apartment,795000,forsale,8300,usahyperequipped,1978,asnew,gas,336,2,,,true,,true,,,,,,10/18/22
10120030,apartment,apartment,795000,forsale,8500,usahyperequipped,2017,asnew,gas,127,2,,,,,true,true,,2,,,10/18/22
9927983,apartment,penthouse,870000,forsale,1200,hyperequipped,1990,good,gas,236,2,,,true,,true,,,2,,,10/18/22
10119695,apartment,apartment,895000,forsale,1200,hyperequipped,1910,asnew,gas,232,3,,,true,,true,,,,,,10/18/22
9953278,apartment,penthouse,940000,forsale,1150,installed,1989,asnew,gas,258,4,,,true,160,true,true,,,2,,10/18/22
7799663,apartment,apartment,1125000,forsale,1050,hyperequipped,2009,,gas,118,3,,,true,,true,true,,,,,10/18/22
10158182,house,house,240000,forsale,5300,installed,,justrenovated,fueloil,299,2,300,true,true,,true,true,,1,2,,10/18/22
9625357,house,house,131000,forsale,2550,notinstalled,1930,,gas,371,3,1664,,true,1100,true,,,1,,,10/18/22
10158172,apartment,apartment,260000,forsale,8870,installed,2020,good,gas,47,2,,,,,true,,,,,,10/18/22
10158154,house,house,290000,forsale,7900,installed,2021,,gas,,3,515,true,,,,,,,2,1,10/18/22
10158153,house,bungalow,445000,forsale,1410,hyperequipped,1973,good,electric,555,2,681,true,,500,true,,,2,3,,10/18/22
10158149,apartment,flatstudio,59000,forsale,4000,notinstalled,,tobedoneup,,251,1,,,,,,,,,,,10/18/22
9641565,house,house,184000,forsale,2550,,,good,gas,,5,155,,true,,true,,,,1,,10/18/22
10121293,house,house,275000,forsale,1420,,,torenovate,fueloil,515,2,207,,,100,,true,,,,,10/18/22
9927918,apartment,apartment,1140000,forsale,8300,usahyperequipped,1967,good,gas,195,2,,,true,,,,,,,,10/18/22
10107503,apartment,apartment,1145000,forsale,8300,hyperequipped,1987,good,gas,228,2,,,true,,true,,,1,,,10/18/22
10116337,apartment,apartment,1195000,forsale,8300,usahyperequipped,1979,asnew,,84,3,,,,,true,,,,,,10/18/22
10061123,apartment,apartment,1795000,forsale,8300,hyperequipped,1978,asnew,gas,116,2,,,,,true,,,1,1,,10/18/22
9887156,apartment,apartment,4295000,forsale,8300,usahyperequipped,2011,asnew,gas,91,3,,,true,,true,,,,,,10/18/22
10145817,apartment,apartment,219500,forsale,2840,semiequipped,,justrenovated,gas,164,2,,,true,,true,,,,,,10/18/22
10148983,apartment,groundfloor,635000,forsale,1180,usahyperequipped,2024,asnew,,55,2,,,true,73,true,,,,1,1,10/18/22
10148988,apartment,groundfloor,745000,forsale,1180,usahyperequipped,2022,asnew,,55,2,,,true,478,true,,,,1,1,10/18/22
10147823,apartment,apartment,139500,forsale,6791,,2000,,electric,150,1,,,true,,,,,1,1,,10/18/22
10146918,apartment,apartment,239000,forsale,4000,installed,2008,good,gas,166,2,,,true,,,,,1,,,10/18/22
10148238,apartment,apartment,275000,forsale,1050,installed,,good,gas,88,1,,,,,,,,1,,,10/18/22
10069831,apartment,apartment,375000,forsale,1000,usahyperequipped,,asnew,gas,121,2,,,true,,,,,,,,10/18/22
10147310,apartment,apartment,870000,forsale,1180,hyperequipped,1965,justrenovated,gas,211,4,,,true,,true,,,1,1,,10/18/22
10143079,apartmentgroup,apartmentgroup,448000-449000,forsale,9000,,,,,,,,,,,,,,1,1,1,10/18/22
10135292,apartment,apartment,315000,forsale,1060,semiequipped,,justrenovated,gas,192,1,,,,,true,,,,,,10/18/22
10157019,apartment,apartment,280000,forsale,9810,,2023,asnew,,,1,,,,,true,,,41,,1,10/18/22
10157018,apartment,apartment,355000,forsale,9810,,2022,asnew,,,2,,,,,true,,,,,1,10/18/22
10157017,apartment,apartment,467500,forsale,9810,,2023,asnew,,,3,,,,,true,,,,,1,10/18/22
10106518,apartment,groundfloor,254000,forsale,1150,notinstalled,1934,good,gas,,1,,,true,,true,,,,,,10/18/22
10141825,apartment,penthouse,365000,forsale,2500,hyperequipped,2020,,gas,,2,,,true,,true,,,,,1,10/18/22
10141824,apartment,apartment,365000,forsale,2500,hyperequipped,2020,,gas,,2,,,true,,true,,,,,1,10/18/22
10139072,apartment,apartment,125000,forsale,8400,semiequipped,,tobedoneup,electric,352,1,,,,,true,,,,,,10/18/22
10140177,apartment,apartment,169000,forsale,4430,installed,,justrenovated,fueloil,287,1,,,,,true,,,,,,10/18/22
9918618,apartment,serviceflat,215000,forsale,1970,hyperequipped,2016,good,,123.96,1,,,true,,true,,,1,1,1,10/18/22
10020750,apartment,apartment,253250,forsale,2230,,2021,asnew,gas,,2,,,,,true,,,,,1,10/18/22
10064903,apartment,flatstudio,265000,forsale,1180,usahyperequipped,2022,asnew,,55,0,,,true,,,,,,,1,10/18/22
10064911,apartment,flatstudio,275000,forsale,1180,usahyperequipped,2022,asnew,,55,0,,,true,,true,,,,,1,10/18/22
10071945,apartment,flatstudio,280000,forsale,1180,usahyperequipped,2022,asnew,,55,0,,,true,,true,,,,,1,10/18/22
9946986,apartment,apartment,329000,forsale,1030,installed,,good,electric,248,2,,,,,true,,,,,,10/18/22
10071941,apartment,apartment,385000,forsale,1180,usahyperequipped,2022,asnew,,55,1,,,true,,,,,,1,1,10/18/22
10158182,house,house,240000,forsale,5300,installed,,justrenovated,fueloil,299,2,300,true,true,,true,true,,1,2,,10/18/22
9625357,house,house,131000,forsale,2550,notinstalled,1930,,gas,371,3,1664,,true,1100,true,,,1,,,10/18/22
10158172,apartment,apartment,260000,forsale,8870,installed,2020,good,gas,47,2,,,,,true,,,,,,10/18/22
10158154,house,house,290000,forsale,7900,installed,2021,,gas,,3,515,true,,,,,,,2,1,10/18/22
10158153,house,bungalow,445000,forsale,1410,hyperequipped,1973,good,electric,555,2,681,true,,500,true,,,2,3,,10/18/22
10158149,apartment,flatstudio,59000,forsale,4000,notinstalled,,tobedoneup,,251,1,,,,,,,,,,,10/18/22
9641565,house,house,184000,forsale,2550,,,good,gas,,5,155,,true,,true,,,,1,,10/18/22
10121293,house,house,275000,forsale,1420,,,torenovate,fueloil,515,2,207,,,100,,true,,,,,10/18/22
10074096,apartment,apartment,395000,forsale,1180,usahyperequipped,2022,asnew,,55,1,,,true,,true,,,,1,1,10/18/22
10112462,apartment,apartment,435000,forsale,1180,usahyperequipped,2022,asnew,,55,1,,,true,,true,,,,1,1,10/18/22
10138567,apartment,groundfloor,470000,forsale,1170,hyperequipped,1995,good,wood,207,2,,,true,,true,true,,1,,,10/18/22
10101395,apartment,groundfloor,537500,forsale,9051,usahyperequipped,2017,asnew,,94,2,,,true,,true,,,,1,1,10/18/22
10112468,apartment,apartment,555000,forsale,1180,usahyperequipped,2022,asnew,,55,2,,,true,,true,,,,1,1,10/18/22
10059657,apartment,apartment,595000,forsale,1180,usahyperequipped,2022,asnew,,55,2,,,true,,true,,,,1,1,10/18/22
10112465,apartment,apartment,645000,forsale,1180,usahyperequipped,2022,asnew,,55,2,,,true,,true,,,,1,1,10/18/22
9981341,apartment,apartment,655000,forsale,1180,usahyperequipped,2022,asnew,,55,2,,,true,,true,,,,1,1,10/18/22
10123721,apartment,groundfloor,657000,forsale,1160,hyperequipped,2020,asnew,,44,2,,,true,47,true,,,1,25,1,10/18/22
10074098,apartment,apartment,660000,forsale,1180,usahyperequipped,2022,asnew,,55,2,,,true,,true,,,,1,1,10/18/22
10096827,apartment,penthouse,925000,forsale,1180,usahyperequipped,2022,asnew,,55,2,,,true,,true,,,,1,1,10/18/22
9683164,apartment,duplex,1630000,forsale,1180,usahyperequipped,2022,justrenovated,gas,,3,,,true,,true,,,1,,1,10/18/22
10157932,apartment,groundfloor,169000,forsale,1853,hyperequipped,1973,asnew,fueloil,324,1,,,true,,,,,,,,10/18/22
10157673,apartment,apartment,189000,forsale,4020,installed,,good,gas,89,3,,,,,true,true,,,,,10/18/22
10157960,apartment,triplex,495000,forsale,1200,installed,1976,good,gas,330,4,,true,,,true,,,,,,10/18/22
10101660,apartment,penthouse,650000,forsale,1040,usahyperequipped,,asnew,fueloil,733,2,,,,,true,,,1,1,,10/18/22
10143875,apartment,flatstudio,198000,forsale,1040,hyperequipped,,good,gas,235,0,,,,,true,,,,,,10/18/22
10132572,apartment,apartment,255000,forsale,9940,hyperequipped,2025,asnew,,,1,,,true,,true,,,,1,1,10/18/22
10132574,apartment,apartment,265000,forsale,9940,hyperequipped,2025,asnew,,,1,,,true,,true,,,,1,1,10/18/22
10132573,apartment,apartment,265000,forsale,9940,hyperequipped,2025,asnew,,,1,,,true,,true,,,,1,1,10/18/22
10132570,apartment,apartment,300000,forsale,9940,hyperequipped,2025,asnew,,,1,,,true,,true,true,,,1,1,10/18/22
10132571,apartment,apartment,310000,forsale,9940,hyperequipped,2025,asnew,,,1,,,true,,true,true,,,1,1,10/18/22
10132563,apartment,apartment,350000,forsale,9940,hyperequipped,2025,asnew,,,2,,,true,,true,,,,1,1,10/18/22
10132569,apartment,apartment,380000,forsale,9940,hyperequipped,2025,asnew,,,2,,,true,,true,,,,1,1,10/18/22
10132554,apartment,penthouse,395000,forsale,9940,hyperequipped,2025,asnew,,,1,,,true,,true,true,,,1,1,10/18/22
10132555,apartment,penthouse,440000,forsale,9940,hyperequipped,2025,asnew,,,2,,,true,,true,,,,1,1,10/18/22
10132575,apartment,penthouse,445000,forsale,9940,hyperequipped,2025,asnew,,,3,,,true,,true,,,,1,1,10/18/22
10131819,apartment,apartment,229000,forsale,1800,semiequipped,1965,good,,127,2,,,true,,true,,,,,,10/18/22
10131320,apartment,duplex,295000,forsale,1030,,1980,torenovate,gas,225,3,,,,,true,,,,,,10/18/22
10158182,house,house,240000,forsale,5300,installed,,justrenovated,fueloil,299,2,300,true,true,,true,true,,1,2,,10/18/22
9625357,house,house,131000,forsale,2550,notinstalled,1930,,gas,371,3,1664,,true,1100,true,,,1,,,10/18/22
10158172,apartment,apartment,260000,forsale,8870,installed,2020,good,gas,47,2,,,,,true,,,,,,10/18/22
10158154,house,house,290000,forsale,7900,installed,2021,,gas,,3,515,true,,,,,,,2,1,10/18/22
10158153,house,bungalow,445000,forsale,1410,hyperequipped,1973,good,electric,555,2,681,true,,500,true,,,2,3,,10/18/22
10158149,apartment,flatstudio,59000,forsale,4000,notinstalled,,tobedoneup,,251,1,,,,,,,,,,,10/18/22
9641565,house,house,184000,forsale,2550,,,good,gas,,5,155,,true,,true,,,,1,,10/18/22
10121293,house,house,275000,forsale,1420,,,torenovate,fueloil,515,2,207,,,100,,true,,,,,10/18/22
10124954,apartment,apartment,295000,forsale,1170,,1970,torenovate,gas,307,2,,,,,true,,,,,,10/18/22
10115882,apartment,apartment,295000,forsale,2530,installed,1977,asnew,,149,3,,,,,true,,,,,,10/18/22
9984297,apartment,apartment,299000,forsale,1060,,1918,good,gas,186,2,,,true,,,,,,,,10/18/22
9982223,apartment,apartment,299000,forsale,6600,,2017,good,gas,74,2,,,,,true,,,,,,10/18/22
10114338,apartment,apartment,300000,forsale,1030,,1960,tobedoneup,gas,149,2,,,,,,,,,,,10/18/22
9797525,apartment,apartment,310000,forsale,1000,usahyperequipped,2014,asnew,gas,,1,,,,,true,true,,,,,10/18/22
10056997,apartment,apartment,310000,forsale,1830,hyperequipped,2005,good,,180,3,,,true,,,,,1,,,10/18/22
10081331,apartment,apartment,310000,forsale,8500,installed,2021,good,gas,,2,,,,,true,,,,,,10/18/22
9987136,apartment,apartment,314000,forsale,2880,installed,1997,good,,174,3,,,true,,true,,,1,,,10/18/22
10124073,apartment,duplex,325000,forsale,1180,,1930,tobedoneup,gas,406,2,,,,,,,,,,,10/18/22
10081332,apartment,apartment,330000,forsale,8500,installed,2021,good,gas,,3,,,,,true,,,,,,10/18/22
10081330,apartment,apartment,340000,forsale,8500,installed,2021,good,gas,,2,,,,,true,,,,,,10/18/22
10124153,apartment,apartment,345000,forsale,1050,,1931,tobedoneup,fueloil,367,2,,,,,,,,,,,10/18/22
9955972,apartment,apartment,348000,forsale,9700,,2009,good,gas,140,3,,,,,true,,,,,,10/18/22
10126964,apartment,apartment,350000,forsale,1000,,1850,justrenovated,gas,492,2,,,,,,,,,,,10/18/22
10036554,apartment,apartment,370000,forsale,1040,,1980,good,electric,213,2,,,true,,,,,,,,10/18/22
10124343,apartment,apartment,370000,forsale,1050,,1990,good,gas,221,2,,,true,,,,,,,,10/18/22
10114341,apartment,apartment,375000,forsale,1070,,2014,asnew,gas,60,2,,,,,true,,,,,,10/18/22
10116893,apartment,duplex,389000,forsale,1050,,1930,good,gas,669,2,,,,,,,,,,,10/18/22
10069034,apartment,apartment,395000,forsale,1030,usahyperequipped,2018,asnew,gas,,2,,,,,true,,,,,,10/18/22
9936543,apartment,penthouse,490000,forsale,1970,hyperequipped,1994,good,,293,4,,,,80,true,,,1,2,,10/18/22
10100033,apartment,apartment,498000,forsale,8430,installed,1994,good,electric,184,2,,,true,,,,,,,,10/18/22
8828787,apartment,apartment,625000,forsale,1050,,1930,good,gas,,3,,true,true,,,true,,,,,10/18/22
9919937,apartment,apartment,695000,forsale,1600,hyperequipped,1931,good,,98,3,,,,,,,,,1,,10/18/22
10000894,apartment,penthouse,975000,forsale,1040,usahyperequipped,1912,asnew,gas,,3,,,,,true,,,,35,,10/18/22
10000895,apartment,apartment,1075000,forsale,1040,hyperequipped,1912,asnew,gas,,3,,,,,true,,,,35,,10/18/22
10000896,apartment,penthouse,1150000,forsale,1040,usahyperequipped,1912,asnew,gas,,3,,,,,true,,,,35,,10/18/22
9949017,apartment,duplex,2100000,forsale,1050,,1991,asnew,gas,443,5,,,,,true,,,,,,10/18/22
10145285,apartment,groundfloor,490000,forsale,9051,hyperequipped,2024,asnew,gas,,2,,,,87,true,true,,,1,1,10/18/22
10143953,apartment,apartment,199000,forsale,2660,,1968,asnew,gas,324,2,,,,,,,,,,,10/18/22
10158182,house,house,240000,forsale,5300,installed,,justrenovated,fueloil,299,2,300,true,true,,true,true,,1,2,,10/18/22
9625357,house,house,131000,forsale,2550,notinstalled,1930,,gas,371,3,1664,,true,1100,true,,,1,,,10/18/22
10158172,apartment,apartment,260000,forsale,8870,installed,2020,good,gas,47,2,,,,,true,,,,,,10/18/22
10158154,house,house,290000,forsale,7900,installed,2021,,gas,,3,515,true,,,,,,,2,1,10/18/22
10158153,house,bungalow,445000,forsale,1410,hyperequipped,1973,good,electric,555,2,681,true,,500,true,,,2,3,,10/18/22
10158149,apartment,flatstudio,59000,forsale,4000,notinstalled,,tobedoneup,,251,1,,,,,,,,,,,10/18/22
9641565,house,house,184000,forsale,2550,,,good,gas,,5,155,,true,,true,,,,1,,10/18/22
10121293,house,house,275000,forsale,1420,,,torenovate,fueloil,515,2,207,,,100,,true,,,,,10/18/22
10096523,apartment,apartment,165000,forsale,1140,,1967,good,gas,222,1,,,true,,true,true,,,,,10/18/22
10121649,apartment,apartment,169000,forsale,1800,notinstalled,1960,tobedoneup,gas,200,2,,,true,,,,,,,,10/18/22
10072688,apartment,apartment,170000,forsale,1800,notinstalled,1960,tobedoneup,gas,199,2,,,true,,,,,,,,10/18/22
10074157,apartment,apartment,185000,forsale,1800,notinstalled,1969,tobedoneup,gas,699,2,,,true,,true,,,,,,10/18/22
9563070,apartment,apartment,189500,forsale,4460,notinstalled,1850,torestore,gas,,3,,,,80000,true,,,,2,,10/18/22
10114353,apartment,apartment,200000,forsale,1070,,1951,good,fueloil,380,2,,,true,,,,,,,,10/18/22
9890251,apartment,flatstudio,210000,forsale,1000,hyperequipped,2018,asnew,gas,,0,,,true,,true,,,,,,10/18/22
10071120,apartment,apartment,219000,forsale,1740,semiequipped,1979,tobedoneup,gas,,2,,,,,true,,,1,,,10/18/22
10124961,apartment,apartment,225000,forsale,1150,,1976,tobedoneup,gas,251,1,,,,,true,,,,,,10/18/22
10053183,apartment,apartment,230000,forsale,6600,,2001,good,gas,180,2,,,true,,,,,,,,10/18/22
9691952,apartment,apartment,240000,forsale,1050,hyperequipped,,asnew,fueloil,272,1,,,true,,true,,,,,,10/18/22
9876632,apartment,apartment,245000,forsale,1140,installed,1970,good,,150,2,,,true,,true,,,,,,10/18/22
10125008,apartment,apartment,250000,forsale,1140,,1999,tobedoneup,gas,174,1,,,,,true,,,,,,10/18/22
9927691,apartment,duplex,262650,forsale,8540,installed,2019,good,gas,,2,,,,,true,,,,,,10/18/22
9927690,apartment,duplex,262650,forsale,8540,installed,2019,good,gas,,2,,,,,true,,,,,,10/18/22
9927685,apartment,apartment,262650,forsale,8540,installed,2019,good,gas,,2,,,,,true,,,,,,10/18/22
9927684,apartment,apartment,262650,forsale,8540,installed,2019,good,gas,,2,,,,,true,,,,,,10/18/22
10126787,apartment,apartment,285000,forsale,1030,,2013,tobedoneup,gas,124,2,,,true,,true,,,,1,,10/18/22
10072458,apartment,apartment,295000,forsale,1150,usainstalled,1965,good,gas,242,1,,,true,,true,,,,,,10/18/22
10124954,apartment,apartment,295000,forsale,1170,,1970,torenovate,gas,307,2,,,,,true,,,,,,10/18/22
10115882,apartment,apartment,295000,forsale,2530,installed,1977,asnew,,149,3,,,,,true,,,,,,10/18/22
9984297,apartment,apartment,299000,forsale,1060,,1918,good,gas,186,2,,,true,,,,,,,,10/18/22
9982223,apartment,apartment,299000,forsale,6600,,2017,good,gas,74,2,,,,,true,,,,,,10/18/22
10114338,apartment,apartment,300000,forsale,1030,,1960,tobedoneup,gas,149,2,,,,,,,,,,,10/18/22
9797525,apartment,apartment,310000,forsale,1000,usahyperequipped,2014,asnew,gas,,1,,,,,true,true,,,,,10/18/22
10056997,apartment,apartment,310000,forsale,1830,hyperequipped,2005,good,,180,3,,,true,,,,,1,,,10/18/22
10081331,apartment,apartment,310000,forsale,8500,installed,2021,good,gas,,2,,,,,true,,,,,,10/18/22
9987136,apartment,apartment,314000,forsale,2880,installed,1997,good,,174,3,,,true,,true,,,1,,,10/18/22
10124073,apartment,duplex,325000,forsale,1180,,1930,tobedoneup,gas,406,2,,,,,,,,,,,10/18/22
10081332,apartment,apartment,330000,forsale,8500,installed,2021,good,gas,,3,,,,,true,,,,,,10/18/22
10158182,house,house,240000,forsale,5300,installed,,justrenovated,fueloil,299,2,300,true,true,,true,true,,1,2,,10/18/22
9625357,house,house,131000,forsale,2550,notinstalled,1930,,gas,371,3,1664,,true,1100,true,,,1,,,10/18/22
10158172,apartment,apartment,260000,forsale,8870,installed,2020,good,gas,47,2,,,,,true,,,,,,10/18/22
10158154,house,house,290000,forsale,7900,installed,2021,,gas,,3,515,true,,,,,,,2,1,10/18/22
10158153,house,bungalow,445000,forsale,1410,hyperequipped,1973,good,electric,555,2,681,true,,500,true,,,2,3,,10/18/22
10158149,apartment,flatstudio,59000,forsale,4000,notinstalled,,tobedoneup,,251,1,,,,,,,,,,,10/18/22
9641565,house,house,184000,forsale,2550,,,good,gas,,5,155,,true,,true,,,,1,,10/18/22
10121293,house,house,275000,forsale,1420,,,torenovate,fueloil,515,2,207,,,100,,true,,,,,10/18/22
10081330,apartment,apartment,340000,forsale,8500,installed,2021,good,gas,,2,,,,,true,,,,,,10/18/22
10124153,apartment,apartment,345000,forsale,1050,,1931,tobedoneup,fueloil,367,2,,,,,,,,,,,10/18/22
9955972,apartment,apartment,348000,forsale,9700,,2009,good,gas,140,3,,,,,true,,,,,,10/18/22
10126964,apartment,apartment,350000,forsale,1000,,1850,justrenovated,gas,492,2,,,,,,,,,,,10/18/22
10036554,apartment,apartment,370000,forsale,1040,,1980,good,electric,213,2,,,true,,,,,,,,10/18/22
10124343,apartment,apartment,370000,forsale,1050,,1990,good,gas,221,2,,,true,,,,,,,,10/18/22
10114341,apartment,apartment,375000,forsale,1070,,2014,asnew,gas,60,2,,,,,true,,,,,,10/18/22
10116893,apartment,duplex,389000,forsale,1050,,1930,good,gas,669,2,,,,,,,,,,,10/18/22
10069034,apartment,apartment,395000,forsale,1030,usahyperequipped,2018,asnew,gas,,2,,,,,true,,,,,,10/18/22
9936543,apartment,penthouse,490000,forsale,1970,hyperequipped,1994,good,,293,4,,,,80,true,,,1,2,,10/18/22
10100033,apartment,apartment,498000,forsale,8430,installed,1994,good,electric,184,2,,,true,,,,,,,,10/18/22
8828787,apartment,apartment,625000,forsale,1050,,1930,good,gas,,3,,true,true,,,true,,,,,10/18/22
9919937,apartment,apartment,695000,forsale,1600,hyperequipped,1931,good,,98,3,,,,,,,,,1,,10/18/22
10129351,apartment,apartment,725000,forsale,1150,hyperequipped,1991,good,gas,,3,,,true,,true,,,,,,10/18/22
10000894,apartment,penthouse,975000,forsale,1040,usahyperequipped,1912,asnew,gas,,3,,,,,true,,,,35,,10/18/22
10000895,apartment,apartment,1075000,forsale,1040,hyperequipped,1912,asnew,gas,,3,,,,,true,,,,35,,10/18/22
10000896,apartment,penthouse,1150000,forsale,1040,usahyperequipped,1912,asnew,gas,,3,,,,,true,,,,35,,10/18/22
9949017,apartment,duplex,2100000,forsale,1050,,1991,asnew,gas,443,5,,,,,true,,,,,,10/18/22
10145811,apartment,loft,498000,forsale,8790,installed,1980,good,,193,4,,,true,,true,,,2,2,,10/18/22
10138774,apartmentgroup,apartmentgroup,195000-445000,forsale,5030,,,,,,,,,,,,,,65,16,1,10/18/22
10138649,apartmentgroup,apartmentgroup,256500-449900,forsale,6720,,,,,,,,,,,,,,,,1,10/18/22
10133047,apartment,apartment,355000,forsale,1180,hyperequipped,2017,,gas,63,1,,,,10000,true,,,,,,10/18/22
10149702,apartment,penthouse,675000,forsale,1325,usahyperequipped,2022,asnew,gas,,2,,,true,,true,,,,1,1,10/18/22
10149701,apartment,penthouse,675000,forsale,1325,usahyperequipped,2022,asnew,gas,,2,,,true,,true,,,,1,1,10/18/22
10146841,apartment,apartment,235000,forsale,1070,usahyperequipped,2010,,gas,,1,,,true,,true,,,1,,,10/18/22
10133928,apartment,apartment,179000,forsale,8400,hyperequipped,,asnew,electric,292,2,,,true,,true,,,1,1,,10/18/22
10135154,apartment,apartment,195000,forsale,9000,semiequipped,1968,good,,277,3,,,,,,,,,,,10/18/22
10134283,apartment,apartment,215000,forsale,1000,installed,,good,electric,35,1,,,,,,,,,,,10/18/22
9269844,apartment,apartment,299000,forsale,2550,hyperequipped,,asnew,gas,133,1,,,,,true,,true,,,,10/18/22
10135372,apartment,penthouse,2895000,forsale,2000,,2016,asnew,,189,4,,,true,352,true,true,,4,4,,10/18/22
10158182,house,house,240000,forsale,5300,installed,,justrenovated,fueloil,299,2,300,true,true,,true,true,,1,2,,10/18/22
9625357,house,house,131000,forsale,2550,notinstalled,1930,,gas,371,3,1664,,true,1100,true,,,1,,,10/18/22
10158172,apartment,apartment,260000,forsale,8870,installed,2020,good,gas,47,2,,,,,true,,,,,,10/18/22
10158154,house,house,290000,forsale,7900,installed,2021,,gas,,3,515,true,,,,,,,2,1,10/18/22
10158153,house,bungalow,445000,forsale,1410,hyperequipped,1973,good,electric,555,2,681,true,,500,true,,,2,3,,10/18/22
10158149,apartment,flatstudio,59000,forsale,4000,notinstalled,,tobedoneup,,251,1,,,,,,,,,,,10/18/22
9641565,house,house,184000,forsale,2550,,,good,gas,,5,155,,true,,true,,,,1,,10/18/22
10121293,house,house,275000,forsale,1420,,,torenovate,fueloil,515,2,207,,,100,,true,,,,,10/18/22
10157014,apartment,apartment,346480,forsale,9770,installed,2022,asnew,,,3,,,,31,true,,,,,1,10/18/22
10157016,apartment,apartment,356498,forsale,9770,installed,2022,asnew,,,3,,,,77,true,,,,,1,10/18/22
10153992,apartment,apartment,245000,forsale,1320,installed,,,fueloil,334,2,,,,,true,,,,2,,10/18/22
10153994,apartment,apartment,245000,forsale,1390,installed,,,fueloil,334,2,,,,,true,,,,2,,10/18/22
10151595,apartment,apartment,690000,forsale,1050,hyperequipped,2007,good,gas,93,3,,,true,,true,,,,,,10/18/22
10152244,apartment,apartment,2250000,forsale,1180,usauninstalled,2020,justrenovated,gas,83,3,,,true,,true,,,4,,,10/18/22
10139521,apartment,serviceflat,155000,forsale,1160,usainstalled,,asnew,electric,260,0,,,,,true,,,,,,10/18/22
9943792,apartment,apartment,176900,forsale,6800,,2023,asnew,gas,85,1,,,true,,true,,,,,1,10/18/22
9936574,apartment,apartment,176900,forsale,6800,,2023,asnew,gas,85,1,,,true,,true,,,,,1,10/18/22
10140117,apartment,apartment,225000,forsale,4020,installed,,good,gas,,3,,,true,,true,,,,,,10/18/22
10139628,apartment,apartment,237500,forsale,9030,semiequipped,1967,,gas,136,2,,,,,true,,,,,,10/18/22
9879136,apartment,apartment,239500,forsale,8540,installed,2019,asnew,gas,,2,,,,,true,,,,,1,10/18/22
10107791,apartment,apartment,245000,forsale,6600,,2017,,gas,56,2,,,,,true,,,,,1,10/18/22
10126218,apartment,apartment,259500,forsale,1420,usahyperequipped,2023,,gas,93,1,,,true,,true,,,,124,1,10/18/22
10085790,apartment,flatstudio,263500,forsale,1160,usahyperequipped,2022,,gas,15,0,,,,,true,,,1,1,1,10/18/22
10090814,apartment,apartment,316500,forsale,5100,,2020,asnew,gas,110,3,,,,76,true,,,,10,1,10/18/22
10085799,apartment,apartment,325000,forsale,1030,usahyperequipped,2023,asnew,,55,1,,,true,,true,,,,1,1,10/18/22
10139296,apartment,apartment,340000,forsale,1180,installed,1975,justrenovated,gas,250,2,,,true,,true,,,1,,,10/18/22
10117652,apartment,apartment,343295,forsale,9300,usahyperequipped,2020,good,gas,,2,,,,,true,,,,,1,10/18/22
9844755,apartment,apartment,352500,forsale,1000,,2024,,gas,5,3,,,true,,true,,,,,1,10/18/22
9844756,apartment,apartment,352500,forsale,1070,,2024,,gas,5,3,,,true,,true,,,,,1,10/18/22
10009457,apartment,apartment,365000,forsale,1030,usahyperequipped,2023,asnew,,49,1,,,true,,true,,,,1,1,10/18/22
10126221,apartment,apartment,409500,forsale,1420,usahyperequipped,2023,,gas,93,3,,,true,,true,,,,124,1,10/18/22
10071814,apartment,penthouse,599000,forsale,1180,usahyperequipped,2022,asnew,,,2,,,true,,true,,,,2,1,10/18/22
9923492,apartment,penthouse,1350000,forsale,1180,usahyperequipped,2022,asnew,gas,,3,,,true,,true,,,2,2,1,10/18/22
10157541,apartment,flatstudio,150000,forsale,1200,hyperequipped,1960,torenovate,gas,436,0,,,true,,,,,,,,10/18/22
10145285,apartment,groundfloor,490000,forsale,9051,hyperequipped,2024,asnew,gas,,2,,,,87,true,true,,,1,1,10/18/22
10143953,apartment,apartment,199000,forsale,2660,,1968,asnew,gas,324,2,,,,,,,,,,,10/18/22
10144398,apartment,flatstudio,229000,forsale,3000,,1968,justrenovated,gas,189,1,,,,,,,,,,,10/18/22
10142949,apartment,apartment,230000,forsale,1080,notinstalled,1966,good,fueloil,176,2,,,true,,true,,,1,,,10/18/22
10158182,house,house,240000,forsale,5300,installed,,justrenovated,fueloil,299,2,300,true,true,,true,true,,1,2,,10/18/22
9625357,house,house,131000,forsale,2550,notinstalled,1930,,gas,371,3,1664,,true,1100,true,,,1,,,10/18/22
10158172,apartment,apartment,260000,forsale,8870,installed,2020,good,gas,47,2,,,,,true,,,,,,10/18/22
10158154,house,house,290000,forsale,7900,installed,2021,,gas,,3,515,true,,,,,,,2,1,10/18/22
10158153,house,bungalow,445000,forsale,1410,hyperequipped,1973,good,electric,555,2,681,true,,500,true,,,2,3,,10/18/22
10158149,apartment,flatstudio,59000,forsale,4000,notinstalled,,tobedoneup,,251,1,,,,,,,,,,,10/18/22
9641565,house,house,184000,forsale,2550,,,good,gas,,5,155,,true,,true,,,,1,,10/18/22
10121293,house,house,275000,forsale,1420,,,torenovate,fueloil,515,2,207,,,100,,true,,,,,10/18/22
10143143,apartment,apartment,265000,forsale,3000,,,good,,582,1,,,,,true,,,,,,10/18/22
10132671,apartment,penthouse,377000,forsale,1435,usainstalled,2020,,gas,93,2,,,true,,true,,,,,1,10/18/22
10132961,apartment,apartment,460000,forsale,1200,hyperequipped,,asnew,gas,38.54,3,,,true,,true,,,,,1,10/18/22
10137029,apartmentgroup,apartmentgroup,216672-413134,forsale,9800,,,,,,,,,,,,,,,,1,10/18/22
10137808,apartmentgroup,apartmentgroup,539500-539500,forsale,1640,,,,,,,,,,,,,,,,1,10/18/22
10099084,apartment,apartment,420000,forsale,4000,notinstalled,,torenovate,gas,280,3,,,true,,true,,,1,1,,10/18/22
10131056,apartment,apartment,430000,forsale,9630,installed,1990,good,gas,128,3,,,true,5500,true,,true,2,2,,10/18/22
10133818,apartment,duplex,290000,forsale,5190,installed,,good,fueloil,201,3,,,true,500,true,,,,,,10/18/22
10152362,apartment,apartment,675000,forsale,1325,,2021,,,65,3,,,,,true,,,,2,1,10/18/22
10152354,apartment,apartment,675000,forsale,1325,installed,2021,,gas,,2,,,,,true,,,1,1,1,10/18/22
10152357,apartment,apartment,775000,forsale,1325,installed,2021,,gas,,3,,,,,true,,,2,,1,10/18/22
10148905,apartment,apartment,165000,forsale,4020,,1978,good,gas,224,3,,,,,true,,,1,1,,10/18/22
10151029,apartment,apartment,195000,forsale,1180,,1970,tobedoneup,,278,2,,,true,,,,,,,,10/18/22
10150801,apartment,apartment,205000,forsale,4020,installed,,,gas,118,2,,,,,,,,,,,10/18/22
10151205,apartment,apartment,335000,forsale,9080,installed,2006,,gas,273,2,,,,,true,,,1,,,10/18/22
10136504,apartment,flatstudio,179000,forsale,1020,,1964,,gas,149,0,,,,,,,,,,,10/18/22
10136503,apartment,flatstudio,179000,forsale,1020,,1964,,gas,143,0,,,,,,,,,,,10/18/22
10137357,apartment,apartment,290000,forsale,1050,hyperequipped,1941,justrenovated,fueloil,,1,,,true,,,,,,,,10/18/22
10157900,apartment,penthouse,1900000,forsale,1050,usahyperequipped,2021,asnew,gas,,3,,,true,,true,true,,1,1,1,10/18/22
10157901,apartment,penthouse,1900000,forsale,1060,usahyperequipped,2021,asnew,gas,,3,,,true,,true,true,,1,1,1,10/18/22
10140850,apartment,apartment,240000,forsale,1420,semiequipped,1900,tobedoneup,gas,424,4,,,,,true,true,,,,,10/18/22
10142036,apartment,apartment,295000,forsale,8400,hyperequipped,,asnew,gas,238,2,,,,,true,,,,,,10/18/22
10140916,apartment,apartment,395000,forsale,1428,usainstalled,2010,good,gas,116,3,,,,,true,,,1,1,,10/18/22
10141417,apartment,apartment,585000,forsale,9800,hyperequipped,,,gas,152,3,,,,,true,,,6,,,10/18/22
9430527,apartment,apartment,65000,forsale,4020,,1945,,gas,155,1,,,,,,,,,,,10/18/22
9430528,apartment,apartment,69000,forsale,4020,,1945,,gas,434,1,,,,,true,,,,,,10/18/22
10014178,apartment,apartment,75000,forsale,8370,installed,1988,,gas,130,1,,,,,true,,,,,,10/18/22
9824425,apartment,apartment,135000,forsale,4690,semiequipped,1970,torestore,fueloil,86467,2,,,,,,,,,,,10/18/22
10113552,apartment,apartment,140000,forsale,1083,installed,,good,fueloil,210,1,,,true,,true,,,,,,10/18/22
9824424,apartment,apartment,155000,forsale,4690,semiequipped,1970,torestore,fueloil,86467,3,,,,,true,,,,,,10/18/22
10158182,house,house,240000,forsale,5300,installed,,justrenovated,fueloil,299,2,300,true,true,,true,true,,1,2,,10/18/22
9625357,house,house,131000,forsale,2550,notinstalled,1930,,gas,371,3,1664,,true,1100,true,,,1,,,10/18/22
10158172,apartment,apartment,260000,forsale,8870,installed,2020,good,gas,47,2,,,,,true,,,,,,10/18/22
10158154,house,house,290000,forsale,7900,installed,2021,,gas,,3,515,true,,,,,,,2,1,10/18/22
10158153,house,bungalow,445000,forsale,1410,hyperequipped,1973,good,electric,555,2,681,true,,500,true,,,2,3,,10/18/22
10158149,apartment,flatstudio,59000,forsale,4000,notinstalled,,tobedoneup,,251,1,,,,,,,,,,,10/18/22
9641565,house,house,184000,forsale,2550,,,good,gas,,5,155,,true,,true,,,,1,,10/18/22
10121293,house,house,275000,forsale,1420,,,torenovate,fueloil,515,2,207,,,100,,true,,,,,10/18/22
10053464,apartment,flatstudio,159000,forsale,3000,,1993,,electric,245,1,,,,,,,,,,,10/18/22
10129047,apartment,apartment,159000,forsale,4040,semiequipped,,asnew,gas,147,2,,,,,,,,1,,,10/18/22
10107442,apartment,groundfloor,159000,forsale,4420,installed,2010,good,gas,215,1,,,true,,,,,1,,,10/18/22
10085317,apartment,apartment,159000,forsale,8530,hyperequipped,1995,,gas,160,1,,,true,,,,,,,,10/18/22
10095002,apartment,apartment,165000,forsale,1030,notinstalled,1911,torenovate,,444,1,,,true,,,,,,,,10/18/22
10103804,apartment,flatstudio,169000,forsale,2018,hyperequipped,1975,justrenovated,fueloil,139,1,,,,,,,,,,,10/18/22
9977843,apartment,apartment,169000,forsale,8400,installed,1967,good,gas,283,2,,,,,,,,,,,10/18/22
10031532,apartment,apartment,170000,forsale,4020,,1965,good,gas,392,2,,,true,,true,,,1,,,10/18/22
9978984,apartment,groundfloor,175000,forsale,1853,usainstalled,1976,good,fueloil,285,1,,,true,,,,,,,,10/18/22
9958344,apartment,apartment,175000,forsale,6000,installed,,justrenovated,gas,112,2,,,true,,true,,,,1,,10/18/22
10085318,apartment,apartment,175000,forsale,8530,hyperequipped,1995,,gas,160,1,,,true,,,,,1,,,10/18/22
10087772,apartment,apartment,180000,forsale,1040,,1910,good,,950,1,,,,,,,,,,,10/18/22
10118281,apartment,apartment,185000,forsale,1060,usainstalled,1905,good,,267,1,,,,,,,,,,,10/18/22
10003733,apartment,apartment,187500,forsale,4430,installed,2018,,gas,66,2,,,true,,true,,,1,1,,10/18/22
8359894,apartment,apartment,187500,forsale,4430,installed,2018,,gas,66,2,,,true,,true,,,1,1,,10/18/22
7750790,apartment,apartment,187500,forsale,4430,installed,2018,,gas,66,2,,,true,,true,,,1,1,,10/18/22
9979319,apartment,apartment,188000,forsale,1853,,1970,torenovate,gas,210,2,,,true,,true,,,,1,,10/18/22
10127693,apartment,apartment,190000,forsale,1080,installed,,tobedoneup,gas,404,2,,,true,,true,,,,,,10/18/22
9880115,apartment,apartment,193000,forsale,4430,installed,2019,,gas,69,2,,,true,,true,,,1,1,,10/18/22
9791239,apartment,groundfloor,195000,forsale,1020,usainstalled,1938,tobedoneup,gas,572,1,,,true,50,true,,,,,,10/18/22
10026505,apartment,triplex,195000,forsale,1400,usasemiequipped,1900,asnew,gas,256,3,,,,,,,,,,,10/18/22
10110801,apartment,apartment,195000,forsale,4500,installed,1900,asnew,gas,198,3,,,,,,,,,,,10/18/22
10101595,apartment,apartment,198000,forsale,1853,,1972,tobedoneup,fueloil,149,1,,,true,,true,,,,,,10/18/22
9966397,apartment,apartment,200000,forsale,1000,hyperequipped,1897,asnew,electric,1800,1,,,,,,,,,,,10/18/22
10124108,apartment,apartment,210000,forsale,1800,hyperequipped,,good,fueloil,244,1,,,true,,true,,,,,,10/18/22
10112812,apartment,apartment,210000,forsale,6920,installed,,justrenovated,fueloil,70,2,,,true,,true,,,,,,10/18/22
10121378,apartment,apartment,215000,forsale,1000,usainstalled,,good,gas,243,1,,,,,true,,,,,,10/18/22
10005327,apartment,apartment,215000,forsale,1090,semiequipped,,tobedoneup,gas,240,2,,,,,true,,,,,,10/18/22
10095672,apartment,apartment,220000,forsale,9690,,1950,tobedoneup,fueloil,337,3,,,true,,,,,,,,10/18/22
9758311,apartment,apartment,222000,forsale,1070,usahyperequipped,2022,,gas,30,1,,,,,true,,,,,,10/18/22
10158182,house,house,240000,forsale,5300,installed,,justrenovated,fueloil,299,2,300,true,true,,true,true,,1,2,,10/18/22
9625357,house,house,131000,forsale,2550,notinstalled,1930,,gas,371,3,1664,,true,1100,true,,,1,,,10/18/22
10158172,apartment,apartment,260000,forsale,8870,installed,2020,good,gas,47,2,,,,,true,,,,,,10/18/22
10158154,house,house,290000,forsale,7900,installed,2021,,gas,,3,515,true,,,,,,,2,1,10/18/22
10158153,house,bungalow,445000,forsale,1410,hyperequipped,1973,good,electric,555,2,681,true,,500,true,,,2,3,,10/18/22
10158149,apartment,flatstudio,59000,forsale,4000,notinstalled,,tobedoneup,,251,1,,,,,,,,,,,10/18/22
9641565,house,house,184000,forsale,2550,,,good,gas,,5,155,,true,,true,,,,1,,10/18/22
10121293,house,house,275000,forsale,1420,,,torenovate,fueloil,515,2,207,,,100,,true,,,,,10/18/22
10108412,apartment,apartment,223000,forsale,1070,usahyperequipped,2022,,gas,30,1,,,,,true,,,,,,10/18/22
9979096,apartment,apartment,224000,forsale,1800,semiequipped,2017,good,gas,119,1,,,,,true,,,,,,10/18/22
9880787,apartment,apartment,225000,forsale,1020,semiequipped,,tobedoneup,gas,448,3,,,,,true,,,1,1,,10/18/22
10021595,apartment,apartment,225000,forsale,4121,installed,2008,asnew,fueloil,235,1,,,true,1100,true,,,,1,,10/18/22
10027990,apartment,apartment,225000,forsale,4121,installed,2008,asnew,fueloil,235,1,,,true,1100,true,,,,1,,10/18/22
10126752,apartment,groundfloor,229000,forsale,2060,installed,1950,justrenovated,gas,265,1,,,true,,true,,,,,,10/18/22
9880786,apartment,apartment,235000,forsale,1020,semiequipped,,tobedoneup,gas,223,3,,,,,true,,,1,1,,10/18/22
10077687,apartment,apartment,235000,forsale,1090,semiequipped,,tobedoneup,gas,607,2,,,true,,true,,,,,,10/18/22
10127422,apartment,apartment,235000,forsale,3000,,1996,,gas,141,1,,,,,,,,,,,10/18/22
9974200,apartment,apartment,239000,forsale,1800,installed,2018,,gas,93,1,,,,,true,,,1,,,10/18/22
10053416,apartment,apartment,239000,forsale,6790,,2007,,fueloil,204,2,,,true,,,,,1,1,,10/18/22
10067592,apartment,apartment,245000,forsale,1600,notinstalled,1960,tobedoneup,gas,341,2,,,true,220,true,,,2,2,,10/18/22
10029060,apartment,apartment,249000,forsale,2100,hyperequipped,,asnew,gas,117,2,,,true,,true,,,,,,10/18/22
9748763,apartment,apartment,250000,forsale,1070,usahyperequipped,2022,,gas,30,1,,,,,true,,,,,,10/18/22
10123433,apartment,apartment,250000,forsale,1200,notinstalled,1970,tobedoneup,gas,396,2,,,,,true,,,,,,10/18/22
10088956,apartment,apartment,250000,forsale,5100,semiequipped,2021,,gas,109,2,,,true,,true,,,,,,10/18/22
10075944,apartment,groundfloor,260000,forsale,1040,installed,1930,good,fueloil,415,1,,,true,,,,,,,,10/18/22
10120502,apartment,apartment,265000,forsale,1020,usahyperequipped,1970,,gas,171,2,,,,,,,,,,,10/18/22
9964574,apartment,apartment,265000,forsale,1930,hyperequipped,1968,good,gas,,2,,,true,,true,,,1,1,,10/18/22
10084772,apartment,apartment,266500,forsale,4500,notinstalled,2020,,gas,106,2,,,true,,true,,,,1,,10/18/22
9815716,apartment,apartment,270000,forsale,1410,installed,,good,electric,336,2,,,true,,,,,2,,,10/18/22
9748764,apartment,apartment,272500,forsale,1070,usahyperequipped,2022,,gas,30,2,,,,,true,,,1,,,10/18/22
9865566,apartment,apartment,275000,forsale,1050,installed,1956,good,gas,378,1,,,,,true,,,,,,10/18/22
9948302,apartment,apartment,275000,forsale,1080,usahyperequipped,1930,justrenovated,gas,141,2,,,true,,true,true,,,,,10/18/22
10111532,apartment,groundfloor,275000,forsale,1180,installed,1956,good,gas,326,1,,,true,55,true,,,,,,10/18/22
9990128,apartment,apartment,285000,forsale,1030,semiequipped,1964,tobedoneup,gas,240,3,,,true,,,,,,,,10/18/22
10119766,apartment,apartment,295000,forsale,1040,usahyperequipped,,good,gas,295,2,,,,,true,,,,,,10/18/22
9704975,apartment,apartment,295000,forsale,1090,semiequipped,1950,good,gas,505,2,,,,,true,,,1,,,10/18/22
9958347,apartment,apartment,299000,forsale,6000,installed,,justrenovated,gas,95,3,,,true,,true,,,,1,,10/18/22
10098399,apartment,apartment,299000,forsale,9000,notinstalled,1998,,gas,120,2,,,,,,,,1,,,10/18/22
10158182,house,house,240000,forsale,5300,installed,,justrenovated,fueloil,299,2,300,true,true,,true,true,,1,2,,10/18/22
9625357,house,house,131000,forsale,2550,notinstalled,1930,,gas,371,3,1664,,true,1100,true,,,1,,,10/18/22
10158172,apartment,apartment,260000,forsale,8870,installed,2020,good,gas,47,2,,,,,true,,,,,,10/18/22
10158154,house,house,290000,forsale,7900,installed,2021,,gas,,3,515,true,,,,,,,2,1,10/18/22
10158153,house,bungalow,445000,forsale,1410,hyperequipped,1973,good,electric,555,2,681,true,,500,true,,,2,3,,10/18/22
10158149,apartment,flatstudio,59000,forsale,4000,notinstalled,,tobedoneup,,251,1,,,,,,,,,,,10/18/22
9641565,house,house,184000,forsale,2550,,,good,gas,,5,155,,true,,true,,,,1,,10/18/22
10121293,house,house,275000,forsale,1420,,,torenovate,fueloil,515,2,207,,,100,,true,,,,,10/18/22
10126145,apartment,serviceflat,310000,forsale,3190,installed,2020,,gas,30,2,,,,,true,,,,1,,10/18/22
10073446,apartment,apartment,315000,forsale,1000,hyperequipped,,justrenovated,gas,168,2,,,true,,,,,1,,,10/18/22
10054893,apartment,apartment,315000,forsale,9600,hyperequipped,2014,good,gas,111,3,,,,,true,,,1,,,10/18/22
9922596,apartment,apartment,330000,forsale,2830,installed,2022,,gas,36,2,,,,,true,,,1,,,10/18/22
9922599,apartment,apartment,335000,forsale,2830,installed,2022,,gas,45,2,,,,,true,,,1,,,10/18/22
9422364,apartment,triplex,340000,forsale,1000,hyperequipped,1999,asnew,gas,198,4,,,,,true,true,,1,,,10/18/22
9422365,apartment,triplex,340000,forsale,1120,hyperequipped,1999,asnew,gas,198,4,,,,,true,true,,1,,,10/18/22
10124022,apartment,apartment,349000,forsale,8301,hyperequipped,1964,justrenovated,gas,178,2,,,,,true,,,,,,10/18/22
10069924,apartment,apartment,349500,forsale,1000,usahyperequipped,2013,asnew,gas,171,1,,,true,,true,,,,1,,10/18/22
10097809,apartment,penthouse,349500,forsale,1080,usahyperequipped,1997,asnew,electric,424,2,,,,,true,,,,,,10/18/22
10066736,apartment,apartment,350000,forsale,1180,notinstalled,1953,good,gas,120,2,,,true,,true,,,,,,10/18/22
10103321,apartment,apartment,359000,forsale,9000,,2007,tobedoneup,gas,50,1,,,,,true,,,,,,10/18/22
9818383,apartment,apartment,360000,forsale,1070,usahyperequipped,2022,,gas,30,3,,,,,true,,,,,,10/18/22
9288287,apartment,apartment,360000,forsale,1300,usahyperequipped,2021,asnew,gas,117,2,,,true,,true,,,20,,,10/18/22
10084098,apartment,loft,360000,forsale,1601,hyperequipped,,asnew,gas,175,2,,,true,,true,,,,1,,10/18/22
10127725,apartment,apartment,362500,forsale,1070,usahyperequipped,2022,,gas,30,3,,,,,true,,,1,,,10/18/22
9847075,apartment,apartment,362500,forsale,1070,usahyperequipped,2022,,gas,30,3,,,,,true,,,1,,,10/18/22
9922600,apartment,loft,365000,forsale,2830,installed,2022,,gas,52,2,,,,,true,,,1,,,10/18/22
10112218,apartment,apartment,370000,forsale,1040,usainstalled,1911,asnew,gas,350,1,,,,,,,,,,,10/18/22
10088882,apartment,groundfloor,379000,forsale,1180,semiequipped,1970,torenovate,gas,403,3,,,true,,,true,,1,2,,10/18/22
10125890,apartment,groundfloor,380000,forsale,1040,notinstalled,1912,good,fueloil,413,2,,,true,160,true,,,,,,10/18/22
9704937,apartment,apartment,385000,forsale,1400,installed,2020,asnew,gas,113,2,,,,,true,,,,,,10/18/22
9869125,apartment,penthouse,385000,forsale,5100,semiequipped,2021,,gas,127,3,,,true,,true,,,1,,,10/18/22
9912312,apartment,serviceflat,395000,forsale,1050,hyperequipped,1970,good,gas,198,2,,,true,,true,true,,,1,,10/18/22
9437761,apartment,loft,395000,forsale,1090,hyperequipped,2004,good,gas,175,4,,,,200,true,,,,,,10/18/22
9332176,apartment,loft,395000,forsale,1090,hyperequipped,2004,good,gas,175,4,,,,200,true,,,,,,10/18/22
9848023,apartment,penthouse,400000,forsale,1200,hyperequipped,1964,asnew,gas,437,2,,,true,,true,,,,1,,10/18/22
9931867,apartment,duplex,429000,forsale,1180,hyperequipped,,asnew,gas,776,3,,,true,,,,,,,,10/18/22
10099351,apartment,triplex,430000,forsale,1070,usahyperequipped,1900,asnew,gas,296,4,,,,,true,true,,,,,10/18/22
10158182,house,house,240000,forsale,5300,installed,,justrenovated,fueloil,299,2,300,true,true,,true,true,,1,2,,10/18/22
9625357,house,house,131000,forsale,2550,notinstalled,1930,,gas,371,3,1664,,true,1100,true,,,1,,,10/18/22
10158172,apartment,apartment,260000,forsale,8870,installed,2020,good,gas,47,2,,,,,true,,,,,,10/18/22
10158154,house,house,290000,forsale,7900,installed,2021,,gas,,3,515,true,,,,,,,2,1,10/18/22
10158153,house,bungalow,445000,forsale,1410,hyperequipped,1973,good,electric,555,2,681,true,,500,true,,,2,3,,10/18/22
10158149,apartment,flatstudio,59000,forsale,4000,notinstalled,,tobedoneup,,251,1,,,,,,,,,,,10/18/22
9641565,house,house,184000,forsale,2550,,,good,gas,,5,155,,true,,true,,,,1,,10/18/22
10121293,house,house,275000,forsale,1420,,,torenovate,fueloil,515,2,207,,,100,,true,,,,,10/18/22
10104392,apartment,duplex,445000,forsale,1340,usahyperequipped,1945,asnew,gas,330,2,,,true,577,true,,,,3,,10/18/22
9981536,apartment,apartment,455000,forsale,1180,hyperequipped,,asnew,gas,63,3,,,true,,true,,,,1,,10/18/22
10006356,apartment,apartment,464000,forsale,1140,installed,1983,good,gas,310,4,,,true,,,,,,2,,10/18/22
9907871,apartment,duplex,465000,forsale,1200,hyperequipped,1980,good,gas,170,3,,,true,100,true,,,,2,,10/18/22
10013080,apartment,apartment,465000,forsale,8300,hyperequipped,1970,good,gas,146,2,,,,,true,,,,,,10/18/22
9955440,apartment,apartment,475000,forsale,1060,installed,1950,good,fueloil,183,2,,,true,,,,,,,,10/18/22
9907251,apartment,triplex,495000,forsale,1180,usainstalled,1900,good,gas,351,2,,,,,,,,,,,10/18/22
10049523,apartment,apartment,495000,forsale,8300,installed,2010,good,gas,88,2,,,,,true,,,1,,,10/18/22
10085531,apartment,apartment,525000,forsale,9000,installed,2016,asnew,gas,61,3,,,,,,,,,,,10/18/22
10129417,apartment,apartment,530000,forsale,1150,hyperequipped,,good,gas,197,3,,,true,,true,,,,1,,10/18/22
9698420,apartment,apartment,545000,forsale,1180,hyperequipped,1967,tobedoneup,gas,160,2,,,true,,true,,,,,,10/18/22
9988908,apartment,groundfloor,565000,forsale,1150,hyperequipped,2001,good,gas,213,2,,,true,,true,,,,,,10/18/22
10048891,apartment,penthouse,585000,forsale,4000,notinstalled,1957,tobedoneup,gas,349,5,,,,,true,true,,1,,,10/18/22
9849619,apartment,apartment,590000,forsale,8300,hyperequipped,1978,asnew,gas,127,2,,,,,true,,,,,,10/18/22
10081111,apartment,apartment,595000,forsale,8300,hyperequipped,1988,good,gas,348,2,,,true,,true,,,1,2,,10/18/22
10054232,apartment,apartment,595000,forsale,8300,,2001,good,gas,83,1,,,,,,,,,,,10/18/22
10012808,apartment,apartment,595000,forsale,8300,usainstalled,1988,good,electric,348,2,,,,,true,,,,,,10/18/22
9733077,apartment,apartment,607500,forsale,8370,hyperequipped,2022,,gas,30,2,,,,,true,,,2,,,10/18/22
10124096,apartment,apartment,637500,forsale,8300,usahyperequipped,2001,good,gas,84,2,,,,,true,,,,,,10/18/22
10126775,apartment,duplex,645000,forsale,1060,,2010,asnew,gas,150,3,,,true,,,,,1,,,10/18/22
10076523,apartment,apartment,649000,forsale,2018,hyperequipped,1921,justrenovated,gas,179,2,,,true,,true,,,1,,,10/18/22
10066784,apartment,groundfloor,657000,forsale,1160,usahyperequipped,2022,asnew,gas,55,2,,,true,48,true,,,1,1,,10/18/22
8846654,apartment,groundfloor,657000,forsale,1160,usahyperequipped,2022,asnew,gas,55,2,,,true,48,true,,,1,1,,10/18/22
9733076,apartment,apartment,663300,forsale,8370,hyperequipped,2022,,gas,30,2,,,,,true,,,2,,,10/18/22
9992260,apartment,penthouse,685000,forsale,2950,,,asnew,gas,150,4,,,true,3000,true,,,1,,,10/18/22
9862929,apartment,penthouse,690000,forsale,1180,hyperequipped,1964,tobedoneup,gas,,5,,true,true,,true,true,,1,2,,10/18/22
9921239,apartment,duplex,695000,forsale,8300,installed,2009,good,gas,211,2,,,,,true,,,,,,10/18/22
9801817,apartment,duplex,699000,forsale,1050,usahyperequipped,1988,asnew,gas,223,3,,,,,true,,,,,,10/18/22
10101873,apartment,apartment,745000,forsale,8300,usahyperequipped,1987,asnew,electric,257,3,,,true,,true,,,,,,10/18/22
10094651,apartment,apartment,745000,forsale,8300,hyperequipped,2003,good,gas,90,2,,,true,,true,,,,,,10/18/22
10158182,house,house,240000,forsale,5300,installed,,justrenovated,fueloil,299,2,300,true,true,,true,true,,1,2,,10/18/22
9625357,house,house,131000,forsale,2550,notinstalled,1930,,gas,371,3,1664,,true,1100,true,,,1,,,10/18/22
10158172,apartment,apartment,260000,forsale,8870,installed,2020,good,gas,47,2,,,,,true,,,,,,10/18/22
10158154,house,house,290000,forsale,7900,installed,2021,,gas,,3,515,true,,,,,,,2,1,10/18/22
10158153,house,bungalow,445000,forsale,1410,hyperequipped,1973,good,electric,555,2,681,true,,500,true,,,2,3,,10/18/22
10158149,apartment,flatstudio,59000,forsale,4000,notinstalled,,tobedoneup,,251,1,,,,,,,,,,,10/18/22
9641565,house,house,184000,forsale,2550,,,good,gas,,5,155,,true,,true,,,,1,,10/18/22
10121293,house,house,275000,forsale,1420,,,torenovate,fueloil,515,2,207,,,100,,true,,,,,10/18/22
10124533,apartment,duplex,749000,forsale,1000,hyperequipped,,asnew,gas,496,3,,,,,true,,,,1,,10/18/22
10067757,apartment,duplex,780000,forsale,1180,usahyperequipped,1970,asnew,gas,248,4,,,,200,true,,,,,,10/18/22
10119685,apartment,groundfloor,795000,forsale,4000,hyperequipped,2012,asnew,gas,143,3,,,,,true,,,3,3,,10/18/22
10005420,apartment,penthouse,795000,forsale,8300,usahyperequipped,1977,asnew,gas,336,2,,,,,true,,,,,,10/18/22
9966808,apartment,apartment,835000,forsale,1180,semiequipped,,good,gas,174,4,,,true,,true,,,2,,,10/18/22
9452558,apartment,duplex,835000,forsale,8300,installed,1997,asnew,gas,177,2,,,,,true,,,,,,10/18/22
9586314,apartment,apartment,850000,forsale,1050,,1900,,gas,143,3,,,true,,true,,,1,,,10/18/22
9947068,apartment,apartment,890000,forsale,1180,usahyperequipped,1958,justrenovated,gas,142,2,,,true,,true,,,1,,,10/18/22
9448712,apartment,apartment,895000,forsale,8300,hyperequipped,2017,asnew,gas,92,3,,,,,true,true,true,,,,10/18/22
10108964,apartment,groundfloor,920000,forsale,1180,usahyperequipped,1979,good,gas,189,3,,,true,200,true,true,,1,1,,10/18/22
9966809,apartment,apartment,925000,forsale,1180,semiequipped,,good,gas,174,4,,,true,,true,,,2,,,10/18/22
9214856,apartment,apartment,940000,forsale,8300,installed,1970,asnew,gas,153,2,,,,,,,,,,,10/18/22
10067819,apartment,apartment,945000,forsale,2000,installed,1990,asnew,gas,120,3,,,true,,true,,,1,,,10/18/22
10024329,apartment,penthouse,949000,forsale,3920,installed,2004,asnew,gas,187,3,,,true,,true,,,3,,,10/18/22
10096529,apartment,apartment,965000,forsale,1150,usahyperequipped,2020,,gas,63,3,,,,,true,,,,,,10/18/22
10020509,apartment,apartment,975000,forsale,8300,hyperequipped,1958,asnew,gas,130,3,,,true,,,,,,,,10/18/22
9924256,apartment,apartment,1045000,forsale,1050,installed,,justrenovated,gas,100,3,,,true,,true,,,1,,,10/18/22
9819739,apartment,apartment,1140000,forsale,8300,usahyperequipped,1967,asnew,gas,195,2,,,,,,,,,,,10/18/22
9931437,apartment,apartment,1145000,forsale,8300,usahyperequipped,1987,asnew,gas,228,2,,,true,,true,,,,,,10/18/22
10081115,apartment,apartment,1185000,forsale,8300,hyperequipped,1972,justrenovated,gas,88,3,,,,,true,,,1,,,10/18/22
10021214,apartment,apartment,1195000,forsale,1180,,1991,justrenovated,gas,316,3,,,true,710,true,true,,2,,,10/18/22
9553014,apartment,loft,1200000,forsale,1190,usahyperequipped,1930,asnew,gas,129,3,,,,,,,,,,,10/18/22
10009449,apartment,apartment,1295000,forsale,8300,hyperequipped,1966,asnew,gas,184,2,,,,,,,,,,,10/18/22
10066852,apartment,apartment,1395000,forsale,8300,usahyperequipped,1975,asnew,gas,197,2,,,,,true,,,,,,10/18/22
9860638,apartment,apartment,1395000,forsale,8300,hyperequipped,2008,asnew,gas,115,4,,,true,,true,,,,,,10/18/22
9897747,apartment,apartment,1950000,forsale,1180,installed,2022,,gas,48,3,,,true,,true,,,2,,,10/18/22
7671265,apartment,apartment,1980000,forsale,8300,hyperequipped,1989,asnew,gas,189,3,,,true,,,,true,,,,10/18/22
9866458,apartment,apartment,1995000,forsale,1180,usahyperequipped,,asnew,gas,108,4,,,true,,true,true,,1,,,10/18/22
10040920,apartment,apartment,1995000,forsale,8300,hyperequipped,1948,asnew,gas,304,4,,,true,,true,,,1,1,,10/18/22
10036080,apartment,apartment,1995000,forsale,8300,usahyperequipped,1964,asnew,gas,176,3,,,true,,true,,,1,1,,10/18/22
10158182,house,house,240000,forsale,5300,installed,,justrenovated,fueloil,299,2,300,true,true,,true,true,,1,2,,10/18/22
9625357,house,house,131000,forsale,2550,notinstalled,1930,,gas,371,3,1664,,true,1100,true,,,1,,,10/18/22
10158172,apartment,apartment,260000,forsale,8870,installed,2020,good,gas,47,2,,,,,true,,,,,,10/18/22
10158154,house,house,290000,forsale,7900,installed,2021,,gas,,3,515,true,,,,,,,2,1,10/18/22
10158153,house,bungalow,445000,forsale,1410,hyperequipped,1973,good,electric,555,2,681,true,,500,true,,,2,3,,10/18/22
10158149,apartment,flatstudio,59000,forsale,4000,notinstalled,,tobedoneup,,251,1,,,,,,,,,,,10/18/22
9641565,house,house,184000,forsale,2550,,,good,gas,,5,155,,true,,true,,,,1,,10/18/22
10121293,house,house,275000,forsale,1420,,,torenovate,fueloil,515,2,207,,,100,,true,,,,,10/18/22
9420199,apartment,penthouse,2350000,forsale,8300,usahyperequipped,2011,asnew,gas,171,2,,,,,true,,,,,,10/18/22
9884993,apartment,apartment,2490000,forsale,8300,usahyperequipped,1977,asnew,gas,244,4,,,true,,true,,,,,,10/18/22
10085828,apartment,apartment,2695000,forsale,8300,usahyperequipped,2021,asnew,gas,51,2,,,true,,true,,,1,1,,10/18/22
10146115,apartment,apartment,199000,forsale,2590,usahyperequipped,2021,,gas,,1,,,,65,true,,,,,,10/18/22
10149009,apartment,apartment,368000,forsale,2000,usahyperequipped,2021,asnew,,39.83,1,,,,,true,,,1,1,1,10/18/22
10148252,apartment,apartment,155000,forsale,4690,semiequipped,1973,good,fueloil,212,2,,,true,,true,,,1,1,,10/18/22
10147642,apartment,apartment,169000,forsale,8370,,,tobedoneup,,150,2,,,,,,,,,,,10/18/22
10147436,apartment,apartment,175000,forsale,1070,semiequipped,1999,good,electric,191,1,,,true,,,,,,,,10/18/22
10147464,apartment,apartment,299500,forsale,4500,installed,2022,,,61,3,,,true,,true,,,,,,10/18/22
10147927,apartment,apartment,1495000,forsale,1000,hyperequipped,1900,asnew,gas,171,3,,true,true,,true,true,,1,,,10/18/22
10157024,apartment,apartment,334000,forsale,9800,installed,2020,,gas,,2,,,,34,true,,,21,,1,10/18/22
10154734,apartment,apartment,359000,forsale,8700,hyperequipped,,,gas,,2,,,,,true,,,6,6,1,10/18/22
10153149,apartment,groundfloor,174900,forsale,2660,installed,,tobedoneup,,223,2,,,,40,,,,2,,,10/18/22
10140793,apartment,serviceflat,260000,forsale,9000,usainstalled,2022,,gas,,1,,,,,true,,,,10,1,10/18/22
10140792,apartment,serviceflat,260000,forsale,9000,usainstalled,2022,,gas,,1,,,,,true,,,,10,1,10/18/22
10140791,apartment,serviceflat,260000,forsale,9000,usainstalled,2022,,gas,,1,,,,,true,,,,10,1,10/18/22
10140790,apartment,serviceflat,260000,forsale,9000,usainstalled,2022,,gas,,1,,,,,true,,,,10,1,10/18/22
10126754,apartment,apartment,160000,forsale,6600,,2022,asnew,gas,,1,,,,,,,,,,1,10/18/22
10126757,apartment,apartment,165000,forsale,6600,,2022,asnew,gas,,1,,,,,true,,,,,1,10/18/22
10126759,apartment,apartment,170000,forsale,6600,,2022,asnew,gas,,1,,,,,true,,,,,1,10/18/22
10114827,apartment,apartment,180000,forsale,6600,,2022,asnew,gas,,1,,,,,true,,,,,1,10/18/22
9953651,apartment,apartment,214900,forsale,6800,installed,2021,asnew,gas,64,2,,,true,,true,,,1,,1,10/18/22
10140021,apartment,apartment,235000,forsale,1070,semiequipped,1993,tobedoneup,electric,229,2,,,,,true,,,,,,10/18/22
10114831,apartment,apartment,245000,forsale,6600,,2022,asnew,gas,,2,,,,,true,,,,,1,10/18/22
10114832,apartment,apartment,250000,forsale,6600,,2022,asnew,gas,,2,,,,,true,,,,,1,10/18/22
10114833,apartment,apartment,255000,forsale,6600,,2022,asnew,gas,,2,,,,,true,,,,,1,10/18/22
10064902,apartment,flatstudio,260000,forsale,1180,usahyperequipped,2022,asnew,,55,0,,,true,,true,,,,1,1,10/18/22
10126763,apartment,apartment,275000,forsale,6600,,2022,good,gas,,2,,,,,true,,,,,1,10/18/22
10126764,apartment,apartment,280000,forsale,6600,,2022,good,gas,,2,,,,,true,,,,,1,10/18/22
9906231,apartment,apartment,295000,forsale,1040,hyperequipped,,asnew,gas,117,1,,,true,,true,,,,,1,10/18/22
10158182,house,house,240000,forsale,5300,installed,,justrenovated,fueloil,299,2,300,true,true,,true,true,,1,2,,10/18/22
9625357,house,house,131000,forsale,2550,notinstalled,1930,,gas,371,3,1664,,true,1100,true,,,1,,,10/18/22
10158172,apartment,apartment,260000,forsale,8870,installed,2020,good,gas,47,2,,,,,true,,,,,,10/18/22
10158154,house,house,290000,forsale,7900,installed,2021,,gas,,3,515,true,,,,,,,2,1,10/18/22
10158153,house,bungalow,445000,forsale,1410,hyperequipped,1973,good,electric,555,2,681,true,,500,true,,,2,3,,10/18/22
10158149,apartment,flatstudio,59000,forsale,4000,notinstalled,,tobedoneup,,251,1,,,,,,,,,,,10/18/22
9641565,house,house,184000,forsale,2550,,,good,gas,,5,155,,true,,true,,,,1,,10/18/22
10121293,house,house,275000,forsale,1420,,,torenovate,fueloil,515,2,207,,,100,,true,,,,,10/18/22
10115898,apartment,penthouse,299000,forsale,4530,usahyperequipped,2021,,,85,3,,,true,,true,true,,,2,1,10/18/22
10114828,apartment,apartment,300000,forsale,6600,,2022,asnew,gas,,3,,,,,true,,,,,1,10/18/22
10114829,apartment,apartment,310000,forsale,6600,,2022,asnew,gas,,3,,,,,true,,,,,1,10/18/22
10126797,apartment,apartment,320000,forsale,6600,,2022,asnew,gas,,0,,,,,,,,,,1,10/18/22
10114837,apartment,apartment,325000,forsale,6600,,2022,good,gas,,2,,,,,true,,,,,1,10/18/22
9266376,apartment,duplex,374000,forsale,1933,usahyperequipped,2021,asnew,,40,2,,,,,true,,,,,1,10/18/22
10071944,apartment,apartment,395000,forsale,1180,,2022,asnew,,55,1,,,true,,true,,,,1,1,10/18/22
10017540,apartment,apartment,430000,forsale,9000,installed,2020,,,50,2,,,,,true,,,,,1,10/18/22
10123720,apartment,penthouse,530000,forsale,1140,usahyperequipped,2022,asnew,,46,2,,,true,,true,,,,1,1,10/18/22
10055731,apartment,apartment,530000,forsale,1200,usahyperequipped,2020,asnew,gas,73,2,,,true,,true,,,1,1,1,10/18/22
10055730,apartment,apartment,530000,forsale,1200,usahyperequipped,2020,asnew,gas,73,3,,,true,,true,,,1,1,1,10/18/22
10140034,apartment,apartment,559000,forsale,1180,semiequipped,,justrenovated,gas,420,3,,,true,,,,,,,,10/18/22
8950149,apartment,groundfloor,620000,forsale,1933,hyperequipped,2020,asnew,,55,2,,,true,,true,,,,2,1,10/18/22
10105689,apartment,penthouse,700000,forsale,1200,usahyperequipped,2020,asnew,,53,3,,,true,,true,,,1,1,1,10/18/22
8950258,apartment,groundfloor,1095000,forsale,1933,hyperequipped,2020,asnew,,55,3,,,true,137,true,,,2,2,1,10/18/22
8950259,apartment,groundfloor,1295000,forsale,1933,hyperequipped,2020,asnew,,65,4,,,true,205,true,,,2,2,1,10/18/22
10133468,apartmentgroup,apartmentgroup,295000-360000,forsale,9800,,,,,,,,,,,,,,,5,1,10/18/22
10157779,apartment,apartment,649000,forsale,1050,usahyperequipped,1920,asnew,gas,198,2,,,true,,,true,,1,1,,10/18/22
10144465,apartment,penthouse,475000,forsale,1030,installed,2022,,gas,,3,,,true,,true,,,,,,10/18/22
10130739,apartment,apartment,187500,forsale,4040,installed,,good,fueloil,141,2,,,true,,true,,,,,,10/18/22
10146387,apartment,apartment,225000,forsale,6690,installed,2013,asnew,fueloil,242,2,,,true,,true,true,,,2,,10/18/22
10100492,apartment,apartment,549500,forsale,1000,hyperequipped,2022,asnew,gas,,2,,,,,,true,,,,,10/18/22
10093596,apartment,groundfloor,799000,forsale,1410,usahyperequipped,2008,asnew,gas,,2,,,true,,,,,1,1,,10/18/22
10152363,apartment,apartment,415000,forsale,1325,semiequipped,2021,,gas,,2,,,,176,true,,,,2,1,10/18/22
10151240,apartment,apartment,139000,forsale,8500,,1966,tobedoneup,gas,235,2,,,,,true,,,,,,10/18/22
10137471,apartment,apartment,215000,forsale,8600,installed,,asnew,gas,115,2,,,true,,,,,,,,10/18/22
10137654,apartment,apartment,259000,forsale,3200,semiequipped,,good,gas,142,2,,,,,,,,,,,10/18/22
10136985,apartment,apartment,299000,forsale,9700,,2017,,gas,110,2,,,,,true,,,1,,,10/18/22
10137091,apartment,apartment,339500,forsale,8200,installed,,good,gas,249,3,,,,,,,,1,,,10/18/22
10136477,apartment,apartment,369000,forsale,8420,installed,,good,electric,264,2,,,true,,true,,,,,,10/18/22
10158182,house,house,240000,forsale,5300,installed,,justrenovated,fueloil,299,2,300,true,true,,true,true,,1,2,,10/18/22
9625357,house,house,131000,forsale,2550,notinstalled,1930,,gas,371,3,1664,,true,1100,true,,,1,,,10/18/22
10158172,apartment,apartment,260000,forsale,8870,installed,2020,good,gas,47,2,,,,,true,,,,,,10/18/22
10158154,house,house,290000,forsale,7900,installed,2021,,gas,,3,515,true,,,,,,,2,1,10/18/22
10158153,house,bungalow,445000,forsale,1410,hyperequipped,1973,good,electric,555,2,681,true,,500,true,,,2,3,,10/18/22
10158149,apartment,flatstudio,59000,forsale,4000,notinstalled,,tobedoneup,,251,1,,,,,,,,,,,10/18/22
9641565,house,house,184000,forsale,2550,,,good,gas,,5,155,,true,,true,,,,1,,10/18/22
10121293,house,house,275000,forsale,1420,,,torenovate,fueloil,515,2,207,,,100,,true,,,,,10/18/22
10136074,apartment,penthouse,475000,forsale,1150,hyperequipped,1990,asnew,gas,166,2,,,true,,true,,,,,,10/18/22
10133016,apartmentgroup,apartmentgroup,212557-285590,forsale,9300,,,,,,,,,,,,,,,,1,10/18/22
10155498,apartment,groundfloor,225000,forsale,1030,,1918,,gas,210,1,,,,,,,,,,,10/18/22
10156242,apartment,apartment,289000,forsale,2260,installed,2022,,,,3,,,,,true,,,,2,,10/18/22
10156244,apartment,penthouse,299000,forsale,2260,installed,2022,,,,3,,,,,true,,,,2,,10/18/22
10157085,apartment,apartment,369000,forsale,2460,installed,2022,,,,1,,,,,true,,,,,,10/18/22
10156382,apartment,apartment,649000,forsale,1180,usahyperequipped,1920,asnew,gas,198,2,,,true,,,true,,1,1,,10/18/22
10156363,apartment,apartment,649000,forsale,1190,usahyperequipped,1920,asnew,gas,198,2,,,true,,,true,,1,1,,10/18/22
10142237,apartment,apartment,95000,forsale,6950,installed,,good,,172,1,,,,,,,,,1,,10/18/22
10097562,apartment,apartment,95000,forsale,8400,installed,,good,gas,206,1,,,,,,,,,,,10/18/22
9990039,apartment,apartment,109500,forsale,4560,installed,,good,,506,1,,,,,,,,,,,10/18/22
9892202,apartment,apartment,125000,forsale,8450,installed,,good,electric,221,1,,,true,,true,,,,,,10/18/22
10015444,apartment,apartment,125000,forsale,8600,installed,,good,gas,187,1,,,,,,,,,,,10/18/22
10117804,apartment,apartment,135000,forsale,6900,installed,,good,gas,309,2,,,true,,,,,,,,10/18/22
10002005,apartment,apartment,149000,forsale,4000,semiequipped,,torenovate,,454,1,,,true,,true,,,,,,10/18/22
9808058,apartment,apartment,149000,forsale,4030,semiequipped,,good,gas,256,2,,,,,true,,,,,,10/18/22
9992382,apartment,apartment,149000,forsale,8400,installed,,good,fueloil,230,3,,,true,,,,,,,,10/18/22
9861751,apartment,apartment,149000,forsale,8930,installed,,good,gas,476,2,,,,,,,,,,,10/18/22
9937549,apartment,duplex,153000,forsale,4950,semiequipped,,good,fueloil,413,4,,,,129,true,,,,,,10/18/22
9830300,apartment,apartment,159000,forsale,4500,installed,,good,gas,340,2,,,true,,,,,,1,,10/18/22
9828370,apartment,flatstudio,160000,forsale,8430,semiequipped,1978,good,gas,127,0,,,true,,,,,,,,10/18/22
9911532,apartment,apartment,165000,forsale,8400,semiequipped,,tobedoneup,electric,220,3,,,true,,true,,,,,,10/18/22
9786842,apartment,apartment,165000,forsale,9620,hyperequipped,,asnew,gas,319,1,,,true,,true,,,,,,10/18/22
9767759,apartment,apartment,169000,forsale,1000,installed,,good,electric,332,1,,,true,,,,,,,,10/18/22
9570588,apartment,apartment,169000,forsale,8400,hyperequipped,,asnew,gas,201,2,,,,,true,,,,,,10/18/22
10079681,apartment,apartment,170000,forsale,1800,notinstalled,1960,tobedoneup,gas,157,2,,,true,,,,,,,,10/18/22
10081829,apartment,duplex,175000,forsale,8400,installed,,good,gas,390,2,,,,,true,,,,,,10/18/22
9866534,apartment,apartment,180000,forsale,8930,semiequipped,,good,gas,263,3,,,true,,,,,,,,10/18/22
10015394,apartment,apartment,185000,forsale,8900,installed,,good,gas,571,3,,,,,,,,,,,10/18/22
10158182,house,house,240000,forsale,5300,installed,,justrenovated,fueloil,299,2,300,true,true,,true,true,,1,2,,10/18/22
9625357,house,house,131000,forsale,2550,notinstalled,1930,,gas,371,3,1664,,true,1100,true,,,1,,,10/18/22
10158172,apartment,apartment,260000,forsale,8870,installed,2020,good,gas,47,2,,,,,true,,,,,,10/18/22
10158154,house,house,290000,forsale,7900,installed,2021,,gas,,3,515,true,,,,,,,2,1,10/18/22
10158153,house,bungalow,445000,forsale,1410,hyperequipped,1973,good,electric,555,2,681,true,,500,true,,,2,3,,10/18/22
10158149,apartment,flatstudio,59000,forsale,4000,notinstalled,,tobedoneup,,251,1,,,,,,,,,,,10/18/22
9641565,house,house,184000,forsale,2550,,,good,gas,,5,155,,true,,true,,,,1,,10/18/22
10121293,house,house,275000,forsale,1420,,,torenovate,fueloil,515,2,207,,,100,,true,,,,,10/18/22
10125520,apartment,apartment,189000,forsale,8500,semiequipped,,good,gas,142,2,,,true,,true,,,1,,,10/18/22
10111146,apartment,duplex,189000,forsale,8810,installed,,good,gas,321,2,,,,,,,,,,,10/18/22
9841437,apartment,flatstudio,195000,forsale,3000,,1993,tobedoneup,electric,516,1,,,,,,,,,,,10/18/22
10108852,apartment,apartment,198000,forsale,9800,semiequipped,1990,,electric,262,2,,,true,,,,,1,,,10/18/22
9996999,apartment,apartment,198500,forsale,4100,installed,,asnew,,139,3,,,,,,,,1,,,10/18/22
10120315,apartment,apartment,199000,forsale,1050,,1964,asnew,,233,1,,,true,,,,,,,,10/18/22
10026160,apartment,apartment,199000,forsale,1090,semiequipped,1977,good,,144,1,,,true,,,,,,,,10/18/22
10097345,apartment,apartment,199000,forsale,8400,hyperequipped,,asnew,gas,225,2,,,,,true,,,,1,,10/18/22
9341352,apartment,apartment,199000,forsale,8400,hyperequipped,,asnew,gas,95,2,,,,,true,,,1,,,10/18/22
10072670,apartment,apartment,209000,forsale,8000,hyperequipped,,asnew,gas,167,1,,,,,true,,,,,,10/18/22
10126045,apartment,apartment,210000,forsale,1702,usahyperequipped,,asnew,gas,173,1,,,true,,,,,1,1,,10/18/22
10021289,apartment,apartment,215000,forsale,8420,,1994,asnew,,493,1,,,,,true,,,,,,10/18/22
10022575,apartment,apartment,215000,forsale,8430,installed,,good,gas,372,2,,,,,,,,,,,10/18/22
10010232,apartment,apartment,216000,forsale,2800,semiequipped,,asnew,gas,354,2,,,,,true,,,,,,10/18/22
9994490,apartment,apartment,220000,forsale,1200,installed,1961,tobedoneup,gas,381,1,,,true,,true,,,,,,10/18/22
9996284,apartment,apartment,220000,forsale,4000,hyperequipped,,good,gas,391,2,,,true,,true,,,,1,,10/18/22
10122024,apartment,apartment,220000,forsale,5030,installed,1976,good,electric,348,2,,,true,,,,,2,,,10/18/22
10039556,apartment,apartment,220000,forsale,8400,hyperequipped,,asnew,gas,276,2,,,,,true,,,,,,10/18/22
9789095,apartment,apartment,225000,forsale,8430,installed,1999,good,electric,286,2,,,true,,,,,,,,10/18/22
9896812,apartment,apartment,230000,forsale,2060,installed,,good,gas,624,1,,,,,true,,,,,,10/18/22
10108595,apartment,apartment,230000,forsale,8790,installed,1989,,gas,224,3,,,,,true,,,2,,,10/18/22
9756343,apartment,apartment,235000,forsale,1070,semiequipped,1957,good,gas,276,1,,,,,true,,,1,,,10/18/22
10126970,apartment,apartment,235000,forsale,2660,installed,2013,,,126,2,,,,,true,,,,,,10/18/22
9892460,apartment,apartment,239000,forsale,8400,hyperequipped,,good,electric,177,2,,,,,,,,,,,10/18/22
10037600,apartment,apartment,240000,forsale,1130,usahyperequipped,2009,asnew,,233,1,,,true,,true,,,,1,,10/18/22
9880810,apartment,penthouse,249000,forsale,1090,usahyperequipped,,good,gas,328,3,,,true,,true,,,,,,10/18/22
9900313,apartment,apartment,249000,forsale,1160,usainstalled,1970,asnew,,207,2,,,,,,,,,,,10/18/22
10125111,apartment,apartment,249000,forsale,2540,installed,,good,gas,119,2,,,,,true,,,,1,,10/18/22
9464379,apartment,apartment,249000,forsale,4000,semiequipped,,tobedoneup,gas,178,3,,,,,,,,,,,10/18/22
10088811,apartment,penthouse,249000,forsale,5500,hyperequipped,,asnew,gas,112,2,,,,,true,,,,,,10/18/22
10158182,house,house,240000,forsale,5300,installed,,justrenovated,fueloil,299,2,300,true,true,,true,true,,1,2,,10/18/22
9625357,house,house,131000,forsale,2550,notinstalled,1930,,gas,371,3,1664,,true,1100,true,,,1,,,10/18/22
10158172,apartment,apartment,260000,forsale,8870,installed,2020,good,gas,47,2,,,,,true,,,,,,10/18/22
10158154,house,house,290000,forsale,7900,installed,2021,,gas,,3,515,true,,,,,,,2,1,10/18/22
10158153,house,bungalow,445000,forsale,1410,hyperequipped,1973,good,electric,555,2,681,true,,500,true,,,2,3,,10/18/22
10158149,apartment,flatstudio,59000,forsale,4000,notinstalled,,tobedoneup,,251,1,,,,,,,,,,,10/18/22
9641565,house,house,184000,forsale,2550,,,good,gas,,5,155,,true,,true,,,,1,,10/18/22
10121293,house,house,275000,forsale,1420,,,torenovate,fueloil,515,2,207,,,100,,true,,,,,10/18/22
9818121,apartment,apartment,249000,forsale,8430,installed,1990,good,electric,200,2,,,,,,,,1,,,10/18/22
10112277,apartment,apartment,250000,forsale,1190,hyperequipped,2005,asnew,,112,1,,,true,,true,,,1,1,,10/18/22
10076473,apartment,apartment,250000,forsale,2000,hyperequipped,,asnew,gas,170,1,,,,,,,,,,,10/18/22
10097592,apartment,apartment,259000,forsale,8400,hyperequipped,,asnew,gas,119,1,,,,,,,,,,,10/18/22
10076247,apartment,apartment,259000,forsale,8400,hyperequipped,,asnew,gas,99,2,,,,,,,,,1,,10/18/22
9992195,apartment,duplex,259000,forsale,8900,hyperequipped,,asnew,electric,158,3,,,,,,,,1,,,10/18/22
10082374,apartment,apartment,260000,forsale,1420,usainstalled,2005,good,electric,389,2,,,true,125,true,,,1,,,10/18/22
10087190,apartment,apartment,264000,forsale,1501,installed,1996,good,electric,497,2,,,,,true,,,1,,,10/18/22
10063482,apartment,apartment,270000,forsale,1030,installed,1979,good,gas,,2,,,true,,true,,,1,1,,10/18/22
10102550,apartment,apartment,279000,forsale,1081,installed,,good,gas,159,3,,,,,true,,,,,,10/18/22
10092916,apartment,apartment,279000,forsale,2100,hyperequipped,1965,asnew,,122,2,,,true,,true,,,,,,10/18/22
10082384,apartment,apartment,279000,forsale,4000,semiequipped,,tobedoneup,gas,216,3,,,true,,true,,,,,,10/18/22
10065411,apartment,duplex,280000,forsale,1000,installed,,good,gas,262,3,,,,,true,,,,,,10/18/22
9985988,apartment,apartment,280000,forsale,8770,hyperequipped,,asnew,gas,477,3,,,,,true,,,,,,10/18/22
10065310,apartment,apartment,289000,forsale,2060,hyperequipped,,asnew,gas,174,2,,,,,,,,,,,10/18/22
10119168,apartment,apartment,289000,forsale,2650,hyperequipped,,asnew,gas,98,2,,,true,,,,,1,,,10/18/22
10039024,apartment,apartment,289000,forsale,8400,installed,,good,electric,114,2,,,,,true,,,,,,10/18/22
10062387,apartment,apartment,290000,forsale,6790,installed,2018,,,61,3,,,,,true,,,1,1,,10/18/22
8951116,apartment,apartment,295000,forsale,4460,installed,1850,asnew,gas,256,2,,,,,true,,,,2,,10/18/22
9857210,apartment,apartment,295000,forsale,9170,installed,2014,good,,86,3,,,,,true,,,1,,,10/18/22
9347281,apartment,apartment,299000,forsale,1080,hyperequipped,,asnew,electric,311,3,,,true,,true,,,,,,10/18/22
10128634,apartment,duplex,299000,forsale,2560,hyperequipped,,asnew,gas,199,1,,,,,true,,,,,,10/18/22
10033592,apartment,apartment,299000,forsale,8400,hyperequipped,,asnew,gas,97,2,,,,,true,,,,,,10/18/22
10096240,apartment,apartment,299000,forsale,9300,hyperequipped,,asnew,gas,147,2,,,,,true,,,1,1,,10/18/22
10108253,apartment,apartment,299000,forsale,9620,hyperequipped,,asnew,gas,43,2,,,true,,true,,,1,,,10/18/22
10052993,apartment,apartment,299500,forsale,8000,hyperequipped,,good,electric,347,2,,,,,true,,,1,,,10/18/22
10107161,apartment,apartment,318000,forsale,2018,installed,,good,gas,314,1,,,true,,true,,,,,,10/18/22
10126969,apartment,duplex,319000,forsale,2610,installed,1965,asnew,,396,2,,,true,96,true,,,1,,,10/18/22
9835315,apartment,apartment,330000,forsale,1932,usahyperequipped,2008,asnew,,133,2,,,true,,,,,1,1,,10/18/22
9950178,apartment,groundfloor,339000,forsale,1830,usainstalled,2013,asnew,gas,140,2,,,true,61,true,,,1,,,10/18/22
10158182,house,house,240000,forsale,5300,installed,,justrenovated,fueloil,299,2,300,true,true,,true,true,,1,2,,10/18/22
9625357,house,house,131000,forsale,2550,notinstalled,1930,,gas,371,3,1664,,true,1100,true,,,1,,,10/18/22
10158172,apartment,apartment,260000,forsale,8870,installed,2020,good,gas,47,2,,,,,true,,,,,,10/18/22
10158154,house,house,290000,forsale,7900,installed,2021,,gas,,3,515,true,,,,,,,2,1,10/18/22
10158153,house,bungalow,445000,forsale,1410,hyperequipped,1973,good,electric,555,2,681,true,,500,true,,,2,3,,10/18/22
10158149,apartment,flatstudio,59000,forsale,4000,notinstalled,,tobedoneup,,251,1,,,,,,,,,,,10/18/22
9641565,house,house,184000,forsale,2550,,,good,gas,,5,155,,true,,true,,,,1,,10/18/22
10121293,house,house,275000,forsale,1420,,,torenovate,fueloil,515,2,207,,,100,,true,,,,,10/18/22
10042005,apartment,apartment,359000,forsale,9620,hyperequipped,,asnew,gas,102.69,2,,,true,,true,,,,,,10/18/22
10091808,apartment,apartment,365000,forsale,1150,usainstalled,,good,gas,196,3,,,true,,true,,,,,,10/18/22
9959490,apartment,apartment,374000,forsale,1850,usainstalled,2011,good,gas,169,2,,,,30,true,,,,10,,10/18/22
9990379,apartment,duplex,380000,forsale,1840,usainstalled,2019,asnew,,98,4,,true,true,,true,,,1,,,10/18/22
10125112,apartment,apartment,395000,forsale,2500,hyperequipped,,good,gas,167,3,,,,,true,,,,,,10/18/22
10106172,apartment,groundfloor,395000,forsale,8000,usahyperequipped,2013,asnew,,162,2,,,true,15,true,,,1,,,10/18/22
10077177,apartment,apartment,395500,forsale,8620,hyperequipped,,asnew,electric,381,1,,,,,true,,,,1,,10/18/22
10106171,apartment,duplex,398000,forsale,8000,usahyperequipped,2013,asnew,,136,3,,,true,,true,true,,1,1,,10/18/22
9939152,apartment,loft,419000,forsale,8420,semiequipped,,good,electric,494,3,,,,,true,,,,,,10/18/22
10075178,apartment,apartment,435000,forsale,8400,installed,,good,electric,390,5,,,,,true,,,,,,10/18/22
10054401,apartment,apartment,450000,forsale,9280,semiequipped,1978,good,electric,836,5,,,,,true,,,6,4,,10/18/22
10090922,apartment,duplex,469000,forsale,8434,installed,,good,gas,151,3,,,,,true,,,1,,,10/18/22
9917189,apartment,apartment,490000,forsale,8400,hyperequipped,,asnew,fueloil,370,2,,,true,,true,,,,,,10/18/22
10114474,apartment,apartment,495000,forsale,2620,installed,2020,asnew,,56,3,,,,,true,,,,,,10/18/22
10120674,apartment,penthouse,495000,forsale,9400,hyperequipped,,asnew,gas,116,3,,,,,true,,,1,,,10/18/22
10119307,apartment,penthouse,499000,forsale,1160,,1937,justrenovated,gas,,2,,,true,,true,,,,,,10/18/22
10032387,apartment,apartment,535000,forsale,1000,usahyperequipped,,asnew,,305,1,,,true,,true,,,,,,10/18/22
10088853,apartment,apartment,549000,forsale,2000,hyperequipped,,asnew,gas,139,3,,,,,true,,,,,,10/18/22
10114631,apartment,apartment,550000,forsale,1180,hyperequipped,2013,asnew,,69,2,,,true,340,true,,,,1,,10/18/22
10072832,apartment,apartment,565000,forsale,9000,hyperequipped,,asnew,gas,104,3,,,,,true,,,1,,,10/18/22
10056621,apartment,apartment,565000,forsale,9000,hyperequipped,,asnew,gas,104,3,,,,,true,,,1,,,10/18/22
10097574,apartment,apartment,615000,forsale,1180,hyperequipped,1993,,,130,3,,,true,,true,true,true,1,,,10/18/22
10043622,apartment,apartment,725000,forsale,2000,hyperequipped,,good,gas,92,4,,,true,,true,,,,,,10/18/22
10087821,apartment,triplex,749000,forsale,1180,usahyperequipped,1989,asnew,gas,159,4,,,,,true,true,,,,,10/18/22
10060484,apartment,apartment,749000,forsale,8400,hyperequipped,,asnew,gas,159,2,,,true,,,,,1,1,,10/18/22
9962014,apartment,penthouse,750000,forsale,1150,installed,,good,gas,228,3,,,true,,true,,,,,,10/18/22
9756775,apartment,duplex,789000,forsale,1040,usahyperequipped,2005,good,,203,3,,,true,,true,true,,2,,,10/18/22
8413418,apartment,apartment,830000,forsale,4000,hyperequipped,,asnew,gas,95,2,,,true,,true,,,4,,,10/18/22
9975633,apartment,apartment,895000,forsale,8301,hyperequipped,,asnew,gas,86,3,,,true,,true,,,,,,10/18/22
10121353,apartment,penthouse,1050000,forsale,9000,installed,2020,asnew,gas,,3,,,true,,true,true,,,,,10/18/22
10158182,house,house,240000,forsale,5300,installed,,justrenovated,fueloil,299,2,300,true,true,,true,true,,1,2,,10/18/22
9625357,house,house,131000,forsale,2550,notinstalled,1930,,gas,371,3,1664,,true,1100,true,,,1,,,10/18/22
10158172,apartment,apartment,260000,forsale,8870,installed,2020,good,gas,47,2,,,,,true,,,,,,10/18/22
10158154,house,house,290000,forsale,7900,installed,2021,,gas,,3,515,true,,,,,,,2,1,10/18/22
10158153,house,bungalow,445000,forsale,1410,hyperequipped,1973,good,electric,555,2,681,true,,500,true,,,2,3,,10/18/22
10158149,apartment,flatstudio,59000,forsale,4000,notinstalled,,tobedoneup,,251,1,,,,,,,,,,,10/18/22
9641565,house,house,184000,forsale,2550,,,good,gas,,5,155,,true,,true,,,,1,,10/18/22
10121293,house,house,275000,forsale,1420,,,torenovate,fueloil,515,2,207,,,100,,true,,,,,10/18/22
10095375,apartment,groundfloor,1095000,forsale,1410,hyperequipped,2007,asnew,gas,216,3,,,,,true,true,,2,,,10/18/22
10057627,apartment,apartment,1150000,forsale,8300,usahyperequipped,1964,good,gas,177,3,,,,,true,,,1,,,10/18/22
10113079,apartment,penthouse,1280000,forsale,2000,hyperequipped,,asnew,gas,295,3,,,true,,true,,,,,,10/18/22
9923029,apartment,apartment,1295000,forsale,8300,usahyperequipped,2001,asnew,,135,3,,,true,,true,,,,,,10/18/22
9367421,apartment,apartment,1519000,forsale,1050,installed,1905,,gas,98,3,,,true,,true,,true,,,,10/18/22
10050261,apartment,apartment,2490000,forsale,8300,usahyperequipped,1977,asnew,,244,4,,,true,,true,,,,,,10/18/22
10145146,apartment,apartment,209500,forsale,4020,hyperequipped,,justrenovated,gas,119,2,,,true,,true,,,,,,10/18/22
10145551,apartment,apartment,225000,forsale,6670,installed,2013,asnew,fueloil,242,2,,,true,,true,true,,,2,,10/18/22
10145170,apartment,apartment,250000,forsale,1000,usahyperequipped,,good,gas,230,2,,,,,,,,,,,10/18/22
10146013,apartment,apartment,395000,forsale,1050,usahyperequipped,2016,asnew,gas,55,1,,,,,true,,,,,,10/18/22
10146014,apartment,apartment,650000,forsale,1150,hyperequipped,1957,asnew,gas,151,3,,,true,,,,,1,,,10/18/22
10132642,apartment,apartment,178000,forsale,2100,installed,1974,good,gas,,2,,,true,,,,,,,,10/18/22
10132776,apartment,apartment,199000,forsale,1030,usainstalled,1906,tobedoneup,,473,2,,,,,,,,,,,10/18/22
10149500,apartment,groundfloor,363800,forsale,9070,usahyperequipped,,asnew,gas,,2,,,,70,,,,,,1,10/18/22
10150400,apartment,apartment,369000,forsale,8380,,,asnew,gas,,2,,,true,,true,,,1,,1,10/18/22
10149805,apartment,apartment,445000,forsale,8380,,,asnew,gas,,3,,,true,,true,,,1,,1,10/18/22
10149800,apartment,apartment,465000,forsale,8380,,,asnew,gas,,3,,,true,,true,,,1,,1,10/18/22
10149797,apartment,apartment,550000,forsale,8380,,,asnew,gas,,3,,,true,,true,,,1,,1,10/18/22
10147052,apartment,apartment,175000,forsale,1070,installed,,tobedoneup,gas,267,1,,,,,,,,,,,10/18/22
10030064,apartment,apartment,249000,forsale,2800,usainstalled,1999,good,gas,261,2,,,true,,true,,,,,,10/18/22
10135159,apartment,apartment,250000,forsale,1140,hyperequipped,,justrenovated,,193,2,,,true,,true,,,1,,,10/18/22
10134923,apartment,apartment,250000,forsale,1480,installed,2005,good,electric,488,2,,,true,,true,,,2,,,10/18/22
10134911,apartment,penthouse,795000,forsale,1150,hyperequipped,1992,torenovate,gas,224,5,,,true,,true,true,,2,,,10/18/22
10051043,apartmentgroup,apartmentgroup,385000-385000,forsale,1050,,,,,,,,,,,,,,,,1,10/18/22
10154468,apartment,penthouse,780000,forsale,3000,hyperequipped,2020,asnew,gas,60,3,,,,,true,,,,,1,10/18/22
10152258,apartment,apartment,228000,forsale,2050,installed,,good,gas,,2,,,true,,,,,,,,10/18/22
9860178,apartment,apartment,192000,forsale,7090,hyperequipped,,asnew,electric,,2,,,true,,true,,,,,1,10/18/22
10113967,apartment,apartment,244000,forsale,2500,hyperequipped,2020,,gas,,2,,,true,,true,,,,,1,10/18/22
10102300,apartment,apartment,244000,forsale,2500,hyperequipped,2020,,gas,,2,,,true,,true,,,,,1,10/18/22
9825053,apartment,flatstudio,247500,forsale,1160,usahyperequipped,2020,asnew,gas,,0,,,,,true,,,,,1,10/18/22
10158182,house,house,240000,forsale,5300,installed,,justrenovated,fueloil,299,2,300,true,true,,true,true,,1,2,,10/18/22
9625357,house,house,131000,forsale,2550,notinstalled,1930,,gas,371,3,1664,,true,1100,true,,,1,,,10/18/22
10158172,apartment,apartment,260000,forsale,8870,installed,2020,good,gas,47,2,,,,,true,,,,,,10/18/22
10158154,house,house,290000,forsale,7900,installed,2021,,gas,,3,515,true,,,,,,,2,1,10/18/22
10158153,house,bungalow,445000,forsale,1410,hyperequipped,1973,good,electric,555,2,681,true,,500,true,,,2,3,,10/18/22
10158149,apartment,flatstudio,59000,forsale,4000,notinstalled,,tobedoneup,,251,1,,,,,,,,,,,10/18/22
9641565,house,house,184000,forsale,2550,,,good,gas,,5,155,,true,,true,,,,1,,10/18/22
10121293,house,house,275000,forsale,1420,,,torenovate,fueloil,515,2,207,,,100,,true,,,,,10/18/22
10139630,apartment,apartment,247500,forsale,9000,semiequipped,1967,,gas,179,2,,,,,true,,,,,,10/18/22
10064696,apartment,flatstudio,250000,forsale,1040,usahyperequipped,2021,asnew,,71,0,,,true,,true,,,1,1,1,10/18/22
9863145,apartment,flatstudio,260000,forsale,1180,usahyperequipped,2022,asnew,,55,0,,,,,,,,,,1,10/18/22
9814222,apartment,apartment,260000,forsale,5100,usahyperequipped,2022,asnew,gas,84,2,,,true,,true,,,,,1,10/18/22
10097075,apartment,apartment,269000,forsale,6760,installed,2023,asnew,,85,3,,,,,true,,,,,1,10/18/22
10138910,apartment,apartment,279000,forsale,1140,installed,,good,,37,1,,,,,,,,,,,10/18/22
9689975,apartment,apartment,291500,forsale,1300,installed,2021,asnew,gas,126,2,,,true,,true,,,,,1,10/18/22
9757934,apartment,apartment,292000,forsale,1480,hyperequipped,,asnew,electric,,3,,,true,,true,,,,,1,10/18/22
9757954,apartment,apartment,294000,forsale,1480,hyperequipped,,asnew,electric,,3,,,true,,true,,,,,1,10/18/22
10027173,apartment,apartment,295000,forsale,5000,installed,2022,,gas,,2,,,true,,true,,,1,,1,10/18/22
9757963,apartment,apartment,297000,forsale,1480,hyperequipped,,asnew,electric,,3,,,true,,true,,,,,1,10/18/22
9757972,apartment,apartment,299000,forsale,1480,hyperequipped,,asnew,electric,,3,,,true,,true,,,,,1,10/18/22
9867892,apartment,duplex,305000,forsale,6740,installed,2024,asnew,,85,3,,,,,true,,,1,,1,10/18/22
10126220,apartment,apartment,319500,forsale,1420,usahyperequipped,2023,,gas,93,2,,,true,,true,,,,124,1,10/18/22
9533024,apartment,apartment,330750,forsale,9800,installed,2020,,gas,,2,,,,,true,,,,,1,10/18/22
10093132,apartment,apartment,345000,forsale,5100,,2020,asnew,gas,110,2,,,,114,true,,,,10,1,10/18/22
9867891,apartment,duplex,345000,forsale,6740,installed,2024,asnew,,85,4,,,,,true,,,1,,1,10/18/22
10027212,apartment,apartment,350000,forsale,5000,installed,2022,,gas,,2,,,true,,true,,,1,,1,10/18/22
9938992,apartment,duplex,359000,forsale,1090,usahyperequipped,2021,asnew,gas,,2,,,true,47,true,,,1,1,1,10/18/22
10024402,apartment,groundfloor,550000,forsale,2650,installed,2023,asnew,gas,,2,,,,17,true,,,,,1,10/18/22
10085795,apartment,penthouse,599000,forsale,1030,usahyperequipped,2023,asnew,,57,2,,,true,,true,,,,15,1,10/18/22
10085793,apartment,groundfloor,607500,forsale,1180,usahyperequipped,2021,asnew,gas,,3,,,true,85,true,,,34,34,1,10/18/22
10026415,apartment,penthouse,695000,forsale,1050,notinstalled,2020,asnew,gas,,2,,,,,true,,,1,,1,10/18/22
9897303,apartment,penthouse,1485000,forsale,1410,installed,2022,,gas,,3,,,true,,true,true,true,2,,1,10/18/22
10157354,apartment,apartment,269000,forsale,2000,hyperequipped,1976,asnew,gas,160,2,,,,,true,,,,,,10/18/22
10142965,apartment,apartment,89000,forsale,1210,notinstalled,,torenovate,,640,1,,,,,,,,,,,10/18/22
10142964,apartment,apartment,89000,forsale,1210,notinstalled,,torenovate,,913,1,,,,,,,,,,,10/18/22
10142963,apartment,apartment,89000,forsale,1210,notinstalled,,torenovate,,597,1,,,,,,,,,,,10/18/22
10144536,apartment,apartment,145000,forsale,1090,,1946,tobedoneup,gas,389,1,,,true,,true,,,,,,10/18/22
10143958,apartment,groundfloor,175000,forsale,2660,,,tobedoneup,gas,357,2,,,true,20,,,,,,,10/18/22
10158182,house,house,240000,forsale,5300,installed,,justrenovated,fueloil,299,2,300,true,true,,true,true,,1,2,,10/18/22
9625357,house,house,131000,forsale,2550,notinstalled,1930,,gas,371,3,1664,,true,1100,true,,,1,,,10/18/22
10158172,apartment,apartment,260000,forsale,8870,installed,2020,good,gas,47,2,,,,,true,,,,,,10/18/22
10158154,house,house,290000,forsale,7900,installed,2021,,gas,,3,515,true,,,,,,,2,1,10/18/22
10158153,house,bungalow,445000,forsale,1410,hyperequipped,1973,good,electric,555,2,681,true,,500,true,,,2,3,,10/18/22
10158149,apartment,flatstudio,59000,forsale,4000,notinstalled,,tobedoneup,,251,1,,,,,,,,,,,10/18/22
9641565,house,house,184000,forsale,2550,,,good,gas,,5,155,,true,,true,,,,1,,10/18/22
10121293,house,house,275000,forsale,1420,,,torenovate,fueloil,515,2,207,,,100,,true,,,,,10/18/22
10143252,apartment,apartment,224900,forsale,6840,notinstalled,,asnew,gas,85,2,,,,,true,,,,,,10/18/22
10144401,apartment,duplex,245000,forsale,3000,,,justrenovated,gas,181,1,,,,,true,,,,,,10/18/22
10144399,apartment,flatstudio,245000,forsale,3000,,,justrenovated,gas,181,1,,,,,true,,,,,,10/18/22
10130201,apartment,apartment,130000,forsale,4500,semiequipped,1961,good,gas,507,2,,true,true,,,,,,,,10/18/22
10147186,apartment,apartment,265000,forsale,5000,installed,2022,,gas,,1,,,true,,true,,,1,,1,10/18/22
10147184,apartment,apartment,285000,forsale,5000,installed,2022,,gas,,2,,,true,,true,,,1,,1,10/18/22
10148428,apartment,apartment,430000,forsale,9051,hyperequipped,2022,,gas,,3,,,,,true,,,15,,1,10/18/22
10133441,apartment,apartment,199000,forsale,1400,semiequipped,1972,good,gas,170,2,,,true,,true,,,,,,10/18/22
9975393,apartmentgroup,apartmentgroup,17000-340000,forsale,8570,,,,,,,,,,,,,,,,1,10/18/22
10070027,apartmentgroup,apartmentgroup,159000-770000,forsale,7700,,,,,,,,,,,,,,,,1,10/18/22
8837836,apartmentgroup,apartmentgroup,159400-182407,forsale,1000,,,,,,,,,,,,,,,,1,10/18/22
9991168,apartmentgroup,apartmentgroup,169000-449000,forsale,3210,,,,,,,,,,,,,,,,1,10/18/22
10008129,apartmentgroup,apartmentgroup,174500-224500,forsale,4217,,,,,85,,,,,,,,,,,1,10/18/22
8524048,apartmentgroup,apartmentgroup,177500-715000,forsale,1000,,,,,,,,,,,,,,,,1,10/18/22
9129571,apartmentgroup,apartmentgroup,180000-360000,forsale,1420,,,,,,,,,,,,,,,,1,10/18/22
9194443,apartmentgroup,apartmentgroup,182000-322000,forsale,4031,,,,,100,,,,,,,,,,,1,10/18/22
10089593,apartmentgroup,apartmentgroup,183367.25-323356,forsale,4040,,,,,,,,,,,,,,,,1,10/18/22
9507003,apartmentgroup,apartmentgroup,184500-280000,forsale,9400,,,,,30,,,,,,,,,18,,1,10/18/22
9886927,apartmentgroup,apartmentgroup,192000-385000,forsale,5000,,,,,84,,,,,,,,,,1,1,10/18/22
9812410,apartmentgroup,apartmentgroup,192000-385000,forsale,5100,,,,,84,,,,,,,,,,1,1,10/18/22
9167199,apartmentgroup,apartmentgroup,192900-263900,forsale,1120,,,,,,,,,,,,,,,,1,10/18/22
9844482,apartmentgroup,apartmentgroup,195000-345000,forsale,6740,,,,,,,,,,,,,,1,,1,10/18/22
10108672,apartmentgroup,apartmentgroup,199500-399800,forsale,9600,,,,,,,,,,,,,,,,1,10/18/22
7109363,apartmentgroup,apartmentgroup,205000-229500,forsale,4500,,,,,,,,,,,,,,,,1,10/18/22
9022510,apartmentgroup,apartmentgroup,205000-230000,forsale,4570,,,,,70,,,,,,,,,,,1,10/18/22
9010886,apartmentgroup,apartmentgroup,213000-262000,forsale,4100,,,,,,,,,,,,,,,,1,10/18/22
9833870,apartmentgroup,apartmentgroup,213740-360360,forsale,4121,,,,,,,,,,,,,,26,26,1,10/18/22
8806264,apartmentgroup,apartmentgroup,218800-449900,forsale,1730,,,,,,,,,,,,,,,,1,10/18/22
9929267,apartmentgroup,apartmentgroup,219900-234900,forsale,6640,,,,,,,,,,,,,,,,1,10/18/22
9506203,apartmentgroup,apartmentgroup,223000-223000,forsale,4500,,,,,93,,,,,,,,,,,1,10/18/22
10158182,house,house,240000,forsale,5300,installed,,justrenovated,fueloil,299,2,300,true,true,,true,true,,1,2,,10/18/22
9625357,house,house,131000,forsale,2550,notinstalled,1930,,gas,371,3,1664,,true,1100,true,,,1,,,10/18/22
10158172,apartment,apartment,260000,forsale,8870,installed,2020,good,gas,47,2,,,,,true,,,,,,10/18/22
10158154,house,house,290000,forsale,7900,installed,2021,,gas,,3,515,true,,,,,,,2,1,10/18/22
10158153,house,bungalow,445000,forsale,1410,hyperequipped,1973,good,electric,555,2,681,true,,500,true,,,2,3,,10/18/22
10158149,apartment,flatstudio,59000,forsale,4000,notinstalled,,tobedoneup,,251,1,,,,,,,,,,,10/18/22
9641565,house,house,184000,forsale,2550,,,good,gas,,5,155,,true,,true,,,,1,,10/18/22
10121293,house,house,275000,forsale,1420,,,torenovate,fueloil,515,2,207,,,100,,true,,,,,10/18/22
9902773,apartmentgroup,apartmentgroup,224900-234900,forsale,6840,,,,,,,,,,,,,,,,1,10/18/22
9330774,apartmentgroup,apartmentgroup,225000-375000,forsale,3300,,,,,40,,,,,,,,,,,1,10/18/22
10013345,apartmentgroup,apartmentgroup,229000-239000,forsale,4837,,,,,,,,,,,,,,,,1,10/18/22
9799767,apartmentgroup,apartmentgroup,229850-250000,forsale,8840,,,,,,,,,,,,,,,,1,10/18/22
9875461,apartmentgroup,apartmentgroup,230000-380000,forsale,9800,,,,,,,,,,,,,,,,1,10/18/22
8120282,apartmentgroup,apartmentgroup,230579-1299000,forsale,7500,,,,,,,,,,,,,,,,1,10/18/22
9434102,apartmentgroup,apartmentgroup,231942-313642,forsale,1300,,,,,110,,,,,,,,,1,1,1,10/18/22
9482343,apartmentgroup,apartmentgroup,233000-348000,forsale,2980,,,,,,,,,,,,,,,,1,10/18/22
9027009,apartmentgroup,apartmentgroup,239000-504000,forsale,4100,,,,,100,,,,,,,,,,,1,10/18/22
9705744,apartmentgroup,apartmentgroup,241200-261000,forsale,5350,,,,,,,,,,,,,,,23,1,10/18/22
8497869,apartmentgroup,apartmentgroup,242500-247500,forsale,4608,,,,,,,,,,,,,,,,1,10/18/22
8652247,apartmentgroup,apartmentgroup,242500-247500,forsale,4620,,,,,,,,,,,,,,,,1,10/18/22
9048086,apartmentgroup,apartmentgroup,245000-375000,forsale,3000,,,,,,,,,,,,,,,,1,10/18/22
9726666,apartmentgroup,apartmentgroup,245000-456900,forsale,7700,,,,,,,,,,,,,,,,1,10/18/22
9947988,apartmentgroup,apartmentgroup,247250-600000,forsale,8370,,,,,,,,,,,,,,,,1,10/18/22
9629906,apartmentgroup,apartmentgroup,249000-319000,forsale,9255,,,,,,,,,,,,,,22,9,1,10/18/22
10100903,apartmentgroup,apartmentgroup,249515.72-397947.97,forsale,9031,,,,,,,,,,,,,,,,1,10/18/22
8987239,apartmentgroup,apartmentgroup,255000-255000,forsale,4540,,,,,100,,,,,,,,,,,1,10/18/22
9988518,apartmentgroup,apartmentgroup,256500-387000,forsale,8370,,,,,,,,,,,,,,,,1,10/18/22
9641275,apartmentgroup,apartmentgroup,259000-325000,forsale,9140,,,,,,,,,,,,,,,19,1,10/18/22
8798417,apartmentgroup,apartmentgroup,259500-329500,forsale,4920,,,,,,,,,,,,,,,,1,10/18/22
8787746,apartmentgroup,apartmentgroup,259500-329500,forsale,4920,,,,,,,,,,,,,,,,1,10/18/22
9989446,apartmentgroup,apartmentgroup,265000-265000,forsale,3270,,,,,,,,,,,,,,,,1,10/18/22
9907535,apartmentgroup,apartmentgroup,265000-395000,forsale,8790,,,,,,,,,,,,,,,,1,10/18/22
9903433,apartmentgroup,apartmentgroup,266080-302580,forsale,8540,,,,,,,,,,,,,,,,1,10/18/22
10037808,apartmentgroup,apartmentgroup,269000-275000,forsale,6760,,,,,85,,,,,,,,,,,1,10/18/22
9023198,apartmentgroup,apartmentgroup,271600-415500,forsale,1300,,,,,105,,,,,,,,,1,1,1,10/18/22
10099792,apartmentgroup,apartmentgroup,275000-335000,forsale,2870,,,,,,,,,,,,,,,,1,10/18/22
8220393,apartmentgroup,apartmentgroup,277279.38-277279.38,forsale,2220,,,,,,,,,,,,,,,,1,10/18/22
10158182,house,house,240000,forsale,5300,installed,,justrenovated,fueloil,299,2,300,true,true,,true,true,,1,2,,10/18/22
9625357,house,house,131000,forsale,2550,notinstalled,1930,,gas,371,3,1664,,true,1100,true,,,1,,,10/18/22
10158172,apartment,apartment,260000,forsale,8870,installed,2020,good,gas,47,2,,,,,true,,,,,,10/18/22
10158154,house,house,290000,forsale,7900,installed,2021,,gas,,3,515,true,,,,,,,2,1,10/18/22
10158153,house,bungalow,445000,forsale,1410,hyperequipped,1973,good,electric,555,2,681,true,,500,true,,,2,3,,10/18/22
10158149,apartment,flatstudio,59000,forsale,4000,notinstalled,,tobedoneup,,251,1,,,,,,,,,,,10/18/22
9641565,house,house,184000,forsale,2550,,,good,gas,,5,155,,true,,true,,,,1,,10/18/22
10121293,house,house,275000,forsale,1420,,,torenovate,fueloil,515,2,207,,,100,,true,,,,,10/18/22
9773793,apartmentgroup,apartmentgroup,280000-735000,forsale,8210,,,,,,,,,,,,,,,,1,10/18/22
10125449,apartmentgroup,apartmentgroup,289500-499500,forsale,1070,,,,,115,,,,,,,,,19,,1,10/18/22
9842601,apartmentgroup,apartmentgroup,293600-432300,forsale,8790,,,,,,,,,,,,,,,,1,10/18/22
8569604,apartmentgroup,apartmentgroup,299500-299500,forsale,4500,,,,,,,,,,,,,,,,1,10/18/22
10117691,apartmentgroup,apartmentgroup,309000-623000,forsale,9300,,,,,,,,,,,,,,,,1,10/18/22
8780691,apartmentgroup,apartmentgroup,315000-452000,forsale,1140,,,,,,,,,,,,,,24,24,1,10/18/22
10118738,apartmentgroup,apartmentgroup,317000-399000,forsale,9300,,,,,,,,,,,,,,,,1,10/18/22
10071561,apartmentgroup,apartmentgroup,317500-617525,forsale,9000,,,,,,,,,,,,,,,,1,10/18/22
7673169,apartmentgroup,apartmentgroup,320790-401216,forsale,3000,,,,,,,,,,,,,,,,1,10/18/22
9929900,apartmentgroup,apartmentgroup,333000-399500,forsale,4600,,,,,,,,,,,,,,,,1,10/18/22
10112026,apartmentgroup,apartmentgroup,360000-360000,forsale,1300,,,,,93,,,,,,,,,20,20,1,10/18/22
9279910,apartmentgroup,apartmentgroup,360000-360000,forsale,1300,,,,,117,,,,,,,,,20,,1,10/18/22
9323295,apartmentgroup,apartmentgroup,372000-667100,forsale,3020,,,,,30,,,,,,,,,,,1,10/18/22
9984425,apartmentgroup,apartmentgroup,375000-550000,forsale,8500,,,,,,,,,,,,,,,,1,10/18/22
9978893,apartmentgroup,apartmentgroup,377000-477000,forsale,1435,,,,,105,,,,,,,,,1,1,1,10/18/22
9565034,apartmentgroup,apartmentgroup,383000-517000,forsale,3020,,,,,,,,,,,,,,,,1,10/18/22
10115264,apartmentgroup,apartmentgroup,390000-725000,forsale,1180,,,,,44,,,,,,,,,18,18,1,10/18/22
9158401,apartmentgroup,apartmentgroup,410000-649000,forsale,1850,,,,,40,,,,,,,,,250,250,1,10/18/22
8780667,apartmentgroup,apartmentgroup,414000-434000,forsale,1000,,,,,,,,,,,,,,1,1,1,10/18/22
10057695,apartmentgroup,apartmentgroup,415000-665000,forsale,1180,,,,,46,,,,,,,,,,,1,10/18/22
10042816,apartmentgroup,apartmentgroup,436150-631150,forsale,1410,,,,,,,,,,,,,,14,14,1,10/18/22
10083555,apartmentgroup,apartmentgroup,436150-631150,forsale,1420,,,,,,,,,,,,,,14,14,1,10/18/22
9704603,apartmentgroup,apartmentgroup,436150-631150,forsale,1420,,,,,,,,,,,,,,20,20,1,10/18/22
9318678,apartmentgroup,apartmentgroup,470000-575000,forsale,1000,,,,,,,,,,,,,,1,1,1,10/18/22
9048108,apartmentgroup,apartmentgroup,495000-615000,forsale,3000,,,,,,,,,,,,,,,,1,10/18/22
9218935,apartmentgroup,apartmentgroup,515000-540000,forsale,1000,,,,,,,,,,,,,,,,1,10/18/22
10052032,apartmentgroup,apartmentgroup,530000-795000,forsale,1200,,,,,75,,,,,,,,,60,60,1,10/18/22
7412146,apartmentgroup,apartmentgroup,730000-730000,forsale,2000,,,,,,,,,,,,,,,,1,10/18/22
10108603,apartmentgroup,apartmentgroup,770000-770000,forsale,7700,,,,,,,,,,,,,,,,1,10/18/22
9864433,apartmentgroup,apartmentgroup,1650000-1950000,forsale,1180,,,,,50,,,,,,,,,,,1,10/18/22
10158182,house,house,240000,forsale,5300,installed,,justrenovated,fueloil,299,2,300,true,true,,true,true,,1,2,,10/18/22
9625357,house,house,131000,forsale,2550,notinstalled,1930,,gas,371,3,1664,,true,1100,true,,,1,,,10/18/22
10158172,apartment,apartment,260000,forsale,8870,installed,2020,good,gas,47,2,,,,,true,,,,,,10/18/22
10158154,house,house,290000,forsale,7900,installed,2021,,gas,,3,515,true,,,,,,,2,1,10/18/22
10158153,house,bungalow,445000,forsale,1410,hyperequipped,1973,good,electric,555,2,681,true,,500,true,,,2,3,,10/18/22
10158149,apartment,flatstudio,59000,forsale,4000,notinstalled,,tobedoneup,,251,1,,,,,,,,,,,10/18/22
9641565,house,house,184000,forsale,2550,,,good,gas,,5,155,,true,,true,,,,1,,10/18/22
10121293,house,house,275000,forsale,1420,,,torenovate,fueloil,515,2,207,,,100,,true,,,,,10/18/22
10149003,apartment,duplex,645000,forsale,1050,usahyperequipped,,asnew,gas,107,2,,,,,true,,,,,,10/18/22
10149700,apartment,apartment,775000,forsale,1325,hyperequipped,2022,asnew,gas,,3,,,,,true,,,,,,10/18/22
10155756,apartment,flatstudio,110000,forsale,8430,installed,1975,good,electric,343,0,,,true,,,,,,,,10/18/22
10156607,apartment,apartment,200000,forsale,1180,usainstalled,,good,gas,674,1,,,true,,,,,,,,10/18/22
10156616,apartment,apartment,215000,forsale,5000,installed,1995,,gas,277,1,,,true,,true,,,,,,10/18/22
10156805,apartment,apartment,273000,forsale,9030,installed,1967,,gas,306,3,,,true,,true,,,1,,,10/18/22
10153114,apartment,apartment,595000,forsale,9400,installed,2008,,gas,101,3,,,,,,,,2,,,10/18/22
10097080,apartment,apartment,790000,forsale,1180,hyperequipped,1970,justrenovated,,122,3,,,true,,true,,,,1,,10/18/22
10156092,apartment,apartment,1095000,forsale,8300,usahyperequipped,1965,asnew,gas,148,2,,,true,,,,,,,,10/18/22
10155175,apartment,apartment,1200000,forsale,1190,usahyperequipped,,asnew,gas,129,3,,,true,,,true,,2,2,,10/18/22
10155174,apartment,apartment,1200000,forsale,1190,usahyperequipped,,asnew,gas,129,3,,,true,,,true,,2,2,,10/18/22
10142419,apartment,duplex,349000,forsale,1030,usainstalled,1905,,gas,,2,,,true,,true,,,,,,10/18/22
10142417,apartment,apartment,349000,forsale,1030,usainstalled,1905,,gas,,2,,,true,,true,,,,,,10/18/22
9619918,apartment,apartment,55000,forsale,4020,,1945,,gas,474,1,,,,,,,,,,,10/18/22
10011543,apartment,flatstudio,79000,forsale,4000,semiequipped,,good,gas,404,0,,,,,,,,,,,10/18/22
9932861,apartment,apartment,99000,forsale,4020,semiequipped,,good,gas,155,1,,,true,,,,,,,,10/18/22
8739337,apartment,flatstudio,112000,forsale,8430,installed,1968,good,electric,619,0,,,,,,,,,,,10/18/22
10117659,apartment,apartment,125000,forsale,9300,installed,,good,gas,134,1,,,true,,true,,,,,,10/18/22
9939102,apartment,apartment,129000,forsale,4820,semiequipped,2010,good,gas,106,2,,,,,,true,,1,1,,10/18/22
10044675,apartment,apartment,135000,forsale,8450,semiequipped,1987,good,gas,,1,,,,,true,,,,,,10/18/22
9858314,apartment,apartment,155000,forsale,8500,semiequipped,,torenovate,gas,178,2,,,,,,,,,,,10/18/22
9719643,apartment,apartment,160000,forsale,6700,,2012,,gas,115,1,,,,,true,,,,,,10/18/22
10114366,apartment,kot,175000,forsale,1000,,2017,,gas,90,1,,,,,,,,,,,10/18/22
9958345,apartment,apartment,181900,forsale,6000,installed,,justrenovated,gas,70,2,,,true,,true,,,,1,,10/18/22
9694748,apartment,apartment,187000,forsale,6810,installed,2019,asnew,gas,120,2,,,true,,,,,,,,10/18/22
9891701,apartment,apartment,189000,forsale,1140,semiequipped,1985,tobedoneup,gas,147,1,,,true,,true,,,,,,10/18/22
9924343,apartment,apartment,198000,forsale,6600,,1993,,gas,150,2,,,,,,,,,,,10/18/22
10033893,apartment,apartment,200000,forsale,1083,,1960,good,gas,495,1,,,true,,true,,,,,,10/18/22
10082473,apartment,apartment,205000,forsale,1070,usahyperequipped,,good,gas,181,2,,,true,,true,,,,,,10/18/22
10158182,house,house,240000,forsale,5300,installed,,justrenovated,fueloil,299,2,300,true,true,,true,true,,1,2,,10/18/22
9625357,house,house,131000,forsale,2550,notinstalled,1930,,gas,371,3,1664,,true,1100,true,,,1,,,10/18/22
10158172,apartment,apartment,260000,forsale,8870,installed,2020,good,gas,47,2,,,,,true,,,,,,10/18/22
10158154,house,house,290000,forsale,7900,installed,2021,,gas,,3,515,true,,,,,,,2,1,10/18/22
10158153,house,bungalow,445000,forsale,1410,hyperequipped,1973,good,electric,555,2,681,true,,500,true,,,2,3,,10/18/22
10158149,apartment,flatstudio,59000,forsale,4000,notinstalled,,tobedoneup,,251,1,,,,,,,,,,,10/18/22
9641565,house,house,184000,forsale,2550,,,good,gas,,5,155,,true,,true,,,,1,,10/18/22
10121293,house,house,275000,forsale,1420,,,torenovate,fueloil,515,2,207,,,100,,true,,,,,10/18/22
9703299,apartment,apartment,207000,forsale,6800,,2013,,fueloil,11490,2,,,,,,,,,,,10/18/22
9921158,apartment,apartment,210000,forsale,6700,,1992,good,gas,272,1,,,,,,,,,,,10/18/22
9872951,apartment,apartment,220000,forsale,6700,,1992,,gas,169,1,,,,,,,,,,,10/18/22
10085452,apartment,apartment,230000,forsale,6700,,2003,,electric,191,2,,,,,,,,,,,10/18/22
10096522,apartment,apartment,235000,forsale,1140,,,tobedoneup,gas,160,2,,,true,,true,,,1,,,10/18/22
9965432,apartment,apartment,235000,forsale,1190,,1908,torenovate,gas,619,2,,,true,,true,,,,,,10/18/22
9672857,apartment,apartment,235000,forsale,6600,,1993,,gas,208,3,,,true,,true,,,,,,10/18/22
9907505,apartment,apartment,236000,forsale,8540,,2017,good,gas,50,2,,,,,true,,,,,,10/18/22
9585182,apartment,apartment,250000,forsale,1000,installed,,asnew,electric,,1,,,true,,,,,,,,10/18/22
10044945,apartment,apartment,255000,forsale,1000,,1930,,gas,168,1,,,,,,,,,,,10/18/22
10128405,apartment,duplex,258000,forsale,1800,installed,2013,good,gas,,2,,,,,true,,,,,,10/18/22
10104754,apartment,duplex,275000,forsale,9700,hyperequipped,,justrenovated,gas,209,3,,,,,,true,,,,,10/18/22
9669072,apartment,apartment,279000,forsale,9700,semiequipped,,good,gas,66,1,,,,,,,,,,,10/18/22
10110837,apartment,apartment,285000,forsale,9700,,2013,good,gas,130,2,,,,,,,,,1,,10/18/22
10077428,apartment,apartment,288500,forsale,9500,installed,2013,good,,,3,,,true,,true,,,,1,,10/18/22
10116148,apartment,penthouse,298000,forsale,1090,notinstalled,1969,torenovate,gas,,2,,,true,,true,,,,,,10/18/22
10092469,apartment,duplex,330000,forsale,2800,installed,,good,gas,121,2,,,,,true,,,,,,10/18/22
10114348,apartment,groundfloor,395000,forsale,1050,,1950,tobedoneup,gas,329,2,,,true,65,,true,,,,,10/18/22
9984361,apartment,groundfloor,425000,forsale,3001,,1960,tobedoneup,gas,287,2,,,true,341,,,,,,,10/18/22
10083509,apartment,apartment,425000,forsale,8450,installed,2008,good,gas,,4,,,true,,true,,,2,,,10/18/22
10009016,apartment,apartment,449000,forsale,8430,notinstalled,1964,justrenovated,,585,2,,,,,,,,,,,10/18/22
9956378,apartment,apartment,450000,forsale,1150,installed,2001,good,gas,,2,,,true,,true,,,1,1,,10/18/22
9309581,apartment,apartment,490000,forsale,2000,usahyperequipped,2020,asnew,gas,,2,,,true,,true,,,,,,10/18/22
10090106,apartment,apartment,535000,forsale,1180,notinstalled,,torenovate,gas,169,4,,,,,true,,,,,,10/18/22
10088786,apartment,apartment,575000,forsale,1000,notinstalled,,justrenovated,gas,149,3,,,true,,true,,,1,,,10/18/22
8549833,apartment,duplex,584750,forsale,4000,,2019,asnew,gas,88,5,,,true,,true,,,,,,10/18/22
10124074,apartment,duplex,595000,forsale,1000,,2015,,gas,206,2,,,,,true,,,,2,,10/18/22
9416922,apartment,apartment,669000,forsale,8300,usahyperequipped,1965,asnew,gas,169,3,,,,,true,,,,,,10/18/22
9924891,apartment,apartment,700000,forsale,1150,,,tobedoneup,gas,278,3,,,true,,true,,,1,,,10/18/22
10158182,house,house,240000,forsale,5300,installed,,justrenovated,fueloil,299,2,300,true,true,,true,true,,1,2,,10/18/22
9625357,house,house,131000,forsale,2550,notinstalled,1930,,gas,371,3,1664,,true,1100,true,,,1,,,10/18/22
10158172,apartment,apartment,260000,forsale,8870,installed,2020,good,gas,47,2,,,,,true,,,,,,10/18/22
10158154,house,house,290000,forsale,7900,installed,2021,,gas,,3,515,true,,,,,,,2,1,10/18/22
10158153,house,bungalow,445000,forsale,1410,hyperequipped,1973,good,electric,555,2,681,true,,500,true,,,2,3,,10/18/22
10158149,apartment,flatstudio,59000,forsale,4000,notinstalled,,tobedoneup,,251,1,,,,,,,,,,,10/18/22
9641565,house,house,184000,forsale,2550,,,good,gas,,5,155,,true,,true,,,,1,,10/18/22
10121293,house,house,275000,forsale,1420,,,torenovate,fueloil,515,2,207,,,100,,true,,,,,10/18/22
10145139,apartment,penthouse,650000,forsale,1180,usahyperequipped,2014,asnew,,81,3,,,true,2800,true,,,1,1,,10/18/22
10133080,apartment,apartment,79000,forsale,8420,installed,,good,electric,1214,1,,,true,,true,,,,,,10/18/22
10147225,apartment,duplex,495000,forsale,1050,usahyperequipped,,justrenovated,gas,113,2,,,true,,true,,,,,,10/18/22
10135514,apartment,apartment,211700,forsale,2560,installed,2022,,gas,,1,,,true,,true,,,,,,10/18/22
10134093,apartment,duplex,295000,forsale,1200,installed,1931,good,gas,425,1,,,true,,,,,,,,10/18/22
10135490,apartment,apartment,380000,forsale,1060,usainstalled,,good,gas,,2,,,true,,true,,,,,,10/18/22
10134177,apartment,apartment,450000,forsale,1150,installed,,good,gas,,2,,,true,,,,,,,,10/18/22
10105305,apartment,duplex,495000,forsale,1190,,,good,gas,,2,,,,,true,true,,,,,10/18/22
10156999,apartment,apartment,279000,forsale,9000,,2021,,gas,,1,,,,,true,,,,,1,10/18/22
10156998,apartment,apartment,288000,forsale,9000,,2021,,gas,,1,,,,,true,,,,,1,10/18/22
10157011,apartment,apartment,290000,forsale,9000,,2021,,gas,,1,,,,,true,,,,,1,10/18/22
10157006,apartment,apartment,295000,forsale,9000,,2021,,gas,,1,,,,,true,,,,,1,10/18/22
10157010,apartment,apartment,415000,forsale,9000,,2021,,gas,,2,,,,,true,,,,,1,10/18/22
10156997,apartment,apartment,428000,forsale,9000,,2021,,gas,,2,,,,,true,,,,,1,10/18/22
10157005,apartment,apartment,435000,forsale,9000,,2021,,gas,,2,,,,,true,,,,,1,10/18/22
10152262,apartment,apartment,180000,forsale,8790,hyperequipped,,asnew,gas,91.96,1,,,,,,,,,,,10/18/22
10151576,apartment,apartment,199000,forsale,1090,semiequipped,1935,tobedoneup,,214,1,,,,,true,true,,,,,10/18/22
10153138,apartment,apartment,247000,forsale,4040,hyperequipped,,,gas,107,2,,,true,,true,,,1,,,10/18/22
10153158,apartment,apartment,248000,forsale,9000,installed,,,,481,1,,,true,,,,,,,,10/18/22
10140789,apartment,serviceflat,260000,forsale,9000,usainstalled,2022,,gas,,1,,,,,true,,,,10,1,10/18/22
10151404,apartment,apartment,275000,forsale,9420,installed,1972,asnew,fueloil,257,3,,,true,,true,true,,1,1,,10/18/22
10152045,apartment,apartment,444000,forsale,2070,hyperequipped,2009,asnew,gas,93,3,,,,,true,,,1,,,10/18/22
10152822,apartment,apartment,875000,forsale,8300,usahyperequipped,2017,asnew,gas,80,2,,,true,,true,,,1,,,10/18/22
9867575,apartment,apartment,204000,forsale,4121,installed,2022,,gas,93,1,,,,,true,,,,,1,10/18/22
9891213,apartment,apartment,208000,forsale,5100,usainstalled,2024,asnew,gas,84,1,,,true,,true,,,1,1,1,10/18/22
9891212,apartment,apartment,213000,forsale,5100,usainstalled,2024,asnew,gas,84,1,,,true,,true,,,1,1,1,10/18/22
9867579,apartment,apartment,237000,forsale,4121,installed,2022,,gas,94,2,,,,,true,,,,,1,10/18/22
10139915,apartment,duplex,256000,forsale,3000,,,,gas,264,1,,,,,,,,,,,10/18/22
9867578,apartment,apartment,259000,forsale,4121,installed,2022,,gas,115,2,,,,,true,,,,,1,10/18/22
9875320,apartment,groundfloor,275000,forsale,2830,installed,2021,,gas,25,2,,,,,true,,,,,1,10/18/22
10158182,house,house,240000,forsale,5300,installed,,justrenovated,fueloil,299,2,300,true,true,,true,true,,1,2,,10/18/22
9625357,house,house,131000,forsale,2550,notinstalled,1930,,gas,371,3,1664,,true,1100,true,,,1,,,10/18/22
10158172,apartment,apartment,260000,forsale,8870,installed,2020,good,gas,47,2,,,,,true,,,,,,10/18/22
10158154,house,house,290000,forsale,7900,installed,2021,,gas,,3,515,true,,,,,,,2,1,10/18/22
10158153,house,bungalow,445000,forsale,1410,hyperequipped,1973,good,electric,555,2,681,true,,500,true,,,2,3,,10/18/22
10158149,apartment,flatstudio,59000,forsale,4000,notinstalled,,tobedoneup,,251,1,,,,,,,,,,,10/18/22
9641565,house,house,184000,forsale,2550,,,good,gas,,5,155,,true,,true,,,,1,,10/18/22
10121293,house,house,275000,forsale,1420,,,torenovate,fueloil,515,2,207,,,100,,true,,,,,10/18/22
10107225,apartment,apartment,355000,forsale,1000,usainstalled,2025,asnew,gas,44,2,,,,,true,,,,23,1,10/18/22
10118083,apartment,apartment,374500,forsale,1420,usahyperequipped,2021,asnew,gas,15,2,,,true,,true,,,1,1,1,10/18/22
10139899,apartment,duplex,385000,forsale,1040,,1912,torenovate,,500,2,,,,,true,,,,,,10/18/22
10097894,apartment,apartment,467500,forsale,8200,installed,2021,asnew,,,2,,,,,true,,,,,1,10/18/22
9201553,apartment,apartment,489000,forsale,1000,usahyperequipped,2017,asnew,gas,82,1,,,true,,,,,,,1,10/18/22
10123818,apartment,apartment,495000,forsale,1040,hyperequipped,2020,asnew,gas,77,2,,,true,,true,,,1,1,1,10/18/22
9603512,apartment,apartment,545000,forsale,4900,hyperequipped,2018,asnew,pellet,,3,,,true,,true,,true,,1,1,10/18/22
9708218,apartment,apartment,595000,forsale,1180,usahyperequipped,,asnew,gas,46,3,,,true,,true,,,,,1,10/18/22
9946884,apartment,penthouse,645000,forsale,1200,usahyperequipped,2018,asnew,gas,53,3,,,true,,true,,,1,1,1,10/18/22
10044358,apartment,penthouse,665000,forsale,9000,notinstalled,2021,asnew,,,2,,,true,,true,,,1,1,1,10/18/22
10041840,apartment,penthouse,695000,forsale,9000,notinstalled,2021,asnew,,,2,,,true,,true,,,1,1,1,10/18/22
10099365,apartment,apartment,785000,forsale,1000,hyperequipped,2021,asnew,gas,45,3,,,true,,true,,,1,1,1,10/18/22
10090241,apartment,apartment,785000,forsale,1050,hyperequipped,2021,asnew,gas,45,3,,,true,,true,,,1,1,1,10/18/22
10072016,apartment,penthouse,890000,forsale,1200,hyperequipped,2016,asnew,gas,53,4,,,true,,true,,,1,1,1,10/18/22
10085792,apartment,groundfloor,936000,forsale,1160,hyperequipped,2020,asnew,,44,3,,,true,278,true,,,25,25,1,10/18/22
10080285,apartment,triplex,1150000,forsale,1030,usahyperequipped,,asnew,gas,154,3,,,,,true,true,,,,1,10/18/22
9090749,apartment,apartment,1295000,forsale,9000,installed,2022,asnew,,,2,,,,,true,,,,1,1,10/18/22
8902829,apartment,apartment,1420000,forsale,1050,hyperequipped,2018,asnew,gas,,2,,,true,,true,,,2,59,1,10/18/22
9765081,apartment,apartment,1495000,forsale,1050,usahyperequipped,2014,asnew,gas,58,3,,,true,,true,true,,,2,1,10/18/22
10158077,apartment,duplex,360000,forsale,6700,,,,gas,112,2,,,,,true,true,,,,,10/18/22
10144464,apartment,apartment,425000,forsale,1030,notinstalled,2022,,gas,,2,,,true,,true,,,,,,10/18/22
10130819,apartment,apartment,170000,forsale,7800,installed,,good,electric,145,2,,,true,,,,,,,,10/18/22
10130191,apartment,apartment,275000,forsale,2000,installed,,,gas,330,1,,,true,,,,,,,,10/18/22
10130247,apartment,groundfloor,319000,forsale,1800,hyperequipped,2017,,gas,102,2,,,,,true,,,1,,,10/18/22
10131623,apartment,apartment,319000,forsale,2600,installed,,good,electric,287,4,,,true,,true,,,,,,10/18/22
10130387,apartment,apartment,365000,forsale,9070,hyperequipped,,asnew,gas,125,2,,,true,,true,,,1,1,,10/18/22
10130014,apartment,apartment,379000,forsale,1140,hyperequipped,2001,asnew,gas,130,2,,,,,true,,,1,,,10/18/22
10151203,apartment,triplex,235000,forsale,2300,installed,1998,asnew,gas,173,2,,,,,true,,,,,,10/18/22
10131648,apartment,apartment,295000,forsale,1180,,1970,tobedoneup,gas,218,2,,,true,,true,,,1,,,10/18/22
10149441,apartment,groundfloor,345000,forsale,3090,installed,1973,good,fueloil,248,3,,,true,,true,,,,,,10/18/22
10158182,house,house,240000,forsale,5300,installed,,justrenovated,fueloil,299,2,300,true,true,,true,true,,1,2,,10/18/22
9625357,house,house,131000,forsale,2550,notinstalled,1930,,gas,371,3,1664,,true,1100,true,,,1,,,10/18/22
10158172,apartment,apartment,260000,forsale,8870,installed,2020,good,gas,47,2,,,,,true,,,,,,10/18/22
10158154,house,house,290000,forsale,7900,installed,2021,,gas,,3,515,true,,,,,,,2,1,10/18/22
10158153,house,bungalow,445000,forsale,1410,hyperequipped,1973,good,electric,555,2,681,true,,500,true,,,2,3,,10/18/22
10158149,apartment,flatstudio,59000,forsale,4000,notinstalled,,tobedoneup,,251,1,,,,,,,,,,,10/18/22
9641565,house,house,184000,forsale,2550,,,good,gas,,5,155,,true,,true,,,,1,,10/18/22
10121293,house,house,275000,forsale,1420,,,torenovate,fueloil,515,2,207,,,100,,true,,,,,10/18/22
10148729,apartment,duplex,349000,forsale,9070,usainstalled,2004,asnew,gas,114,4,,,true,,true,true,,1,,,10/18/22
10149600,apartment,apartment,375000,forsale,1081,installed,1969,torestore,gas,640,3,,,true,,true,true,,2,1,,10/18/22
10149386,apartment,apartment,415000,forsale,9000,installed,2019,asnew,gas,67,2,,,true,,true,,,1,,,10/18/22
10136912,apartment,apartment,279000,forsale,8380,,,tobedoneup,gas,147,2,,,true,,,,,,,,10/18/22
10137241,apartment,apartment,320000,forsale,8400,installed,,asnew,gas,,1,,,,,,,,,,,10/18/22
10136505,apartment,apartment,349000,forsale,1020,,1964,,,126,2,,,,,,,,,,,10/18/22
10136541,apartment,apartment,349000,forsale,8400,installed,,good,gas,,3,,,true,,true,,,1,,,10/18/22
10157649,apartment,apartment,592250,forsale,9000,hyperequipped,,asnew,,,2,,,,,true,,,,1,1,10/18/22
10157647,apartment,apartment,651630,forsale,9000,hyperequipped,,asnew,,,3,,,,,true,,,,1,1,10/18/22
10157648,apartment,penthouse,1225868,forsale,9000,hyperequipped,,asnew,,,3,,,,,true,,,,1,1,10/18/22
10156385,apartment,duplex,499000,forsale,1050,usahyperequipped,1920,asnew,gas,224,1,,,true,,,,,1,1,,10/18/22
10156386,apartment,duplex,499000,forsale,1180,usahyperequipped,1920,asnew,gas,224,1,,,true,,,,,1,1,,10/18/22
10156361,apartment,duplex,499000,forsale,1190,usahyperequipped,1920,asnew,gas,224,1,,,true,,,,,1,1,,10/18/22
10156383,apartment,apartment,729000,forsale,1050,usahyperequipped,1920,asnew,gas,231,2,,,true,,,,,1,1,,10/18/22
10156384,apartment,apartment,729000,forsale,1180,usahyperequipped,1920,asnew,gas,231,2,,,true,,,,,1,1,,10/18/22
10156362,apartment,apartment,729000,forsale,1190,usahyperequipped,1920,asnew,gas,231,2,,,true,,,,,1,1,,10/18/22
10142227,apartment,apartment,749000,forsale,8420,hyperequipped,,asnew,gas,186,2,,,,,true,,true,,,,10/18/22
10121740,apartment,apartment,119000,forsale,4100,installed,,good,gas,815,2,,,,,true,,,,1,,10/18/22
9898849,apartment,flatstudio,120000,forsale,1390,installed,,good,electric,957,1,,,,,,true,,,,,10/18/22
10126568,apartment,apartment,125000,forsale,2000,hyperequipped,,asnew,gas,87,1,,,,,true,,,,,,10/18/22
10028498,apartment,duplex,125000,forsale,8920,semiequipped,,tobedoneup,gas,420,5,,,true,,true,,,,,,10/18/22
10111576,apartment,apartment,125000,forsale,9120,,2002,,fueloil,232,1,,,true,,true,,,,,,10/18/22
10010899,apartment,apartment,129500,forsale,4030,installed,,tobedoneup,gas,708,1,,,true,,,,,,,,10/18/22
9941114,apartment,flatstudio,135000,forsale,1140,notinstalled,,tobedoneup,,710,0,,,,,true,,,,,,10/18/22
9985000,apartment,apartment,135000,forsale,8930,installed,,tobedoneup,gas,737,3,,,,,true,,,1,,,10/18/22
10120709,apartment,apartment,139000,forsale,4040,installed,,good,gas,341,2,,,true,232,,,,,,,10/18/22
10087891,apartment,apartment,139900,forsale,6800,usainstalled,2009,asnew,electric,207,1,,,true,,,,,,1,,10/18/22
9870502,apartment,apartment,140000,forsale,8900,installed,,good,gas,250,1,,,true,,,,,,,,10/18/22
10095162,apartment,apartment,147500,forsale,4020,semiequipped,,good,gas,432,2,,,,,,,,,,,10/18/22
9996815,apartment,apartment,147500,forsale,4020,installed,1938,good,gas,294,2,,,true,,true,,,,,,10/18/22
10158182,house,house,240000,forsale,5300,installed,,justrenovated,fueloil,299,2,300,true,true,,true,true,,1,2,,10/18/22
9625357,house,house,131000,forsale,2550,notinstalled,1930,,gas,371,3,1664,,true,1100,true,,,1,,,10/18/22
10158172,apartment,apartment,260000,forsale,8870,installed,2020,good,gas,47,2,,,,,true,,,,,,10/18/22
10158154,house,house,290000,forsale,7900,installed,2021,,gas,,3,515,true,,,,,,,2,1,10/18/22
10158153,house,bungalow,445000,forsale,1410,hyperequipped,1973,good,electric,555,2,681,true,,500,true,,,2,3,,10/18/22
10158149,apartment,flatstudio,59000,forsale,4000,notinstalled,,tobedoneup,,251,1,,,,,,,,,,,10/18/22
9641565,house,house,184000,forsale,2550,,,good,gas,,5,155,,true,,true,,,,1,,10/18/22
10121293,house,house,275000,forsale,1420,,,torenovate,fueloil,515,2,207,,,100,,true,,,,,10/18/22
10121742,apartment,apartment,149000,forsale,4100,installed,,good,gas,224,3,,,,,true,,,,1,,10/18/22
10054505,apartment,apartment,149000,forsale,6950,semiequipped,1968,good,,244,1,,,true,,true,,,,,,10/18/22
10006605,apartment,apartment,149000,forsale,8400,installed,,good,electric,324,1,,,,,,,,,,,10/18/22
10006606,apartment,apartment,149000,forsale,8400,installed,,good,electric,324,1,,,,,,,,,,,10/18/22
10029235,apartment,apartment,149000,forsale,8420,semiequipped,,tobedoneup,gas,131,2,,,,,,,,,1,,10/18/22
10118241,apartment,apartment,149000,forsale,9660,installed,,good,gas,387,2,,,,,true,,,1,,,10/18/22
10122588,apartment,apartment,155000,forsale,1030,notinstalled,1911,torenovate,,479,1,,,true,,true,,,,,,10/18/22
10111552,apartment,apartment,159000,forsale,2660,installed,,asnew,,276,2,,,,,true,,,,,,10/18/22
10084102,apartment,apartment,159000,forsale,8400,installed,,good,gas,95,2,,,,,true,,,,,,10/18/22
10057664,apartment,flatstudio,160000,forsale,1180,notinstalled,1971,tobedoneup,,188,0,,,true,,true,,,,,,10/18/22
9976777,apartment,apartment,165000,forsale,1020,usainstalled,1900,good,gas,209,1,,,,,,,,,,,10/18/22
8735530,apartment,flatstudio,165000,forsale,1050,semiequipped,1968,tobedoneup,electric,434,1,,,true,,,,,1,,,10/18/22
9935785,apartment,apartment,169500,forsale,8420,installed,,good,gas,114,2,,,,,,,,,1,,10/18/22
10015395,apartment,apartment,170000,forsale,8900,installed,,good,gas,270,1,,,,,,,,,,,10/18/22
9703810,apartment,apartment,175000,forsale,6600,installed,2021,,gas,82,1,,,,,,,,,,,10/18/22
9609040,apartment,groundfloor,175000,forsale,7100,installed,2005,good,gas,170,2,,,true,,true,,,1,1,,10/18/22
10043724,apartment,apartment,175000,forsale,9120,installed,,good,gas,452,2,,,,,true,,,1,,,10/18/22
10120316,apartment,flatstudio,179000,forsale,1050,,1964,asnew,,233,0,,,true,,,,,,,,10/18/22
10091863,apartment,apartment,179000,forsale,8420,installed,,good,electric,404,2,,,,,true,,,,,,10/18/22
9940517,apartment,apartment,179000,forsale,9200,semiequipped,1995,good,gas,119,2,,,,,,,,,1,,10/18/22
9930458,apartment,apartment,179000,forsale,9200,semiequipped,1995,good,gas,123,2,,,,,,,,,1,,10/18/22
9929001,apartment,apartment,179000,forsale,9200,semiequipped,1995,good,gas,119,2,,,,,,,,,1,,10/18/22
9581624,apartment,apartment,189000,forsale,1020,installed,1969,tobedoneup,gas,227,2,,,true,,true,,,,,,10/18/22
10110871,apartment,apartment,189000,forsale,8400,hyperequipped,,good,gas,373,2,,,,,true,,,,,,10/18/22
9902591,apartment,apartment,192000,forsale,8540,installed,,good,gas,50,2,,,,,true,,,,,,10/18/22
10124637,apartment,flatstudio,198000,forsale,1000,usainstalled,,asnew,gas,178,1,,,true,,true,,,,,,10/18/22
10059016,apartment,apartment,199000,forsale,1030,usainstalled,1915,torenovate,,213,1,,,,,,,,,,,10/18/22
10112428,apartment,flatstudio,199000,forsale,1190,semiequipped,2000,good,gas,267,1,,,true,,,,,,,,10/18/22
10037240,apartment,serviceflat,199000,forsale,1800,usainstalled,2005,good,gas,168,1,,,true,,true,,,,,,10/18/22
10158182,house,house,240000,forsale,5300,installed,,justrenovated,fueloil,299,2,300,true,true,,true,true,,1,2,,10/18/22
9625357,house,house,131000,forsale,2550,notinstalled,1930,,gas,371,3,1664,,true,1100,true,,,1,,,10/18/22
10158172,apartment,apartment,260000,forsale,8870,installed,2020,good,gas,47,2,,,,,true,,,,,,10/18/22
10158154,house,house,290000,forsale,7900,installed,2021,,gas,,3,515,true,,,,,,,2,1,10/18/22
10158153,house,bungalow,445000,forsale,1410,hyperequipped,1973,good,electric,555,2,681,true,,500,true,,,2,3,,10/18/22
10158149,apartment,flatstudio,59000,forsale,4000,notinstalled,,tobedoneup,,251,1,,,,,,,,,,,10/18/22
9641565,house,house,184000,forsale,2550,,,good,gas,,5,155,,true,,true,,,,1,,10/18/22
10121293,house,house,275000,forsale,1420,,,torenovate,fueloil,515,2,207,,,100,,true,,,,,10/18/22
10078872,apartment,apartment,199000,forsale,4460,installed,,asnew,fueloil,482,2,,,true,180,,,,1,,,10/18/22
10045948,apartment,apartment,205000,forsale,8660,hyperequipped,,asnew,gas,243,2,,,true,,true,,,,,,10/18/22
9819062,apartment,apartment,208000,forsale,1190,hyperequipped,1960,,gas,378,1,,,,,,,,,,,10/18/22
10128803,apartment,apartment,209000,forsale,7640,installed,,,gas,118,1,,,true,,,,,,1,,10/18/22
10061760,apartment,apartment,210000,forsale,1190,installed,1962,tobedoneup,gas,209,2,,,true,,true,,,,,,10/18/22
10121690,apartment,apartment,210000,forsale,1480,installed,1996,good,electric,180,2,,,,,true,,,1,,,10/18/22
9622976,apartment,apartment,215000,forsale,1081,notinstalled,1956,torenovate,gas,179,2,,,,,true,,,,,,10/18/22
10057460,apartment,apartment,215000,forsale,1300,installed,1976,tobedoneup,gas,222,2,,,true,,true,,,,,,10/18/22
10017288,apartment,apartment,215000,forsale,8400,hyperequipped,,asnew,gas,186,3,,,,,,,,,,,10/18/22
9752515,apartment,apartment,219000,forsale,1040,installed,,good,gas,484,1,,,,,,,,,,,10/18/22
10048880,apartment,apartment,220000,forsale,5100,usainstalled,2005,asnew,electric,218,2,,,,,,,,,,,10/18/22
9871151,apartment,apartment,225000,forsale,1210,installed,,good,gas,194,1,,,,,,,,1,,,10/18/22
9643898,apartment,apartment,225000,forsale,1300,semiequipped,1976,good,gas,93,2,,,true,,true,,,1,,,10/18/22
10038363,apartment,apartment,225000,forsale,6700,installed,,good,,303,2,,,true,,,,,,,,10/18/22
10083520,apartment,apartment,225000,forsale,7890,,2008,,gas,242,2,,,true,,true,,,1,,,10/18/22
10110165,apartment,apartment,229000,forsale,2050,installed,,good,gas,128,2,,,true,,true,,,,,,10/18/22
10120360,apartment,apartment,229000,forsale,2660,,2007,asnew,,163,2,,,true,,true,,,,,,10/18/22
10089320,apartment,apartment,229000,forsale,3130,semiequipped,1989,,electric,406,2,,,,,true,,,,,,10/18/22
10039396,apartment,apartment,229500,forsale,1200,notinstalled,,justrenovated,,144,1,,,true,,true,,,,,,10/18/22
10009463,apartment,apartment,230000,forsale,1140,notinstalled,1966,tobedoneup,gas,186,2,,,true,,true,,,,1,,10/18/22
9850616,apartment,groundfloor,235000,forsale,1020,installed,1947,good,,298,2,,,,,,,,,,,10/18/22
10101406,apartment,apartment,239000,forsale,4030,installed,,good,gas,184,2,,,,,true,,,,,,10/18/22
10100237,apartment,duplex,239000,forsale,4500,installed,,asnew,gas,408,2,,,,,true,true,,,,,10/18/22
10001855,apartment,flatstudio,240000,forsale,1082,installed,1961,good,gas,265,2,,,true,224,true,,,,,,10/18/22
9500203,apartment,apartment,240000,forsale,1090,usasemiequipped,1948,tobedoneup,gas,524,2,,,true,,,true,,1,,,10/18/22
10115743,apartment,apartment,245000,forsale,1070,usasemiequipped,,asnew,gas,114,1,,,true,,true,,,,1,,10/18/22
10053981,apartment,apartment,249000,forsale,1030,installed,1981,good,gas,318,2,,,true,,true,,,,,,10/18/22
10122209,apartment,apartment,249000,forsale,2050,installed,,good,gas,238,4,,,,,true,,,,,,10/18/22
10054614,apartment,apartment,249000,forsale,2070,installed,,good,electric,366,2,,,,,true,,,,,,10/18/22
9677978,apartment,apartment,250000,forsale,8670,hyperequipped,,asnew,gas,67.3,1,,,,,,,,,1,,10/18/22
10158182,house,house,240000,forsale,5300,installed,,justrenovated,fueloil,299,2,300,true,true,,true,true,,1,2,,10/18/22
9625357,house,house,131000,forsale,2550,notinstalled,1930,,gas,371,3,1664,,true,1100,true,,,1,,,10/18/22
10158172,apartment,apartment,260000,forsale,8870,installed,2020,good,gas,47,2,,,,,true,,,,,,10/18/22
10158154,house,house,290000,forsale,7900,installed,2021,,gas,,3,515,true,,,,,,,2,1,10/18/22
10158153,house,bungalow,445000,forsale,1410,hyperequipped,1973,good,electric,555,2,681,true,,500,true,,,2,3,,10/18/22
10158149,apartment,flatstudio,59000,forsale,4000,notinstalled,,tobedoneup,,251,1,,,,,,,,,,,10/18/22
9641565,house,house,184000,forsale,2550,,,good,gas,,5,155,,true,,true,,,,1,,10/18/22
10121293,house,house,275000,forsale,1420,,,torenovate,fueloil,515,2,207,,,100,,true,,,,,10/18/22
10078928,apartment,apartment,254000,forsale,1090,installed,1968,good,gas,150,2,,,true,,true,,,,,,10/18/22
10034511,apartment,apartment,259000,forsale,2640,installed,,good,gas,181,3,,,true,,true,,,,,,10/18/22
9996231,apartment,apartment,259000,forsale,8000,hyperequipped,,good,gas,257,2,,,,,,,,,,,10/18/22
10094587,apartment,apartment,262500,forsale,4500,installed,2020,,,65,2,,,true,,true,,,1,,,10/18/22
10068388,apartment,apartment,265000,forsale,1300,usainstalled,1960,good,gas,241,3,,,,,true,,,1,,,10/18/22
10049006,apartment,apartment,268000,forsale,1800,usainstalled,2007,asnew,,126,2,,,,,true,,,,,,10/18/22
9979003,apartment,apartment,275000,forsale,1030,semiequipped,1938,tobedoneup,gas,300,2,,,true,,true,,,,,,10/18/22
9776698,apartment,apartment,275000,forsale,8500,hyperequipped,,asnew,gas,129,3,,,true,,true,,,,,,10/18/22
9441605,apartment,apartment,279000,forsale,1652,installed,2017,good,gas,99,1,,,,,,,,,,,10/18/22
10043680,apartment,apartment,279000,forsale,2000,hyperequipped,,asnew,gas,145,1,,,true,,true,,,,,,10/18/22
9602480,apartment,apartment,279000,forsale,9220,installed,,justrenovated,gas,191,2,,,,,true,,,1,,,10/18/22
9857598,apartment,apartment,279000,forsale,9810,usainstalled,1991,good,electric,257,3,,,,,true,,,1,,,10/18/22
10094586,apartment,apartment,284500,forsale,4500,installed,2020,,,65,3,,,true,,true,,,1,,,10/18/22
10112519,apartment,apartment,285000,forsale,1060,usahyperequipped,,asnew,gas,193,2,,,,,true,,,,,,10/18/22
10091623,apartment,apartment,285000,forsale,1180,installed,1966,tobedoneup,gas,579,2,,,true,,true,,,,,,10/18/22
10116344,apartment,penthouse,285000,forsale,1200,usahyperequipped,1963,asnew,gas,649,2,,,true,,true,,,,,,10/18/22
9729177,apartment,apartment,289000,forsale,1000,usahyperequipped,,asnew,gas,225,2,,,true,,,,,,,,10/18/22
10097346,apartment,apartment,290000,forsale,9620,hyperequipped,,asnew,gas,86.62,2,,,,,true,,,1,,,10/18/22
10117963,apartment,apartment,295000,forsale,1140,installed,,good,electric,549,2,,,,,,,,,,,10/18/22
10102621,apartment,apartment,295500,forsale,2050,hyperequipped,,asnew,gas,87,2,,,true,,true,,,,,,10/18/22
10050143,apartment,apartment,297500,forsale,2050,hyperequipped,,asnew,gas,87,2,,,true,,true,,,,,,10/18/22
10104037,apartment,apartment,298000,forsale,6790,,1941,,fueloil,286,4,,,,,,,,,,,10/18/22
10119980,apartment,apartment,299000,forsale,1060,usainstalled,1930,good,,214,1,,,,,true,true,,,,,10/18/22
10115380,apartment,duplex,299000,forsale,2840,installed,,good,gas,330,3,,,true,,true,,,,,,10/18/22
10065917,apartment,duplex,299000,forsale,4577,installed,,good,gas,79,3,,,,,,,,,,,10/18/22
10095087,apartment,duplex,299000,forsale,9100,usainstalled,2003,tobedoneup,gas,182,3,,,true,,true,,,,,,10/18/22
10102623,apartment,apartment,299500,forsale,2050,hyperequipped,,asnew,gas,107,2,,,true,,true,,,,,,10/18/22
10103524,apartment,apartment,300000,forsale,1000,installed,1964,asnew,gas,153,2,,,,,true,,,,,,10/18/22
9869840,apartment,apartment,300000,forsale,1180,installed,1969,torenovate,gas,250,3,,,true,,true,,,1,1,,10/18/22
10103525,apartment,apartment,300000,forsale,1210,installed,1964,asnew,gas,153,2,,,,,true,,,,,,10/18/22
10158182,house,house,240000,forsale,5300,installed,,justrenovated,fueloil,299,2,300,true,true,,true,true,,1,2,,10/18/22
9625357,house,house,131000,forsale,2550,notinstalled,1930,,gas,371,3,1664,,true,1100,true,,,1,,,10/18/22
10158172,apartment,apartment,260000,forsale,8870,installed,2020,good,gas,47,2,,,,,true,,,,,,10/18/22
10158154,house,house,290000,forsale,7900,installed,2021,,gas,,3,515,true,,,,,,,2,1,10/18/22
10158153,house,bungalow,445000,forsale,1410,hyperequipped,1973,good,electric,555,2,681,true,,500,true,,,2,3,,10/18/22
10158149,apartment,flatstudio,59000,forsale,4000,notinstalled,,tobedoneup,,251,1,,,,,,,,,,,10/18/22
9641565,house,house,184000,forsale,2550,,,good,gas,,5,155,,true,,true,,,,1,,10/18/22
10121293,house,house,275000,forsale,1420,,,torenovate,fueloil,515,2,207,,,100,,true,,,,,10/18/22
10100037,apartment,apartment,300000,forsale,9000,installed,,good,gas,128,1,,,true,,true,,,1,,,10/18/22
9709155,apartment,flatstudio,308000,forsale,1050,usahyperequipped,2020,asnew,gas,115,0,,,,,,,,,,,10/18/22
10088407,apartment,apartment,315000,forsale,8310,installed,,good,gas,236,2,,,,,true,,,,1,,10/18/22
10118166,apartment,duplex,317000,forsale,2060,hyperequipped,,asnew,gas,129,2,,,true,,true,,,,,,10/18/22
9673138,apartment,penthouse,319000,forsale,2160,hyperequipped,2018,,,41,2,,,true,,true,,,,,,10/18/22
10104088,apartment,apartment,320000,forsale,1040,hyperequipped,,asnew,gas,116,1,,,true,,true,,,,,,10/18/22
10084724,apartment,apartment,320000,forsale,1180,installed,1977,good,gas,265,3,,,true,,true,,,,,,10/18/22
9994511,apartment,duplex,325000,forsale,1300,installed,1992,torenovate,gas,161,3,,,true,,true,,,1,,,10/18/22
9997021,apartment,apartment,325000,forsale,1560,installed,2014,good,gas,136,2,,,,,true,,,1,,,10/18/22
10017688,apartment,penthouse,325000,forsale,2000,hyperequipped,,asnew,gas,117,2,,,true,,true,,,,,,10/18/22
10121525,apartment,apartment,325000,forsale,2018,hyperequipped,,asnew,gas,72,2,,,,,,,,,,,10/18/22
9939790,apartment,duplex,329000,forsale,9100,usainstalled,2003,tobedoneup,gas,182,3,,,true,,true,,,4,,,10/18/22
10071871,apartment,apartment,335000,forsale,1050,usahyperequipped,1954,asnew,fueloil,432,2,,,,,true,,,,,,10/18/22
10115930,apartment,apartment,335000,forsale,1780,installed,2008,good,electric,644,2,,,,,true,,,1,,,10/18/22
10112537,apartment,duplex,339000,forsale,1030,usahyperequipped,1930,good,gas,169,2,,,,,true,true,,,,,10/18/22
9483400,apartment,apartment,345000,forsale,1030,installed,1955,good,fueloil,211,3,,,true,,,,,,,,10/18/22
9462418,apartment,apartment,345000,forsale,1030,installed,1955,good,fueloil,211,2,,,true,,,,,,,,10/18/22
9548219,apartment,penthouse,345000,forsale,1040,hyperequipped,1958,asnew,fueloil,247,1,,,true,,true,,,1,,,10/18/22
9805300,apartment,serviceflat,350000,forsale,1180,usahyperequipped,2010,asnew,electric,443,2,,,true,,true,,,1,,,10/18/22
10060575,apartment,apartment,350000,forsale,1200,hyperequipped,1977,asnew,gas,201,2,,,true,,,,,1,,,10/18/22
10102287,apartment,apartment,360000,forsale,1348,semiequipped,2008,asnew,gas,95,2,,,true,,true,,,1,,,10/18/22
10041781,apartment,serviceflat,365000,forsale,9000,hyperequipped,2017,asnew,,77.22,2,,,,,true,,,,,,10/18/22
10123708,apartment,apartment,375000,forsale,1000,installed,1960,good,gas,302,2,,,,,true,,,,,,10/18/22
10105980,apartment,penthouse,375000,forsale,1490,usahyperequipped,2017,asnew,gas,65,3,,,true,,true,,,,2,,10/18/22
10025145,apartment,triplex,375000,forsale,1933,hyperequipped,1899,,,179,2,,,,,true,,,,,,10/18/22
10055010,apartment,apartment,379000,forsale,8300,installed,2010,good,gas,203,2,,,,,,,,,,,10/18/22
10067082,apartment,apartment,389000,forsale,9130,installed,2016,asnew,,73.09,2,,,,460,true,,,,1,,10/18/22
10085081,apartment,apartment,390000,forsale,8000,hyperequipped,,asnew,gas,178,2,,,,,true,,,1,,,10/18/22
10072486,apartment,apartment,395000,forsale,1300,installed,1990,good,gas,103,3,,,true,,true,true,,2,,,10/18/22
10006126,apartment,apartment,398000,forsale,2500,hyperequipped,,asnew,gas,90.49,3,,,,,true,,,,,,10/18/22
10158182,house,house,240000,forsale,5300,installed,,justrenovated,fueloil,299,2,300,true,true,,true,true,,1,2,,10/18/22
9625357,house,house,131000,forsale,2550,notinstalled,1930,,gas,371,3,1664,,true,1100,true,,,1,,,10/18/22
10158172,apartment,apartment,260000,forsale,8870,installed,2020,good,gas,47,2,,,,,true,,,,,,10/18/22
10158154,house,house,290000,forsale,7900,installed,2021,,gas,,3,515,true,,,,,,,2,1,10/18/22
10158153,house,bungalow,445000,forsale,1410,hyperequipped,1973,good,electric,555,2,681,true,,500,true,,,2,3,,10/18/22
10158149,apartment,flatstudio,59000,forsale,4000,notinstalled,,tobedoneup,,251,1,,,,,,,,,,,10/18/22
9641565,house,house,184000,forsale,2550,,,good,gas,,5,155,,true,,true,,,,1,,10/18/22
10121293,house,house,275000,forsale,1420,,,torenovate,fueloil,515,2,207,,,100,,true,,,,,10/18/22
10101841,apartment,apartment,410000,forsale,1150,installed,1965,tobedoneup,gas,351,2,,,true,,true,true,,,,,10/18/22
10065966,apartment,apartment,420000,forsale,1180,,1985,,,150,2,,,,,true,,,1,1,,10/18/22
10114685,apartment,apartment,425000,forsale,1200,usahyperequipped,1975,good,gas,127,2,,,true,,true,,,,,,10/18/22
10013373,apartment,apartment,425000,forsale,2000,hyperequipped,,asnew,gas,51,1,,,,,true,,,,,,10/18/22
10108513,apartment,apartment,430000,forsale,1050,hyperequipped,1963,good,fueloil,232,2,,,,,true,,,,,,10/18/22
9606125,apartment,apartment,430000,forsale,1200,installed,2002,justrenovated,gas,132,2,,,true,,true,,,1,,,10/18/22
10093337,apartment,apartment,445000,forsale,1180,hyperequipped,1976,torenovate,gas,311,3,,,true,,true,,,1,,,10/18/22
10010587,apartment,apartment,450000,forsale,1000,notinstalled,1969,tobedoneup,fueloil,201,3,,,true,,true,,,,,,10/18/22
9966361,apartment,duplex,450000,forsale,1030,hyperequipped,1955,asnew,fueloil,245,3,,,true,,true,true,,,,,10/18/22
9966355,apartment,duplex,450000,forsale,1200,hyperequipped,1955,asnew,fueloil,245,3,,,true,,true,true,,,,,10/18/22
10086608,apartment,duplex,450000,forsale,8750,hyperequipped,,good,gas,123,3,,,true,120,true,,,,,,10/18/22
9983247,apartment,apartment,459000,forsale,1200,hyperequipped,1963,asnew,fueloil,246,3,,,,,true,,,,,,10/18/22
10090098,apartment,apartment,465000,forsale,1140,hyperequipped,2003,good,gas,119,3,,,,,true,,,2,2,,10/18/22
10017333,apartment,apartment,465000,forsale,1160,hyperequipped,2018,asnew,gas,86,2,,,true,,true,,,,,,10/18/22
9894789,apartment,apartment,469000,forsale,9230,installed,,good,gas,274,4,,,true,,true,,,1,,,10/18/22
10047181,apartment,apartment,469000,forsale,9600,installed,1930,good,gas,271,8,,,,,true,true,,1,1,,10/18/22
10111251,apartment,duplex,474000,forsale,2800,installed,1975,asnew,gas,234,3,,,true,,true,true,,,,,10/18/22
10093319,apartment,apartment,475000,forsale,1300,installed,2013,asnew,gas,129,3,,,true,,true,true,,2,,,10/18/22
9973231,apartment,apartment,476000,forsale,1000,usahyperequipped,1920,asnew,gas,164,2,,,true,,,,,,,,10/18/22
9973230,apartment,apartment,476000,forsale,1070,usahyperequipped,1920,asnew,gas,164,2,,,true,,,,,,,,10/18/22
10077227,apartment,loft,495000,forsale,1000,hyperequipped,,asnew,gas,144,2,,,true,,true,,,,,,10/18/22
10010296,apartment,apartment,495000,forsale,1160,installed,2001,asnew,gas,150,2,,,true,,true,,,2,2,,10/18/22
10077226,apartment,loft,495000,forsale,1780,hyperequipped,,asnew,gas,144,2,,,true,,true,,,,,,10/18/22
9582211,apartment,apartment,499000,forsale,1150,hyperequipped,1968,asnew,fueloil,257,2,,,true,,true,,,,,,10/18/22
9399420,apartment,duplex,510000,forsale,1040,hyperequipped,1996,asnew,gas,105,3,,,true,,,,,2,2,,10/18/22
10128660,apartment,apartment,520000,forsale,1000,semiequipped,1969,tobedoneup,gas,275,3,,,true,,true,,,1,,,10/18/22
10128672,apartment,apartment,520000,forsale,1040,semiequipped,1969,tobedoneup,gas,275,3,,,true,,true,,,1,,,10/18/22
9955914,apartment,triplex,530000,forsale,1050,hyperequipped,1871,asnew,,495,2,,,,,,,,,,,10/18/22
9920606,apartment,penthouse,530000,forsale,1150,hyperequipped,1980,torenovate,gas,152,2,,,true,,true,,,1,,,10/18/22
10128892,apartment,apartment,530000,forsale,1180,installed,1983,asnew,gas,180,3,,,true,,true,,,1,1,,10/18/22
10158182,house,house,240000,forsale,5300,installed,,justrenovated,fueloil,299,2,300,true,true,,true,true,,1,2,,10/18/22
9625357,house,house,131000,forsale,2550,notinstalled,1930,,gas,371,3,1664,,true,1100,true,,,1,,,10/18/22
10158172,apartment,apartment,260000,forsale,8870,installed,2020,good,gas,47,2,,,,,true,,,,,,10/18/22
10158154,house,house,290000,forsale,7900,installed,2021,,gas,,3,515,true,,,,,,,2,1,10/18/22
10158153,house,bungalow,445000,forsale,1410,hyperequipped,1973,good,electric,555,2,681,true,,500,true,,,2,3,,10/18/22
10158149,apartment,flatstudio,59000,forsale,4000,notinstalled,,tobedoneup,,251,1,,,,,,,,,,,10/18/22
9641565,house,house,184000,forsale,2550,,,good,gas,,5,155,,true,,true,,,,1,,10/18/22
10121293,house,house,275000,forsale,1420,,,torenovate,fueloil,515,2,207,,,100,,true,,,,,10/18/22
10064890,apartment,apartment,549000,forsale,1180,usahyperequipped,1937,good,fueloil,260,3,,,true,,true,,,1,1,,10/18/22
9923437,apartment,apartment,549000,forsale,6838,installed,,good,pellet,252,9,,,true,,true,,,,4,,10/18/22
10109652,apartment,apartment,565000,forsale,1000,usahyperequipped,2009,asnew,gas,93,2,,,true,,true,,,,1,,10/18/22
10108046,apartment,groundfloor,565000,forsale,1040,usahyperequipped,2015,asnew,,164,3,,,true,200,true,,,1,1,,10/18/22
9953270,apartment,apartment,570000,forsale,1000,hyperequipped,1929,good,fueloil,233,3,,,true,,,,,,,,10/18/22
10018580,apartment,apartment,579000,forsale,1170,hyperequipped,,asnew,,454,3,,,true,,true,,,1,1,,10/18/22
10051959,apartment,apartment,589000,forsale,1080,installed,1925,asnew,gas,315,4,,,true,35,true,,,,,,10/18/22
10051958,apartment,apartment,589000,forsale,1081,installed,1925,asnew,gas,315,4,,,true,35,true,,,,,,10/18/22
10123432,apartment,apartment,590000,forsale,1030,hyperequipped,1933,asnew,gas,239,3,,,true,,true,,,,,,10/18/22
9984218,apartment,penthouse,590000,forsale,1780,hyperequipped,,asnew,gas,132,3,,,true,,true,,,,,,10/18/22
9956968,apartment,apartment,595000,forsale,1000,hyperequipped,1953,asnew,gas,263,2,,,true,,true,true,,1,,,10/18/22
9958555,apartment,apartment,595000,forsale,1050,hyperequipped,1953,asnew,gas,263,2,,,true,,true,true,,1,,,10/18/22
10014867,apartment,apartment,595000,forsale,1180,hyperequipped,2004,asnew,gas,97,3,,,true,,true,,,,1,,10/18/22
9651882,apartment,apartment,597000,forsale,8430,installed,1998,good,,187,4,,,true,,true,,,2,,,10/18/22
10010250,apartment,apartment,599500,forsale,8300,installed,,justrenovated,gas,181,2,,,,,,,,,,,10/18/22
9944256,apartment,apartment,645000,forsale,1000,usasemiequipped,1960,good,gas,157,3,,,true,,true,,,1,,,10/18/22
9945883,apartment,apartment,645000,forsale,1040,usasemiequipped,1960,good,gas,157,3,,,true,,true,,,1,,,10/18/22
10125005,apartment,loft,645000,forsale,1070,hyperequipped,,asnew,gas,446,4,,,true,,true,,,,,,10/18/22
10103923,apartment,loft,645000,forsale,2000,installed,,good,gas,135,2,,,,,true,,,,,,10/18/22
9280593,apartment,duplex,648000,forsale,1200,hyperequipped,2006,asnew,gas,123,3,,,true,,true,,,,2,,10/18/22
10010040,apartment,apartment,650000,forsale,1150,hyperequipped,1992,asnew,gas,150,3,,,true,,true,,,,1,,10/18/22
10129481,apartment,apartment,650000,forsale,1180,hyperequipped,1974,tobedoneup,electric,280,4,,,true,,true,,,2,2,,10/18/22
10119656,apartment,apartment,655000,forsale,1180,hyperequipped,1962,asnew,gas,195,3,,,true,,true,true,,,2,,10/18/22
10058418,apartment,apartment,679000,forsale,1160,hyperequipped,2022,,gas,30,3,,,true,,true,,,,,,10/18/22
10071927,apartment,penthouse,680000,forsale,1180,installed,1990,asnew,gas,213,3,,,true,,,,true,1,1,,10/18/22
10112038,apartment,apartment,690000,forsale,1050,hyperequipped,2018,asnew,gas,131,1,,,,,true,,,,1,,10/18/22
10085801,apartment,apartment,695000,forsale,1180,installed,1974,torenovate,gas,340,4,,,true,,true,,,2,,,10/18/22
10066991,apartment,apartment,695000,forsale,1180,usahyperequipped,2016,asnew,gas,51,3,,,true,,true,,,,1,,10/18/22
9999978,apartment,apartment,699000,forsale,1150,hyperequipped,1976,asnew,electric,525,3,,,true,,true,,,,2,,10/18/22
10080291,apartment,penthouse,699000,forsale,1200,hyperequipped,2000,asnew,gas,190,3,,,true,600,true,true,,2,2,,10/18/22
10158182,house,house,240000,forsale,5300,installed,,justrenovated,fueloil,299,2,300,true,true,,true,true,,1,2,,10/18/22
9625357,house,house,131000,forsale,2550,notinstalled,1930,,gas,371,3,1664,,true,1100,true,,,1,,,10/18/22
10158172,apartment,apartment,260000,forsale,8870,installed,2020,good,gas,47,2,,,,,true,,,,,,10/18/22
10158154,house,house,290000,forsale,7900,installed,2021,,gas,,3,515,true,,,,,,,2,1,10/18/22
10158153,house,bungalow,445000,forsale,1410,hyperequipped,1973,good,electric,555,2,681,true,,500,true,,,2,3,,10/18/22
10158149,apartment,flatstudio,59000,forsale,4000,notinstalled,,tobedoneup,,251,1,,,,,,,,,,,10/18/22
9641565,house,house,184000,forsale,2550,,,good,gas,,5,155,,true,,true,,,,1,,10/18/22
10121293,house,house,275000,forsale,1420,,,torenovate,fueloil,515,2,207,,,100,,true,,,,,10/18/22
10115055,apartment,apartment,710000,forsale,1180,usainstalled,2024,asnew,,44,3,,,true,,true,,,,,,10/18/22
10126567,apartment,apartment,750000,forsale,2000,hyperequipped,,good,gas,87,6,,,,,,,,,,,10/18/22
9872257,apartment,apartment,765000,forsale,1000,usahyperequipped,1930,asnew,gas,264,3,,,true,,,,,,,,10/18/22
10099087,apartment,penthouse,795000,forsale,1150,installed,1992,tobedoneup,gas,224,5,,,true,,true,,,2,,,10/18/22
9670340,apartment,apartment,799000,forsale,1000,usahyperequipped,2001,good,gas,146,3,,,true,,true,,true,,1,,10/18/22
10102088,apartment,loft,825000,forsale,2110,hyperequipped,,asnew,gas,268,3,,,true,,true,,,1,,,10/18/22
10014874,apartment,penthouse,850000,forsale,1040,hyperequipped,,justrenovated,,151,2,,,true,,true,,,35,35,,10/18/22
10019118,apartment,apartment,860000,forsale,1050,hyperequipped,2000,good,gas,123,3,,,true,,true,,,1,,,10/18/22
10011218,apartment,groundfloor,885000,forsale,8300,hyperequipped,1974,asnew,gas,324,2,,,,,true,,,1,,,10/18/22
9938605,apartment,apartment,885000,forsale,8300,usahyperequipped,1972,good,gas,237,2,,,,,true,,,,,,10/18/22
9838993,apartment,apartment,890000,forsale,1030,usahyperequipped,1947,tobedoneup,fueloil,174,3,,,true,,,true,,1,,,10/18/22
9945287,apartment,penthouse,890000,forsale,1200,usahyperequipped,2015,asnew,gas,96,4,,,,,true,,,,,,10/18/22
10116212,apartment,apartment,895000,forsale,1180,installed,1976,good,gas,168,3,,,true,,true,true,,,2,,10/18/22
9910198,apartment,penthouse,895000,forsale,1380,installed,2006,good,gas,260,3,,,true,,true,true,,1,1,,10/18/22
10120999,apartment,loft,975000,forsale,2110,hyperequipped,,asnew,gas,268,3,,,true,,true,,,1,,,10/18/22
10129416,apartment,apartment,995000,forsale,1150,hyperequipped,2006,asnew,gas,111,3,,,true,,true,,,,,,10/18/22
10125922,apartment,apartment,1075000,forsale,1040,hyperequipped,,justrenovated,,151,3,,,true,,true,,,35,35,,10/18/22
9885032,apartment,apartment,1090000,forsale,1050,hyperequipped,1935,asnew,gas,229,3,,,true,,true,true,,2,,,10/18/22
10052591,apartment,penthouse,1150000,forsale,8670,hyperequipped,,asnew,gas,103,2,,,true,,true,,,,,,10/18/22
10092958,apartment,apartment,1160000,forsale,2000,usahyperequipped,1996,good,gas,118,3,,,,,true,true,,1,1,,10/18/22
10121592,apartment,penthouse,1300000,forsale,1150,hyperequipped,1990,asnew,gas,112,5,,,true,,true,true,,1,2,,10/18/22
10126519,apartment,apartment,1350000,forsale,2000,hyperequipped,,asnew,gas,87,11,,,,,true,,,,,,10/18/22
10094898,apartment,apartment,1500000,forsale,1050,usauninstalled,1923,asnew,gas,214,3,,,true,,,,,1,,,10/18/22
10102082,apartment,penthouse,1950000,forsale,1050,hyperequipped,2018,asnew,gas,107,2,,,true,,true,true,,,1,,10/18/22
9881247,apartment,penthouse,1995000,forsale,1180,hyperequipped,,asnew,,108,3,,,true,,true,,,2,2,,10/18/22
9320747,apartment,apartment,2250000,forsale,1000,hyperequipped,1930,asnew,gas,143,5,,,true,,true,true,,4,,,10/18/22
10012566,apartment,duplex,3995000,forsale,8300,usahyperequipped,2002,asnew,,351,4,,,true,250,true,,true,1,,,10/18/22
9502819,apartment,apartment,4600000,forsale,8300,hyperequipped,2011,asnew,gas,94.69,3,,,,,true,,,,,,10/18/22
9403328,apartment,groundfloor,4950000,forsale,8300,usahyperequipped,1969,good,gas,185,4,,,,,true,,,,2,,10/18/22
10146093,apartment,apartment,224500,forsale,2840,semiequipped,,justrenovated,gas,164,2,,,true,,true,,,,,,10/18/22
10158182,house,house,240000,forsale,5300,installed,,justrenovated,fueloil,299,2,300,true,true,,true,true,,1,2,,10/18/22
9625357,house,house,131000,forsale,2550,notinstalled,1930,,gas,371,3,1664,,true,1100,true,,,1,,,10/18/22
10158172,apartment,apartment,260000,forsale,8870,installed,2020,good,gas,47,2,,,,,true,,,,,,10/18/22
10158154,house,house,290000,forsale,7900,installed,2021,,gas,,3,515,true,,,,,,,2,1,10/18/22
10158153,house,bungalow,445000,forsale,1410,hyperequipped,1973,good,electric,555,2,681,true,,500,true,,,2,3,,10/18/22
10158149,apartment,flatstudio,59000,forsale,4000,notinstalled,,tobedoneup,,251,1,,,,,,,,,,,10/18/22
9641565,house,house,184000,forsale,2550,,,good,gas,,5,155,,true,,true,,,,1,,10/18/22
10121293,house,house,275000,forsale,1420,,,torenovate,fueloil,515,2,207,,,100,,true,,,,,10/18/22
10147447,apartment,apartment,159000,forsale,1800,semiequipped,1978,good,gas,594,1,,,,,,,,,,,10/18/22
10137271,apartment,apartment,195000,forsale,4430,installed,1970,asnew,fueloil,193,2,,,true,,true,,,1,,,10/18/22
10147417,apartment,apartment,195000,forsale,5100,installed,1972,tobedoneup,fueloil,359,2,,,true,,true,,,1,,,10/18/22
10148140,apartment,apartment,239000,forsale,1800,semiequipped,1959,good,gas,355,1,,,,,,,,2,,,10/18/22
10148179,apartment,apartment,260000,forsale,9100,,1968,,gas,286,2,,,,,,,,,,,10/18/22
10100730,apartment,apartment,420000,forsale,1190,hyperequipped,1957,,gas,160,3,,,true,,true,,,,,,10/18/22
9947828,apartment,apartment,580000,forsale,8370,installed,2019,,gas,,2,,,,,true,,,,,,10/18/22
9947830,apartment,apartment,990000,forsale,8370,installed,2019,,gas,,2,,,,,true,,,,,,10/18/22
10147030,apartment,apartment,1495000,forsale,8300,hyperequipped,1967,justrenovated,gas,244,3,,,true,,true,,,,,,10/18/22
10134189,apartment,apartment,139000,forsale,6767,installed,,tobedoneup,pellet,262,3,,,,,true,,,,,,10/18/22
10134504,apartment,apartment,295000,forsale,8500,installed,2013,asnew,gas,,2,,,true,20,true,,,1,,,10/18/22
10135273,apartment,apartment,390000,forsale,1340,hyperequipped,2003,,gas,154,2,,,true,,true,,,1,,,10/18/22
10157022,apartment,apartment,405000,forsale,9810,hyperequipped,2023,,,,3,,,,36,true,,,41,,1,10/18/22
10152366,apartment,groundfloor,445000,forsale,1325,,2021,,gas,45,3,,,,64,true,,,,2,,10/18/22
9767816,apartment,apartment,199000,forsale,2300,usainstalled,2020,,gas,,1,,,true,,,,,,,1,10/18/22
9813415,apartment,apartment,208000,forsale,5100,usahyperequipped,2022,asnew,gas,84,1,,,true,,true,,,,,1,10/18/22
9817039,apartment,serviceflat,270000,forsale,1930,usahyperequipped,,asnew,,98.25,1,,,,,true,,,,,1,10/18/22
10084872,apartment,groundfloor,275000,forsale,9890,hyperequipped,2021,asnew,gas,,2,,,,,true,,,1,1,1,10/18/22
10127767,apartment,apartment,278000,forsale,9052,,2021,,gas,,1,,,,,true,,,,,1,10/18/22
10056513,apartment,apartment,279000,forsale,1840,installed,2023,asnew,,,3,,,true,,true,,,1,,1,10/18/22
10112466,apartment,flatstudio,299000,forsale,1180,usahyperequipped,2022,,,55,0,,,true,,true,,,,,1,10/18/22
10127795,apartment,apartment,305000,forsale,9052,,2021,,gas,,1,,,,,true,,,,,1,10/18/22
10127765,apartment,apartment,309000,forsale,9052,,2021,,gas,,1,,,,,true,,,,,1,10/18/22
10127780,apartment,apartment,314000,forsale,9052,,2021,,gas,,1,,,,,true,,,,,1,10/18/22
10119286,apartment,apartment,318250,forsale,9800,hyperequipped,2022,asnew,,,2,,,,,true,true,,,16,1,10/18/22
10119284,apartment,apartment,318250,forsale,9800,hyperequipped,2022,asnew,,,2,,,,,true,true,,,16,1,10/18/22
10119283,apartment,apartment,319500,forsale,9800,hyperequipped,2022,asnew,,,3,,,,,true,,,,16,1,10/18/22
10138886,apartment,apartment,320000,forsale,1000,installed,,good,electric,44,2,,,,,,,,,,,10/18/22
10096187,apartment,penthouse,340697,forsale,2830,installed,2021,,gas,,2,,,,,true,,,,,1,10/18/22
10096188,apartment,penthouse,344179,forsale,2830,installed,2021,,gas,,2,,,,,true,,,,,1,10/18/22
10158182,house,house,240000,forsale,5300,installed,,justrenovated,fueloil,299,2,300,true,true,,true,true,,1,2,,10/18/22
9625357,house,house,131000,forsale,2550,notinstalled,1930,,gas,371,3,1664,,true,1100,true,,,1,,,10/18/22
10158172,apartment,apartment,260000,forsale,8870,installed,2020,good,gas,47,2,,,,,true,,,,,,10/18/22
10158154,house,house,290000,forsale,7900,installed,2021,,gas,,3,515,true,,,,,,,2,1,10/18/22
10158153,house,bungalow,445000,forsale,1410,hyperequipped,1973,good,electric,555,2,681,true,,500,true,,,2,3,,10/18/22
10158149,apartment,flatstudio,59000,forsale,4000,notinstalled,,tobedoneup,,251,1,,,,,,,,,,,10/18/22
9641565,house,house,184000,forsale,2550,,,good,gas,,5,155,,true,,true,,,,1,,10/18/22
10121293,house,house,275000,forsale,1420,,,torenovate,fueloil,515,2,207,,,100,,true,,,,,10/18/22
9595840,apartment,apartment,351000,forsale,8490,installed,2020,,gas,,2,,,,,true,,,,,1,10/18/22
10071939,apartment,groundfloor,395000,forsale,1180,usahyperequipped,2022,asnew,,55,1,,,true,11,true,,,,1,1,10/18/22
10127787,apartment,apartment,430000,forsale,9052,,2021,,gas,,2,,,,,true,,,,,1,10/18/22
10127783,apartment,apartment,435000,forsale,9052,,2021,,gas,,2,,,,,true,,,,,1,10/18/22
10127778,apartment,apartment,442000,forsale,9052,,2021,,gas,,1,,,,,true,,,,,1,10/18/22
10127762,apartment,apartment,446000,forsale,9052,,2021,,gas,,2,,,,,true,,,,,1,10/18/22
10078235,apartment,apartment,447141,forsale,1600,usahyperequipped,2022,asnew,,20,3,,,,,true,,,,14,1,10/18/22
10118068,apartment,apartment,456500,forsale,1420,usahyperequipped,2021,asnew,gas,15,3,,,true,,true,,,1,1,1,10/18/22
10127776,apartment,apartment,495000,forsale,9052,,2021,,gas,,3,,,,,true,,,,,1,10/18/22
10127793,apartment,apartment,507000,forsale,9052,,2021,,gas,,3,,,,,true,,,,,1,10/18/22
10095681,apartment,apartment,540000,forsale,1200,usahyperequipped,2014,asnew,gas,67,2,,,true,,,,,1,,,10/18/22
10112461,apartment,groundfloor,650000,forsale,1180,usahyperequipped,2024,asnew,,55,2,,,true,52,true,,,,1,1,10/18/22
10064908,apartment,groundfloor,735000,forsale,1180,usahyperequipped,2022,asnew,,55,2,,,true,9,true,,,,1,1,10/18/22
9780466,apartment,apartment,767000,forsale,2018,usahyperequipped,2021,,gas,,3,,,true,,true,,,70,,1,10/18/22
10112464,apartment,groundfloor,999000,forsale,1180,usahyperequipped,2022,asnew,,55,3,,,true,510,true,,,,1,1,10/18/22
9683163,apartment,groundfloor,2530000,forsale,1180,usahyperequipped,2022,justrenovated,gas,,3,,,true,860,true,true,true,2,1,1,10/18/22
10157925,apartment,flatstudio,199000,forsale,1160,,1975,good,electric,331,0,,,true,,true,,,,,,10/18/22
10107188,apartment,apartment,349500,forsale,1070,usahyperequipped,2019,asnew,gas,56,2,,,true,,true,true,,1,,1,10/18/22
10102855,apartment,apartment,350000,forsale,1090,hyperequipped,2000,asnew,gas,187,2,,,true,,true,,,1,,,10/18/22
10132567,apartment,apartment,255000,forsale,9940,hyperequipped,2025,asnew,,,1,,,true,,true,,,,1,1,10/18/22
10132556,apartment,apartment,260000,forsale,9940,hyperequipped,2025,asnew,,,1,,,true,,true,,,,1,1,10/18/22
10132557,apartment,apartment,310000,forsale,9940,hyperequipped,2025,asnew,,,2,,,true,,true,,,,1,1,10/18/22
10132565,apartment,apartment,320000,forsale,9940,hyperequipped,2025,asnew,,,2,,,true,,true,,,,1,1,10/18/22
10132558,apartment,apartment,330000,forsale,9940,hyperequipped,2025,asnew,,,2,,,true,,true,,,,1,1,10/18/22
10146601,apartment,apartment,249000,forsale,2300,usainstalled,1989,justrenovated,gas,127,3,,,,7000,true,,,1,1,,10/18/22
9992953,apartment,apartment,247220,forsale,8570,,2023,,gas,,2,,,,,true,,,,,1,10/18/22
9992950,apartment,apartment,299680,forsale,8570,,2023,,gas,,2,,,,,true,,,,,1,10/18/22
10150658,apartment,apartment,189000,forsale,8380,,,asnew,gas,,1,,,,,true,,,1,,,10/18/22
10150712,apartment,apartment,195000,forsale,8380,,,asnew,gas,,1,,,true,,true,,,1,,,10/18/22
10150626,apartment,apartment,195000,forsale,8380,,,asnew,gas,,1,,,,,true,,,1,,,10/18/22
10158182,house,house,240000,forsale,5300,installed,,justrenovated,fueloil,299,2,300,true,true,,true,true,,1,2,,10/18/22
9625357,house,house,131000,forsale,2550,notinstalled,1930,,gas,371,3,1664,,true,1100,true,,,1,,,10/18/22
10158172,apartment,apartment,260000,forsale,8870,installed,2020,good,gas,47,2,,,,,true,,,,,,10/18/22
10158154,house,house,290000,forsale,7900,installed,2021,,gas,,3,515,true,,,,,,,2,1,10/18/22
10158153,house,bungalow,445000,forsale,1410,hyperequipped,1973,good,electric,555,2,681,true,,500,true,,,2,3,,10/18/22
10158149,apartment,flatstudio,59000,forsale,4000,notinstalled,,tobedoneup,,251,1,,,,,,,,,,,10/18/22
9641565,house,house,184000,forsale,2550,,,good,gas,,5,155,,true,,true,,,,1,,10/18/22
10121293,house,house,275000,forsale,1420,,,torenovate,fueloil,515,2,207,,,100,,true,,,,,10/18/22
10150631,apartment,apartment,199000,forsale,8380,,,asnew,gas,,1,,,,,true,,,1,,,10/18/22
10150707,apartment,apartment,209000,forsale,8380,,,asnew,gas,,1,,,true,,true,,,1,,,10/18/22
10150699,apartment,apartment,219000,forsale,8380,,,asnew,gas,,1,,,true,,true,,,1,,,10/18/22
10150713,apartment,apartment,229500,forsale,8380,,,asnew,gas,,2,,,true,,true,,,1,,,10/18/22
10150706,apartment,apartment,235000,forsale,8380,,,asnew,gas,,2,,,true,,true,,,1,,,10/18/22
10150679,apartment,apartment,235000,forsale,8380,,,asnew,gas,,2,,,,,true,,,1,,,10/18/22
10150698,apartment,apartment,239000,forsale,8380,,,asnew,gas,,2,,,true,,true,,,1,,,10/18/22
10150664,apartment,apartment,255000,forsale,8380,,,asnew,gas,,2,,,,,true,,,1,,,10/18/22
10150659,apartment,apartment,259000,forsale,8380,,,asnew,gas,,2,,,true,,true,,,1,,,10/18/22
10150690,apartment,apartment,279500,forsale,8380,,,asnew,gas,,2,,,,,true,,,1,,,10/18/22
10150628,apartment,penthouse,325000,forsale,8380,,,asnew,gas,,1,,,,,true,,,1,,,10/18/22
10150695,apartment,penthouse,339000,forsale,8380,,,asnew,gas,,2,,,true,,true,,,1,,,10/18/22
10150697,apartment,apartment,395000,forsale,8380,,,asnew,gas,,2,,,true,,true,,,1,,,10/18/22
10150692,apartment,penthouse,399000,forsale,8380,,,asnew,gas,,2,,,true,,true,,,1,,,10/18/22
10150651,apartment,penthouse,495000,forsale,8380,,,asnew,gas,,3,,,,,true,,,1,,,10/18/22
10150514,apartment,apartment,535000,forsale,8400,,,asnew,electric,,2,,,true,,true,,true,1,1,,10/18/22
10150518,apartment,apartment,551000,forsale,8400,,,asnew,electric,,2,,,true,,true,,true,1,1,,10/18/22
10150459,apartment,apartment,1149000,forsale,8400,,,asnew,electric,,2,,,true,,true,,true,1,1,,10/18/22
10150573,apartment,penthouse,1590000,forsale,1050,installed,2016,asnew,,169,3,,,true,,true,,,,,,10/18/22
10136565,apartment,loft,649000,forsale,2000,installed,,good,,310,2,,,true,,true,,,,,,10/18/22
10154375,apartment,apartment,145000,forsale,7301,semiequipped,,tobedoneup,gas,192,2,,,true,,,,,,,,10/18/22
10154602,apartment,apartment,160000,forsale,1070,installed,1917,good,gas,1075,1,,,,,true,,,,,,10/18/22
10156814,apartment,apartment,190000,forsale,1080,installed,,good,gas,499,1,,,true,,true,,,,,,10/18/22
10156104,apartment,groundfloor,205000,forsale,1030,,,good,gas,300,1,,,true,24,,,,,,,10/18/22
10144062,apartment,apartment,220000,forsale,7000,hyperequipped,2022,asnew,gas,80,2,,,,,true,,,,15,1,10/18/22
10064146,apartment,apartment,350000,forsale,1780,usainstalled,1978,good,gas,325,3,,,true,,,,,,,,10/18/22
10154423,apartment,apartment,365000,forsale,3001,,1973,asnew,gas,171,2,,,true,,true,,,1,,,10/18/22
10101028,apartment,apartment,560000,forsale,1180,installed,,good,gas,181,3,,,,,,,,,,,10/18/22
10097079,apartment,apartment,790000,forsale,1180,,1961,justrenovated,,112,2,,,true,,true,,,1,,,10/18/22
10142418,apartment,apartment,320000,forsale,1600,usahyperequipped,2016,,gas,,2,,,true,,true,,,1,,,10/18/22
10158182,house,house,240000,forsale,5300,installed,,justrenovated,fueloil,299,2,300,true,true,,true,true,,1,2,,10/18/22
9625357,house,house,131000,forsale,2550,notinstalled,1930,,gas,371,3,1664,,true,1100,true,,,1,,,10/18/22
10158172,apartment,apartment,260000,forsale,8870,installed,2020,good,gas,47,2,,,,,true,,,,,,10/18/22
10158154,house,house,290000,forsale,7900,installed,2021,,gas,,3,515,true,,,,,,,2,1,10/18/22
10158153,house,bungalow,445000,forsale,1410,hyperequipped,1973,good,electric,555,2,681,true,,500,true,,,2,3,,10/18/22
10158149,apartment,flatstudio,59000,forsale,4000,notinstalled,,tobedoneup,,251,1,,,,,,,,,,,10/18/22
9641565,house,house,184000,forsale,2550,,,good,gas,,5,155,,true,,true,,,,1,,10/18/22
10121293,house,house,275000,forsale,1420,,,torenovate,fueloil,515,2,207,,,100,,true,,,,,10/18/22
10130705,apartment,apartment,320000,forsale,9940,hyperequipped,2025,asnew,,,2,,,true,,true,,,,1,1,10/18/22
10141519,apartment,penthouse,359000,forsale,2490,installed,2022,,,,3,,,true,,true,,,,,,10/18/22
10142111,apartment,apartment,495000,forsale,1050,,,,gas,178,3,,,true,,,,,,,,10/18/22
9641560,apartment,apartment,118000,forsale,6600,,2005,,fueloil,229,1,,,,,,,,,,,10/18/22
10004819,apartment,flatstudio,137500,forsale,1000,installed,2022,,gas,,0,,,,,,,,,,,10/18/22
10004816,apartment,flatstudio,137500,forsale,1000,installed,2022,,gas,,0,,,,,,,,,,,10/18/22
9937519,apartment,flatstudio,148000,forsale,8400,installed,,good,,117,0,,,,,,,,,,,10/18/22
10033104,apartment,apartment,150000,forsale,4460,notinstalled,1850,torestore,gas,,2,,,,80000,,,,,2,,10/18/22
10014448,apartment,flatstudio,158500,forsale,1000,installed,2022,,gas,,0,,,,,,,,,,,10/18/22
10004818,apartment,flatstudio,160500,forsale,1000,installed,2022,,gas,,0,,,,,,,,,,,10/18/22
10004817,apartment,flatstudio,160500,forsale,1000,installed,2022,,gas,,0,,,,,,,,,,,10/18/22
10059015,apartment,apartment,175000,forsale,1030,usainstalled,1906,tobedoneup,,213,1,,,,,,,,,,,10/18/22
9587024,apartment,apartment,175000,forsale,1190,notinstalled,,torenovate,gas,136,2,,,true,,true,,,1,,,10/18/22
10088035,apartment,apartment,175000,forsale,5561,hyperequipped,,asnew,,281,1,,,,,,,,,,,10/18/22
10004815,apartment,flatstudio,175500,forsale,1000,installed,2022,,gas,,0,,,,,,,,,,,10/18/22
10100435,apartment,apartment,179000,forsale,6800,,2010,,electric,417,2,,,true,,,,,,,,10/18/22
9864920,apartment,serviceflat,198000,forsale,8560,installed,2014,,gas,,1,,,,,true,,,,,,10/18/22
10114372,apartment,flatstudio,199000,forsale,1000,,1975,,gas,159,1,,,,,,,,,,,10/18/22
10113713,apartment,apartment,199000,forsale,8792,installed,2022,good,gas,,1,,,,,true,,,,1,,10/18/22
9880785,apartment,apartment,215000,forsale,1020,semiequipped,,tobedoneup,gas,281,2,,,,,true,,,1,1,,10/18/22
10113533,apartment,apartment,219000,forsale,2140,semiequipped,1956,,,279,2,,,true,,true,,,,,,10/18/22
10086932,apartment,flatstudio,225000,forsale,1140,usahyperequipped,,asnew,gas,,0,,,,,,,,,,,10/18/22
10077017,apartment,apartment,225000,forsale,1420,installed,,good,gas,592,2,,,,,true,,,,,,10/18/22
9979974,apartment,apartment,225000,forsale,6700,,2002,tobedoneup,electric,312,2,,,,,true,,,,,,10/18/22
10049548,apartment,apartment,229000,forsale,8434,installed,,good,,407,1,,,,,true,,,,,,10/18/22
9980021,apartment,apartment,230000,forsale,6700,,2002,,electric,207,2,,,,,,,,,,,10/18/22
9483873,apartment,apartment,232750,forsale,4100,installed,,,gas,100,2,,,,,true,,,,,,10/18/22
10071119,apartment,apartment,239000,forsale,1740,semiequipped,1979,tobedoneup,gas,,2,,,,,true,,,1,,,10/18/22
9961993,apartment,apartment,239000,forsale,4000,installed,,good,,117,2,,,,,,,,,,,10/18/22
10056672,apartment,apartment,239000,forsale,8434,installed,,good,,209,2,,,,,,,,,,,10/18/22
10158182,house,house,240000,forsale,5300,installed,,justrenovated,fueloil,299,2,300,true,true,,true,true,,1,2,,10/18/22
9625357,house,house,131000,forsale,2550,notinstalled,1930,,gas,371,3,1664,,true,1100,true,,,1,,,10/18/22
10158172,apartment,apartment,260000,forsale,8870,installed,2020,good,gas,47,2,,,,,true,,,,,,10/18/22
10158154,house,house,290000,forsale,7900,installed,2021,,gas,,3,515,true,,,,,,,2,1,10/18/22
10158153,house,bungalow,445000,forsale,1410,hyperequipped,1973,good,electric,555,2,681,true,,500,true,,,2,3,,10/18/22
10158149,apartment,flatstudio,59000,forsale,4000,notinstalled,,tobedoneup,,251,1,,,,,,,,,,,10/18/22
9641565,house,house,184000,forsale,2550,,,good,gas,,5,155,,true,,true,,,,1,,10/18/22
10121293,house,house,275000,forsale,1420,,,torenovate,fueloil,515,2,207,,,100,,true,,,,,10/18/22
9483876,apartment,apartment,243750,forsale,4100,installed,,,gas,100,2,,,,,true,,,,,,10/18/22
9483875,apartment,apartment,243750,forsale,4100,installed,,,gas,100,2,,,,,true,,,,,,10/18/22
10124175,apartment,flatstudio,250000,forsale,1050,,1970,,gas,168,0,,,,,,,,,,,10/18/22
10114381,apartment,apartment,250000,forsale,1210,,,tobedoneup,electric,17,2,,,,,,,,,,,10/18/22
10059132,apartment,apartment,255000,forsale,1060,,1950,,gas,397,1,,,,,,,,,,,10/18/22
10068403,apartment,apartment,260000,forsale,4367,installed,2022,,,85,2,,,true,,true,,,1,,,10/18/22
10104394,apartment,apartment,275000,forsale,1120,installed,1968,,,447,3,,,true,,true,,,,,,10/18/22
9793239,apartment,apartment,280000,forsale,8430,installed,1973,good,gas,306,1,,,,,,,true,,,,10/18/22
10126548,apartment,apartment,285000,forsale,1030,,2013,,gas,117,2,,,,,true,,,,,,10/18/22
10021602,apartment,apartment,290000,forsale,1030,,2014,asnew,gas,,2,,,true,,true,,,1,,,10/18/22
9261336,apartment,apartment,291293,forsale,1500,installed,2019,good,gas,60,1,,,true,,true,,,,,,10/18/22
10124385,apartment,apartment,330000,forsale,1030,notinstalled,1969,,,376,2,,,true,,true,,,1,,,10/18/22
9729533,apartment,groundfloor,330000,forsale,8370,hyperequipped,2021,asnew,gas,,3,,,,,true,true,,,,,10/18/22
10114342,apartment,apartment,350000,forsale,1000,,2005,,gas,133,2,,,,,true,,,,,,10/18/22
9994853,apartment,duplex,350000,forsale,1030,usainstalled,1900,asnew,gas,,3,,,,30,true,,,,,,10/18/22
9483877,apartment,apartment,353500,forsale,4100,installed,,,gas,100,3,,,,,true,,,,,,10/18/22
10034827,apartment,apartment,395000,forsale,2000,,2010,asnew,electric,,2,,,,,true,,,,,,10/18/22
10088617,apartment,groundfloor,399000,forsale,1090,installed,2008,good,gas,,3,,,true,150,true,,,1,,,10/18/22
10111281,apartment,apartment,419000,forsale,9090,installed,2017,,gas,,2,,,,,,,,,1,,10/18/22
9702895,apartment,apartment,525000,forsale,1050,notinstalled,,good,gas,,3,,,,,,,,,,,10/18/22
10059109,apartment,apartment,545000,forsale,1140,usahyperequipped,2022,,gas,,3,,,true,,true,,,,,,10/18/22
10120051,apartment,apartment,625000,forsale,8300,hyperequipped,1990,asnew,gas,164,2,,,true,,,,,,,,10/18/22
10124750,apartment,groundfloor,745000,forsale,1050,,1918,asnew,gas,230,3,,,,90,,,,,,,10/18/22
10124573,apartment,duplex,745000,forsale,1050,,1918,asnew,gas,230,2,,,,90,,true,,,,,10/18/22
10126914,apartment,groundfloor,750000,forsale,1200,,1983,good,gas,341,5,,,,45,true,,,,,,10/18/22
9660187,apartment,apartment,795000,forsale,1210,,,tobedoneup,gas,372,0,,,,,,,,,,,10/18/22
9827960,apartment,penthouse,795000,forsale,4600,hyperequipped,,good,,260,4,,,true,170,true,,,,1,,10/18/22
10114357,apartment,groundfloor,875000,forsale,1190,,2010,asnew,gas,234,2,,,,300,true,,,,,,10/18/22
9817104,apartment,apartment,1075000,forsale,1200,hyperequipped,1912,,gas,,3,,,,,true,,,,35,,10/18/22
9983897,apartment,apartment,1140000,forsale,1050,,,asnew,gas,274,3,,,true,,,,,,1,,10/18/22
10158182,house,house,240000,forsale,5300,installed,,justrenovated,fueloil,299,2,300,true,true,,true,true,,1,2,,10/18/22
9625357,house,house,131000,forsale,2550,notinstalled,1930,,gas,371,3,1664,,true,1100,true,,,1,,,10/18/22
10158172,apartment,apartment,260000,forsale,8870,installed,2020,good,gas,47,2,,,,,true,,,,,,10/18/22
10158154,house,house,290000,forsale,7900,installed,2021,,gas,,3,515,true,,,,,,,2,1,10/18/22
10158153,house,bungalow,445000,forsale,1410,hyperequipped,1973,good,electric,555,2,681,true,,500,true,,,2,3,,10/18/22
10158149,apartment,flatstudio,59000,forsale,4000,notinstalled,,tobedoneup,,251,1,,,,,,,,,,,10/18/22
9641565,house,house,184000,forsale,2550,,,good,gas,,5,155,,true,,true,,,,1,,10/18/22
10121293,house,house,275000,forsale,1420,,,torenovate,fueloil,515,2,207,,,100,,true,,,,,10/18/22
9973354,apartment,apartment,1495000,forsale,8301,usahyperequipped,1967,asnew,,,3,,,,,true,,,,,,10/18/22
8601920,apartment,apartment,1537000,forsale,1000,installed,2018,,gas,,2,,,true,,true,,,1,,,10/18/22
7976465,apartment,apartment,1537000,forsale,1050,installed,2018,,gas,,2,,,true,,true,,,1,,,10/18/22
7971680,apartment,apartment,1950000,forsale,1000,installed,2018,,gas,,3,,,true,,true,,,1,,,10/18/22
8601922,apartment,apartment,1950000,forsale,1050,installed,2018,,gas,,3,,,true,,true,,,1,,,10/18/22
8601921,apartment,apartment,3297000,forsale,1000,installed,2018,,gas,,3,,,true,,true,,,1,,,10/18/22
7813264,apartment,apartment,3297000,forsale,1050,installed,2018,,gas,,3,,,true,,true,,,1,,,10/18/22
8601918,apartment,apartment,3324000,forsale,1000,installed,2018,,gas,,3,,,true,,true,,,1,,,10/18/22
7976982,apartment,apartment,3324000,forsale,1050,installed,2018,,gas,,3,,,true,,true,,,1,,,10/18/22
10145213,apartment,apartment,209000,forsale,9470,installed,2017,good,gas,101,2,,,,,true,,,,,,10/18/22
10096569,apartment,apartment,220000,forsale,1020,notinstalled,,good,,286,2,,,,,true,,,,,,10/18/22
10145546,apartment,apartment,229000,forsale,6860,usainstalled,2009,,fueloil,332,2,,,,642,true,true,,1,3,,10/18/22
10145796,apartment,triplex,235000,forsale,1470,,2011,asnew,,93,1,,,true,,true,,,,2,,10/18/22
10145212,apartment,apartment,259000,forsale,2950,hyperequipped,1998,good,electric,230,2,,,,,true,,,,,,10/18/22
9963099,apartment,apartment,260000,forsale,1600,hyperequipped,1992,good,gas,111,2,,,true,,true,,,1,1,,10/18/22
10145673,apartment,apartment,549000,forsale,2000,installed,1937,good,gas,128,3,,,true,,true,,,,,,10/18/22
10145952,apartment,triplex,2490000,forsale,1050,hyperequipped,1960,,gas,220,5,,true,true,,true,true,,2,1,,10/18/22
10132463,apartment,apartment,165000,forsale,1070,installed,1914,good,gas,300,1,,,,,true,,,,,,10/18/22
10132599,apartment,apartment,189000,forsale,4020,installed,,good,gas,89,2,,,,,true,true,,,,,10/18/22
10132602,apartment,apartment,325000,forsale,1970,,1975,,fueloil,360,2,,,true,,true,,,,,,10/18/22
10132507,apartment,apartment,555000,forsale,1000,usahyperequipped,1938,asnew,gas,241,2,,,true,,true,,,,,,10/18/22
10057602,apartment,apartment,860000,forsale,1000,usahyperequipped,2014,asnew,gas,96,3,,,true,,true,,,1,1,,10/18/22
10147680,apartment,apartment,245000,forsale,1000,,,,electric,291,1,,,true,,,,,,,,10/18/22
10147919,apartment,groundfloor,279488,forsale,2200,installed,2021,,gas,,2,,,true,,true,,,,,,10/18/22
10135401,apartment,apartment,449000,forsale,1050,usahyperequipped,2003,good,gas,183,2,,,true,,true,,,1,,,10/18/22
10134734,apartment,apartment,475000,forsale,1000,usahyperequipped,2016,asnew,gas,85,2,,,true,,true,,,1,,,10/18/22
10134910,apartment,apartment,1050000,forsale,1150,hyperequipped,1968,asnew,gas,122,4,,,true,600,true,true,,1,1,,10/18/22
10153154,apartment,flatstudio,119000,forsale,4020,installed,,asnew,gas,137,0,,,,,,,,,,,10/18/22
10151925,apartment,flatstudio,175000,forsale,2060,semiequipped,2014,good,gas,146,0,,,true,,true,,,,1,,10/18/22
10151575,apartment,apartment,210000,forsale,1090,semiequipped,1935,tobedoneup,,581,1,,,,,true,true,,,,,10/18/22
10158182,house,house,240000,forsale,5300,installed,,justrenovated,fueloil,299,2,300,true,true,,true,true,,1,2,,10/18/22
9625357,house,house,131000,forsale,2550,notinstalled,1930,,gas,371,3,1664,,true,1100,true,,,1,,,10/18/22
10158172,apartment,apartment,260000,forsale,8870,installed,2020,good,gas,47,2,,,,,true,,,,,,10/18/22
10158154,house,house,290000,forsale,7900,installed,2021,,gas,,3,515,true,,,,,,,2,1,10/18/22
10158153,house,bungalow,445000,forsale,1410,hyperequipped,1973,good,electric,555,2,681,true,,500,true,,,2,3,,10/18/22
10158149,apartment,flatstudio,59000,forsale,4000,notinstalled,,tobedoneup,,251,1,,,,,,,,,,,10/18/22
9641565,house,house,184000,forsale,2550,,,good,gas,,5,155,,true,,true,,,,1,,10/18/22
10121293,house,house,275000,forsale,1420,,,torenovate,fueloil,515,2,207,,,100,,true,,,,,10/18/22
10154147,apartment,apartment,218000,forsale,9000,installed,,,,450,1,,,true,,,,,,,,10/18/22
10140677,apartment,apartment,249000,forsale,4130,,2020,asnew,gas,78,1,,,true,,true,,,,,1,10/18/22
10133919,apartment,apartment,269000,forsale,9000,,1965,asnew,gas,234,2,,,true,,true,,,,,,10/18/22
10151419,apartment,apartment,340000,forsale,8400,installed,2016,asnew,gas,97,3,,,,,,,,,,,10/18/22
10140566,apartment,apartment,353000,forsale,1030,usahyperequipped,2019,asnew,,,2,,,true,,true,,,,1,1,10/18/22
10058194,apartment,groundfloor,370000,forsale,1700,usahyperequipped,2020,asnew,gas,52,2,,,,115,true,,,1,,,10/18/22
10151627,apartment,duplex,398000,forsale,9450,hyperequipped,2019,asnew,gas,29,2,,,,,true,,,,,,10/18/22
10152358,apartment,apartment,425000,forsale,1050,notinstalled,1971,asnew,gas,416,2,,,true,,true,,,1,1,,10/18/22
10152342,apartment,penthouse,435000,forsale,1332,installed,2018,,gas,76,2,,,true,,true,,,1,,,10/18/22
10152820,apartment,duplex,2990000,forsale,8300,hyperequipped,1994,asnew,gas,106,3,,,true,,true,,,1,,,10/18/22
9781070,apartment,apartment,175000,forsale,2370,installed,2021,,,,1,,,true,,true,,,1,,1,10/18/22
9221519,apartment,duplex,266250,forsale,1770,installed,2021,,gas,,2,,,,,true,,,,,1,10/18/22
10084596,apartment,apartment,277279,forsale,2220,installed,2022,,,,2,,,,,true,,,1,,1,10/18/22
9221520,apartment,duplex,278000,forsale,1770,installed,2021,,gas,,2,,,,,true,,,,,1,10/18/22
10085356,apartment,apartment,280000,forsale,2500,usainstalled,2020,,,,3,,,true,,true,,,1,,1,10/18/22
10039724,apartment,apartment,280000,forsale,2500,usainstalled,2020,,,,3,,,true,,true,,,1,,1,10/18/22
10079023,apartment,apartment,299000,forsale,2242,hyperequipped,,asnew,gas,,3,,,,,true,,,,1,1,10/18/22
9826181,apartment,duplex,299000,forsale,6820,,2021,asnew,,96,2,,,,,true,,,,,1,10/18/22
10104058,apartment,apartment,335000,forsale,1120,hyperequipped,,asnew,gas,,2,,,,,true,,,,,1,10/18/22
10028648,apartment,apartment,335000,forsale,2460,hyperequipped,2021,,,,3,,,true,,true,,,13,,1,10/18/22
9755578,apartment,apartment,339500,forsale,8380,hyperequipped,,asnew,gas,,2,,,true,,true,,,1,,1,10/18/22
9755577,apartment,apartment,339500,forsale,8380,hyperequipped,,asnew,gas,,2,,,true,,true,,,1,,1,10/18/22
9691671,apartment,apartment,346100,forsale,1300,installed,2021,asnew,gas,126,2,,,true,,true,,,,,1,10/18/22
9755580,apartment,apartment,349000,forsale,8380,hyperequipped,,asnew,gas,,2,,,true,,true,,,1,,1,10/18/22
9755579,apartment,apartment,349000,forsale,8380,hyperequipped,,asnew,gas,,2,,,true,,true,,,1,,1,10/18/22
10019033,apartment,apartment,355500,forsale,1180,usasemiequipped,2021,asnew,gas,,2,,,true,,true,,,,1,1,10/18/22
9755582,apartment,apartment,369000,forsale,8380,hyperequipped,,asnew,gas,,2,,,true,,true,,,1,,1,10/18/22
9907453,apartment,apartment,385000,forsale,3060,hyperequipped,2020,asnew,,,2,,,,,true,true,,2,2,1,10/18/22
10114733,apartment,apartment,390000,forsale,1180,usahyperequipped,2024,asnew,,,2,,,true,55,true,,,,1,1,10/18/22
9496995,apartment,loft,399000,forsale,9620,hyperequipped,,asnew,gas,,3,,,true,,true,,,1,,1,10/18/22
10158182,house,house,240000,forsale,5300,installed,,justrenovated,fueloil,299,2,300,true,true,,true,true,,1,2,,10/18/22
9625357,house,house,131000,forsale,2550,notinstalled,1930,,gas,371,3,1664,,true,1100,true,,,1,,,10/18/22
10158172,apartment,apartment,260000,forsale,8870,installed,2020,good,gas,47,2,,,,,true,,,,,,10/18/22
10158154,house,house,290000,forsale,7900,installed,2021,,gas,,3,515,true,,,,,,,2,1,10/18/22
10158153,house,bungalow,445000,forsale,1410,hyperequipped,1973,good,electric,555,2,681,true,,500,true,,,2,3,,10/18/22
10158149,apartment,flatstudio,59000,forsale,4000,notinstalled,,tobedoneup,,251,1,,,,,,,,,,,10/18/22
9641565,house,house,184000,forsale,2550,,,good,gas,,5,155,,true,,true,,,,1,,10/18/22
10121293,house,house,275000,forsale,1420,,,torenovate,fueloil,515,2,207,,,100,,true,,,,,10/18/22
9755607,apartment,apartment,399500,forsale,8380,hyperequipped,,asnew,gas,,2,,,true,,true,,,1,,1,10/18/22
10123465,apartment,apartment,441400,forsale,9040,hyperequipped,2022,asnew,,,3,,,true,,true,,,1,1,1,10/18/22
9755536,apartment,apartment,445000,forsale,8380,hyperequipped,,asnew,gas,,3,,,true,,true,,,1,,1,10/18/22
10017539,apartment,apartment,457000,forsale,9000,installed,2020,,,,2,,,,,true,,,,,1,10/18/22
9755534,apartment,apartment,465000,forsale,8380,hyperequipped,,asnew,gas,,3,,,true,,true,,,1,,1,10/18/22
9755535,apartment,apartment,485000,forsale,8380,hyperequipped,,asnew,gas,,3,,,true,,true,,,1,,1,10/18/22
9755533,apartment,apartment,495000,forsale,8380,hyperequipped,,asnew,gas,,3,,,true,,true,,,1,,1,10/18/22
9755531,apartment,apartment,550000,forsale,8380,hyperequipped,,asnew,gas,,3,,,true,,true,,,1,,1,10/18/22
9090748,apartment,apartment,750000,forsale,9000,installed,2022,asnew,,,2,,,,,true,,,,1,1,10/18/22
9605002,apartment,apartment,839475,forsale,2550,hyperequipped,2020,,,,3,,,true,,true,,,35,,1,10/18/22
9764080,apartment,penthouse,1141300,forsale,8370,hyperequipped,,asnew,gas,,2,,,,,true,,,,,1,10/18/22
9525878,apartment,apartment,1800000,forsale,1180,installed,,asnew,gas,385,2,,,,1000,true,,true,,,1,10/18/22
10157266,apartment,apartment,169000,forsale,8530,installed,1997,asnew,,287,2,,,,,true,,,1,1,,10/18/22
10157202,apartment,apartment,395000,forsale,8870,installed,2006,asnew,,141,3,,,true,,true,,,1,,,10/18/22
10143549,apartment,apartment,125000,forsale,4101,installed,2004,asnew,gas,101,3,,,true,,true,,,1,,,10/18/22
10144797,apartment,apartment,185000,forsale,1090,installed,1970,good,gas,183,2,,,,,true,,,,,,10/18/22
10105336,apartment,serviceflat,195000,forsale,3001,installed,,asnew,gas,138,1,,,,,true,,,,,,10/18/22
10144742,apartment,apartment,199000,forsale,8810,installed,,good,gas,130,2,,,,,,,,2,,,10/18/22
10143042,apartment,apartment,205000,forsale,2180,usahyperequipped,1960,asnew,gas,312,2,,,,,,,,2,2,,10/18/22
10144432,apartment,apartment,227000,forsale,1082,,1985,tobedoneup,electric,319,2,,,true,,true,,,,,,10/18/22
10143041,apartment,apartment,227500,forsale,2180,usahyperequipped,1960,asnew,gas,312,2,,,,,,,,2,2,,10/18/22
10144156,apartment,apartment,339000,forsale,3850,hyperequipped,2010,asnew,gas,145,2,,,true,,true,,,2,,,10/18/22
10142947,apartment,groundfloor,399000,forsale,1200,installed,1931,asnew,pellet,412,2,,,true,94,true,,,,,,10/18/22
10143020,apartment,duplex,625000,forsale,1200,usahyperequipped,,asnew,gas,184,2,,,,,true,true,,,,,10/18/22
10130367,apartment,apartment,215000,forsale,1640,semiequipped,,torenovate,gas,355,2,,,,,,,,,,,10/18/22
10130556,apartment,apartment,535000,forsale,1050,usahyperequipped,1950,asnew,gas,237,1,,,,,true,,,,,,10/18/22
10131082,apartment,apartment,555000,forsale,1040,usahyperequipped,1938,asnew,gas,241,2,,,true,,true,,,,,,10/18/22
10056140,apartment,apartment,1980000,forsale,1180,usahyperequipped,2012,asnew,gas,114,3,,,true,,true,true,,,2,,10/18/22
10146887,apartment,apartment,397500,forsale,9070,hyperequipped,2023,asnew,,,2,,,,,true,,,,1,1,10/18/22
10146886,apartment,apartment,397500,forsale,9070,hyperequipped,2023,asnew,,,2,,,,,true,,,,1,1,10/18/22
10158182,house,house,240000,forsale,5300,installed,,justrenovated,fueloil,299,2,300,true,true,,true,true,,1,2,,10/18/22
9625357,house,house,131000,forsale,2550,notinstalled,1930,,gas,371,3,1664,,true,1100,true,,,1,,,10/18/22
10158172,apartment,apartment,260000,forsale,8870,installed,2020,good,gas,47,2,,,,,true,,,,,,10/18/22
10158154,house,house,290000,forsale,7900,installed,2021,,gas,,3,515,true,,,,,,,2,1,10/18/22
10158153,house,bungalow,445000,forsale,1410,hyperequipped,1973,good,electric,555,2,681,true,,500,true,,,2,3,,10/18/22
10158149,apartment,flatstudio,59000,forsale,4000,notinstalled,,tobedoneup,,251,1,,,,,,,,,,,10/18/22
9641565,house,house,184000,forsale,2550,,,good,gas,,5,155,,true,,true,,,,1,,10/18/22
10121293,house,house,275000,forsale,1420,,,torenovate,fueloil,515,2,207,,,100,,true,,,,,10/18/22
10146885,apartment,penthouse,556900,forsale,9070,hyperequipped,2023,asnew,,,2,,,,,true,,,,1,1,10/18/22
10146884,apartment,penthouse,556900,forsale,9070,hyperequipped,2023,asnew,,,2,,,,,true,,,,1,1,10/18/22
10152356,apartment,apartment,399000,forsale,1325,installed,2021,,gas,,1,,,,130,true,true,,1,1,1,10/18/22
10152348,apartment,apartment,599000,forsale,1325,installed,2021,,gas,,2,,,,110,true,true,,1,1,1,10/18/22
10150800,apartment,flatstudio,119000,forsale,4020,installed,,asnew,gas,137,0,,,,,,,,,,,10/18/22
10106547,apartment,apartment,197000,forsale,2610,installed,1957,good,gas,168,1,,,true,,,,,,,,10/18/22
10151027,apartment,apartment,215000,forsale,1083,,1965,tobedoneup,,140,2,,,true,,true,,,1,,,10/18/22
10149596,apartment,apartment,238000,forsale,9400,installed,1981,good,fueloil,155,2,,,,1,true,,,1,2,,10/18/22
10149191,apartment,duplex,480000,forsale,1170,installed,1970,justrenovated,gas,210,3,,,true,,true,,,,,,10/18/22
10139353,apartment,duplex,485000,forsale,1030,hyperequipped,,asnew,,,4,,,true,,true,,,,,1,10/18/22
10148832,apartment,triplex,1900000,forsale,1190,hyperequipped,1902,asnew,gas,204,5,,,true,160,true,true,,,2,,10/18/22
10137011,apartment,apartment,203000,forsale,2500,installed,2022,,,,1,,,true,,true,,,1,,,10/18/22
10137169,apartment,apartment,208000,forsale,9000,installed,1971,good,fueloil,,2,,,,,,,,,,,10/18/22
10155507,apartment,duplex,195000,forsale,1000,,,asnew,gas,,3,,,,,,,,,,,10/18/22
10155613,apartment,apartment,229000,forsale,8400,installed,2017,asnew,gas,91,1,,,,,true,,,1,1,,10/18/22
10141351,apartment,apartment,259000,forsale,9550,hyperequipped,2014,asnew,gas,142,2,,,,,true,,,,1,,10/18/22
10141374,apartment,apartment,265000,forsale,8420,hyperequipped,,asnew,gas,457,3,,,,,true,,,,,,10/18/22
10140596,apartment,apartment,289000,forsale,3583,usahyperequipped,2017,asnew,gas,108,3,,,true,,true,,,2,,,10/18/22
10140332,apartment,apartment,325000,forsale,9000,installed,1963,good,gas,198,2,,,,,,,,,,,10/18/22
10142516,apartment,apartment,460000,forsale,8430,installed,1978,asnew,gas,134,2,,,,,true,,,,,,10/18/22
10017736,apartment,serviceflat,110000,forsale,3090,usahyperequipped,2010,asnew,electric,,1,,,,,true,,,,,,10/18/22
10121744,apartment,apartment,111000,forsale,4100,installed,,good,gas,873,4,,,,,true,,,,1,,10/18/22
10118288,apartment,apartment,129000,forsale,1080,notinstalled,1974,torenovate,gas,264,1,,,true,,true,,,,,,10/18/22
10074775,apartment,apartment,129000,forsale,4030,,,,gas,155,1,,,true,,,,,,,,10/18/22
9946499,apartment,apartment,135000,forsale,8900,installed,,good,gas,232,1,,,,,,,,,,,10/18/22
10015761,apartment,apartment,137500,forsale,1800,semiequipped,1931,torenovate,gas,383,1,,,true,,true,,,,,,10/18/22
10127650,apartment,apartment,139000,forsale,4040,semiequipped,,asnew,gas,368,2,,,,,,,,1,,,10/18/22
9736606,apartment,apartment,139000,forsale,4500,semiequipped,,good,gas,500,1,,,,560,true,,,,,,10/18/22
9733808,apartment,apartment,139000,forsale,4570,semiequipped,,good,gas,500,1,,,,560,true,,,,,,10/18/22
9934376,apartment,flatstudio,145000,forsale,2170,,1977,good,,155,0,,,,,true,,,,,,10/18/22
10158182,house,house,240000,forsale,5300,installed,,justrenovated,fueloil,299,2,300,true,true,,true,true,,1,2,,10/18/22
9625357,house,house,131000,forsale,2550,notinstalled,1930,,gas,371,3,1664,,true,1100,true,,,1,,,10/18/22
10158172,apartment,apartment,260000,forsale,8870,installed,2020,good,gas,47,2,,,,,true,,,,,,10/18/22
10158154,house,house,290000,forsale,7900,installed,2021,,gas,,3,515,true,,,,,,,2,1,10/18/22
10158153,house,bungalow,445000,forsale,1410,hyperequipped,1973,good,electric,555,2,681,true,,500,true,,,2,3,,10/18/22
10158149,apartment,flatstudio,59000,forsale,4000,notinstalled,,tobedoneup,,251,1,,,,,,,,,,,10/18/22
9641565,house,house,184000,forsale,2550,,,good,gas,,5,155,,true,,true,,,,1,,10/18/22
10121293,house,house,275000,forsale,1420,,,torenovate,fueloil,515,2,207,,,100,,true,,,,,10/18/22
9943957,apartment,apartment,149000,forsale,6790,,1971,,,234,1,,,true,,true,,,,1,,10/18/22
10001236,apartment,apartment,149500,forsale,5580,installed,,asnew,gas,176,1,,,,,,,,,,,10/18/22
9802962,apartment,apartment,150000,forsale,2000,installed,1965,,fueloil,,3,,,true,,true,,,1,,,10/18/22
9892347,apartment,apartment,155000,forsale,9280,semiequipped,1972,good,fueloil,483,2,,,true,,true,,,,,,10/18/22
9892346,apartment,apartment,155000,forsale,9280,semiequipped,1972,good,fueloil,833,2,,,true,,true,,,,,,10/18/22
9997126,apartment,flatstudio,158000,forsale,1140,,1970,,fueloil,243,0,,,true,,true,,,,,,10/18/22
9854283,apartment,apartment,165000,forsale,2100,,,torenovate,electric,191,2,,,,,,,,,,,10/18/22
9794035,apartment,apartment,165000,forsale,9280,semiequipped,1972,good,fueloil,282,2,,,true,,true,,,1,,,10/18/22
10008446,apartment,apartment,169000,forsale,1120,semiequipped,1973,tobedoneup,gas,551,1,,,true,,,,,,,,10/18/22
9998988,apartment,apartment,169500,forsale,5580,installed,,asnew,gas,176,1,,,true,,true,,,,,,10/18/22
10127396,apartment,groundfloor,170000,forsale,7090,installed,,good,electric,361,2,,,true,,,,,1,,,10/18/22
10070969,apartment,flatstudio,175000,forsale,1030,installed,1968,good,fueloil,740,0,,,true,,,,,,,,10/18/22
9652476,apartment,apartment,175000,forsale,1190,installed,,tobedoneup,gas,490,1,,,true,,true,,,,,,10/18/22
10015762,apartment,apartment,179000,forsale,1800,semiequipped,1931,torenovate,gas,530,2,,,true,,true,,,,,,10/18/22
10048575,apartment,apartment,179000,forsale,4041,,,good,gas,180,2,,,,,true,,,,1,,10/18/22
9778832,apartment,apartment,183000,forsale,7700,semiequipped,1950,torestore,electric,186,4,,,,,,,,,,,10/18/22
10015872,apartment,apartment,185000,forsale,4560,semiequipped,,,gas,131,3,,,,,true,,,,,,10/18/22
10096424,apartment,apartment,185000,forsale,8500,,,justrenovated,gas,191,2,,,,,,,,,,,10/18/22
10044566,apartment,apartment,190000,forsale,8660,hyperequipped,,asnew,gas,65,1,,,,,true,,,,1,,10/18/22
10095977,apartment,apartment,192139,forsale,8790,installed,2022,,gas,36,2,,,,,true,,,,,,10/18/22
10113624,apartment,flatstudio,195000,forsale,1000,hyperequipped,2017,asnew,gas,253,0,,,,,,,,,,,10/18/22
9907383,apartment,flatstudio,195000,forsale,1030,usainstalled,1955,asnew,gas,557,0,,,true,,,true,,,,,10/18/22
10104519,apartment,apartment,195000,forsale,1070,hyperequipped,1960,good,gas,221,2,,,true,,,,,,,,10/18/22
9309153,apartment,flatstudio,195000,forsale,1180,,1972,tobedoneup,gas,167,1,,,true,,true,,,1,,,10/18/22
10103163,apartment,apartment,195000,forsale,7080,installed,2020,good,gas,89,2,,,true,,true,,,2,,,10/18/22
10109708,apartment,apartment,199000,forsale,1080,semiequipped,,good,gas,133,2,,,true,,true,,,1,,,10/18/22
10042022,apartment,apartment,210000,forsale,1070,notinstalled,1957,torenovate,gas,198,2,,,true,,,true,,,,,10/18/22
9585545,apartment,apartment,212000,forsale,5100,,1964,tobedoneup,gas,267,3,,,true,,true,,,,,,10/18/22
10121377,apartment,apartment,215000,forsale,1000,usainstalled,,good,gas,230,1,,,,,,,,,,,10/18/22
10029249,apartment,flatstudio,215000,forsale,1050,usahyperequipped,,asnew,gas,179,1,,,,,,,,,,,10/18/22
10158182,house,house,240000,forsale,5300,installed,,justrenovated,fueloil,299,2,300,true,true,,true,true,,1,2,,10/18/22
9625357,house,house,131000,forsale,2550,notinstalled,1930,,gas,371,3,1664,,true,1100,true,,,1,,,10/18/22
10158172,apartment,apartment,260000,forsale,8870,installed,2020,good,gas,47,2,,,,,true,,,,,,10/18/22
10158154,house,house,290000,forsale,7900,installed,2021,,gas,,3,515,true,,,,,,,2,1,10/18/22
10158153,house,bungalow,445000,forsale,1410,hyperequipped,1973,good,electric,555,2,681,true,,500,true,,,2,3,,10/18/22
10158149,apartment,flatstudio,59000,forsale,4000,notinstalled,,tobedoneup,,251,1,,,,,,,,,,,10/18/22
9641565,house,house,184000,forsale,2550,,,good,gas,,5,155,,true,,true,,,,1,,10/18/22
10121293,house,house,275000,forsale,1420,,,torenovate,fueloil,515,2,207,,,100,,true,,,,,10/18/22
9832858,apartment,duplex,215000,forsale,5030,,1998,justrenovated,gas,289,2,,,true,,true,,,,1,,10/18/22
9976589,apartment,penthouse,220000,forsale,1050,notinstalled,1970,torenovate,gas,590,1,,,,,true,,,,,,10/18/22
9988611,apartment,apartment,220000,forsale,1300,usasemiequipped,,justrenovated,gas,186,2,,,true,,,,,,,,10/18/22
9856894,apartment,apartment,224000,forsale,2600,installed,,good,gas,101,1,,,true,,true,,,,,,10/18/22
10047902,apartment,apartment,225000,forsale,1081,,,tobedoneup,gas,224,2,,,,,true,,,,,,10/18/22
10050736,apartment,apartment,225000,forsale,1083,,1970,good,gas,152,2,,,true,,true,,,1,,,10/18/22
8490933,apartment,apartment,225000,forsale,2861,installed,,,gas,127,1,,,true,,,,,,,,10/18/22
9971292,apartment,apartment,229000,forsale,2060,semiequipped,,good,gas,165,2,,,true,,true,,,,,,10/18/22
9419615,apartment,apartment,234500,forsale,4620,notinstalled,,,gas,111,2,,,,,true,,,,,,10/18/22
9966343,apartment,duplex,235000,forsale,1200,usainstalled,1938,torenovate,gas,2280,1,,,,,,,,,,,10/18/22
10129567,apartment,apartment,239000,forsale,1080,installed,1958,tobedoneup,fueloil,460,2,,,,,true,,,,,,10/18/22
10088955,apartment,apartment,240000,forsale,5100,semiequipped,,,gas,92,2,,,true,,true,,,1,,,10/18/22
10095252,apartment,groundfloor,241800,forsale,2300,installed,,good,gas,296,1,,,true,,true,,,,,,10/18/22
10122228,apartment,apartment,250000,forsale,1190,installed,1972,good,gas,81,2,,,true,,true,,,,,,10/18/22
10081617,apartment,duplex,250000,forsale,1495,,1977,good,fueloil,240,2,,,,,true,,,,1,,10/18/22
9483706,apartment,apartment,259000,forsale,5100,,1993,tobedoneup,gas,165,3,,,true,,true,,,1,,,10/18/22
9873752,apartment,penthouse,265000,forsale,1040,hyperequipped,1959,good,gas,708,1,,,,,true,,,,,,10/18/22
9804153,apartment,serviceflat,269000,forsale,9230,hyperequipped,2017,,gas,115,1,,,,,true,,,,,,10/18/22
9913495,apartment,apartment,280000,forsale,8370,hyperequipped,2022,,gas,35,2,,,,33,true,,,1,1,,10/18/22
9784419,apartment,apartment,285000,forsale,1030,semiequipped,1960,good,gas,168,2,,,true,,true,,,,,,10/18/22
9997455,apartment,apartment,285000,forsale,1420,installed,1992,good,electric,275,2,,,true,,true,,,,1,,10/18/22
9861630,apartment,apartment,285000,forsale,5000,,1965,asnew,fueloil,418,2,,,,,true,,,1,,,10/18/22
10078265,apartment,apartment,289000,forsale,1140,usahyperequipped,1975,good,gas,219,2,,,true,,true,,,,,,10/18/22
9917136,apartment,apartment,290000,forsale,1420,installed,2005,asnew,gas,96,2,,,true,,,,,1,,,10/18/22
10093366,apartment,apartment,295000,forsale,1030,notinstalled,1940,justrenovated,gas,91,2,,,true,,,,,,,,10/18/22
10093365,apartment,apartment,295000,forsale,1030,notinstalled,1940,justrenovated,gas,91,2,,,true,,,,,,,,10/18/22
10103760,apartment,apartment,295000,forsale,1190,,,good,gas,521,2,,,,,true,,,,,,10/18/22
10085789,apartment,groundfloor,299000,forsale,1000,usahyperequipped,,asnew,gas,150,1,,,true,,,,,,,,10/18/22
9989859,apartment,apartment,299000,forsale,1000,usainstalled,1950,asnew,gas,194,1,,,,,true,true,,,,,10/18/22
9743080,apartment,apartment,299000,forsale,1150,usahyperequipped,1964,good,gas,287,1,,,,,,,,,,,10/18/22
10158182,house,house,240000,forsale,5300,installed,,justrenovated,fueloil,299,2,300,true,true,,true,true,,1,2,,10/18/22
9625357,house,house,131000,forsale,2550,notinstalled,1930,,gas,371,3,1664,,true,1100,true,,,1,,,10/18/22
10158172,apartment,apartment,260000,forsale,8870,installed,2020,good,gas,47,2,,,,,true,,,,,,10/18/22
10158154,house,house,290000,forsale,7900,installed,2021,,gas,,3,515,true,,,,,,,2,1,10/18/22
10158153,house,bungalow,445000,forsale,1410,hyperequipped,1973,good,electric,555,2,681,true,,500,true,,,2,3,,10/18/22
10158149,apartment,flatstudio,59000,forsale,4000,notinstalled,,tobedoneup,,251,1,,,,,,,,,,,10/18/22
9641565,house,house,184000,forsale,2550,,,good,gas,,5,155,,true,,true,,,,1,,10/18/22
10121293,house,house,275000,forsale,1420,,,torenovate,fueloil,515,2,207,,,100,,true,,,,,10/18/22
10038359,apartment,apartment,299000,forsale,1410,hyperequipped,1970,justrenovated,gas,455,2,,,true,,true,,,,1,,10/18/22
10089238,apartment,apartment,299000,forsale,9770,,,good,,88,1,,,,,true,,,,,,10/18/22
10093330,apartment,apartment,300000,forsale,1000,usahyperequipped,2018,asnew,gas,74,1,,,true,,true,,,,,,10/18/22
10092837,apartment,apartment,305000,forsale,1400,usahyperequipped,2004,asnew,electric,229,3,,,true,,true,,,,2,,10/18/22
10094446,apartment,groundfloor,309500,forsale,1082,hyperequipped,1997,asnew,gas,219,2,,,,,true,,,1,1,,10/18/22
9172507,apartment,penthouse,310000,forsale,1070,hyperequipped,2018,asnew,gas,147,2,,,true,,true,,,1,1,,10/18/22
10091336,apartment,apartment,315000,forsale,1060,hyperequipped,1999,asnew,gas,131,2,,,true,,true,,,,,,10/18/22
10021753,apartment,serviceflat,315000,forsale,3020,installed,2017,,gas,85,2,,,,,true,,,1,,,10/18/22
10127335,apartment,apartment,325000,forsale,1020,usahyperequipped,,asnew,gas,113,2,,,true,50,true,,,,1,,10/18/22
10090579,apartment,apartment,325000,forsale,3000,installed,1977,good,gas,148,2,,,,,,,,,,,10/18/22
10095253,apartment,apartment,329000,forsale,2300,installed,,good,gas,109,3,,,true,,true,,,,,,10/18/22
10010969,apartment,apartment,330000,forsale,6800,installed,1970,asnew,gas,115,3,,,,200,true,,,10,4,,10/18/22
9332903,apartment,apartment,335000,forsale,1030,hyperequipped,1964,tobedoneup,fueloil,310,3,,,true,,,,,,,,10/18/22
10000921,apartment,apartment,335000,forsale,1200,installed,1975,good,gas,372,2,,,true,,true,,,,,,10/18/22
10129559,apartment,apartment,339000,forsale,1030,semiequipped,1968,justrenovated,gas,177,2,,,true,,,,,,,,10/18/22
9950947,apartment,apartment,339000,forsale,3010,,,justrenovated,gas,186,1,,,true,19,true,,,,,,10/18/22
10119545,apartment,apartment,345000,forsale,1050,installed,1930,good,gas,291,1,,,,,,,,,,,10/18/22
10005041,apartment,apartment,345000,forsale,1070,usahyperequipped,,justrenovated,gas,767,2,,,true,,true,,,1,,,10/18/22
9979458,apartment,duplex,345000,forsale,1080,hyperequipped,1932,asnew,gas,676,4,,,true,,,,,,,,10/18/22
9896456,apartment,apartment,345000,forsale,1150,installed,1968,good,,278,3,,,,,true,,,,,,10/18/22
10011931,apartment,penthouse,345000,forsale,1180,,1991,good,gas,285,2,,,true,,true,,,1,,,10/18/22
10097687,apartment,apartment,345000,forsale,1190,installed,1930,good,gas,459,2,,,,,,true,,,,,10/18/22
10128918,apartment,apartment,349000,forsale,2018,installed,,justrenovated,gas,279,2,,,,,,,,,,,10/18/22
10111041,apartment,apartment,350000,forsale,1020,usahyperequipped,,asnew,gas,113,2,,,true,50,true,,,,1,,10/18/22
9520999,apartment,apartment,350000,forsale,1210,semiequipped,1942,good,gas,148,3,,,true,,true,,,,,,10/18/22
10122893,apartment,apartment,359000,forsale,2018,hyperequipped,,justrenovated,gas,160,2,,,true,,true,,,,,,10/18/22
9554041,apartment,apartment,360000,forsale,1040,hyperequipped,1960,asnew,fueloil,184,1,,,true,,true,,,,,,10/18/22
9691910,apartment,apartment,370000,forsale,1050,usasemiequipped,1932,asnew,gas,185,1,,,,,,,,,,,10/18/22
9691457,apartment,apartment,370000,forsale,1050,usasemiequipped,1932,asnew,electric,269,1,,,,,,,,,,,10/18/22
9489561,apartment,apartment,375000,forsale,1000,notinstalled,2008,asnew,gas,130,1,,,true,,,,,,,,10/18/22
10158182,house,house,240000,forsale,5300,installed,,justrenovated,fueloil,299,2,300,true,true,,true,true,,1,2,,10/18/22
9625357,house,house,131000,forsale,2550,notinstalled,1930,,gas,371,3,1664,,true,1100,true,,,1,,,10/18/22
10158172,apartment,apartment,260000,forsale,8870,installed,2020,good,gas,47,2,,,,,true,,,,,,10/18/22
10158154,house,house,290000,forsale,7900,installed,2021,,gas,,3,515,true,,,,,,,2,1,10/18/22
10158153,house,bungalow,445000,forsale,1410,hyperequipped,1973,good,electric,555,2,681,true,,500,true,,,2,3,,10/18/22
10158149,apartment,flatstudio,59000,forsale,4000,notinstalled,,tobedoneup,,251,1,,,,,,,,,,,10/18/22
9641565,house,house,184000,forsale,2550,,,good,gas,,5,155,,true,,true,,,,1,,10/18/22
10121293,house,house,275000,forsale,1420,,,torenovate,fueloil,515,2,207,,,100,,true,,,,,10/18/22
9988739,apartment,apartment,375000,forsale,1050,usasemiequipped,1932,asnew,gas,196,1,,,,,,,,,,,10/18/22
10106490,apartment,triplex,375000,forsale,1850,usahyperequipped,2003,asnew,gas,184,2,,,,,true,true,,,2,,10/18/22
9982776,apartment,apartment,380000,forsale,8620,,1992,asnew,electric,188,2,,,,,true,,,,,,10/18/22
9877487,apartment,duplex,385000,forsale,9080,,2008,,,185,3,,,,,true,,,2,,,10/18/22
9780200,apartment,apartment,390000,forsale,1330,usainstalled,2000,good,gas,120,2,,,true,,true,,,1,,,10/18/22
10121379,apartment,triplex,395000,forsale,1000,usainstalled,,good,gas,441,3,,,,,true,,,,,,10/18/22
9840978,apartment,flatstudio,395000,forsale,1050,usahyperequipped,2015,good,gas,79,0,,,true,,true,,,1,,,10/18/22
9945236,apartment,apartment,395000,forsale,1150,hyperequipped,,good,gas,,3,,true,true,,true,,,,,,10/18/22
10129843,apartment,penthouse,395000,forsale,9031,installed,1955,,gas,241,4,,,true,,true,,,1,,,10/18/22
10064697,apartment,groundfloor,399000,forsale,1000,usahyperequipped,,asnew,gas,150,2,,,true,,,,,,,,10/18/22
10089993,apartment,apartment,399000,forsale,1040,installed,1964,tobedoneup,gas,208,3,,,true,,true,,,,,,10/18/22
9650001,apartment,apartment,399000,forsale,1200,semiequipped,1958,torenovate,fueloil,224,2,,,true,,true,,,,1,,10/18/22
9953271,apartment,apartment,400000,forsale,1050,hyperequipped,1990,good,gas,358,2,,,true,,,,,,1,,10/18/22
10097646,apartment,apartment,410000,forsale,1030,usahyperequipped,2022,asnew,gas,140,3,,,true,,,,,,1,,10/18/22
10063574,apartment,apartment,410000,forsale,1180,,1964,torenovate,gas,192,3,,,true,,true,,,,1,,10/18/22
10115911,apartment,apartment,420000,forsale,1040,usahyperequipped,1936,good,gas,187,2,,,true,,,,,,,,10/18/22
10077569,apartment,duplex,420000,forsale,1780,,2000,,gas,137,3,,,,,true,,,2,,,10/18/22
10119691,apartment,apartment,425000,forsale,1050,hyperequipped,1957,tobedoneup,fueloil,178,2,,,true,,,,,,,,10/18/22
10019337,apartment,apartment,445000,forsale,1030,hyperequipped,1970,good,gas,171,3,,,true,,true,,,,,,10/18/22
9981475,apartment,apartment,445000,forsale,1332,usahyperequipped,1909,asnew,gas,267,2,,,,1100,true,true,,1,1,,10/18/22
9981606,apartment,apartment,449000,forsale,1000,usahyperequipped,1920,asnew,gas,170,2,,,true,,true,,,1,,,10/18/22
9952112,apartment,apartment,450000,forsale,1000,semiequipped,1930,torenovate,gas,250,2,,,true,,,,,,,,10/18/22
10048718,apartment,apartment,450000,forsale,8400,,1960,justrenovated,,175,2,,,,,,,,,,,10/18/22
10051487,apartment,apartment,459000,forsale,9910,,1788,asnew,gas,162,3,,,true,,true,,,1,,,10/18/22
10016150,apartment,apartment,467500,forsale,8200,installed,2021,asnew,,,2,,,,,true,,,,,,10/18/22
9799719,apartment,apartment,467500,forsale,8200,installed,2019,asnew,,,2,,,,,true,,,,,,10/18/22
10060132,apartment,apartment,480000,forsale,1050,installed,1958,good,gas,,3,,,true,,true,,,,,,10/18/22
10113105,apartment,apartment,495000,forsale,1180,installed,,asnew,gas,,2,,,,,true,,,,,,10/18/22
9997569,apartment,apartment,495000,forsale,1180,installed,1938,good,gas,206,2,,,,,true,true,,,,,10/18/22
10128809,apartment,duplex,499000,forsale,2000,installed,,justrenovated,gas,594,1,,,,,true,,,,,,10/18/22
10158182,house,house,240000,forsale,5300,installed,,justrenovated,fueloil,299,2,300,true,true,,true,true,,1,2,,10/18/22
9625357,house,house,131000,forsale,2550,notinstalled,1930,,gas,371,3,1664,,true,1100,true,,,1,,,10/18/22
10158172,apartment,apartment,260000,forsale,8870,installed,2020,good,gas,47,2,,,,,true,,,,,,10/18/22
10158154,house,house,290000,forsale,7900,installed,2021,,gas,,3,515,true,,,,,,,2,1,10/18/22
10158153,house,bungalow,445000,forsale,1410,hyperequipped,1973,good,electric,555,2,681,true,,500,true,,,2,3,,10/18/22
10158149,apartment,flatstudio,59000,forsale,4000,notinstalled,,tobedoneup,,251,1,,,,,,,,,,,10/18/22
9641565,house,house,184000,forsale,2550,,,good,gas,,5,155,,true,,true,,,,1,,10/18/22
10121293,house,house,275000,forsale,1420,,,torenovate,fueloil,515,2,207,,,100,,true,,,,,10/18/22
10100264,apartment,apartment,520000,forsale,1000,usainstalled,1947,asnew,gas,482,2,,,true,,,,,,,,10/18/22
10001132,apartment,apartment,520000,forsale,1050,usainstalled,1947,asnew,gas,482,2,,,true,,,,,,,,10/18/22
9867449,apartment,apartment,535000,forsale,1040,hyperequipped,1958,good,gas,335,3,,,true,,true,,,,,,10/18/22
9902451,apartment,triplex,540000,forsale,1030,usahyperequipped,1900,asnew,gas,630,4,,,,30,true,,,,,,10/18/22
10124138,apartment,apartment,540000,forsale,1040,installed,1958,good,fueloil,422,3,,,true,,true,,,,,,10/18/22
10126388,apartment,apartment,545000,forsale,1030,notinstalled,1940,justrenovated,gas,119,3,,,true,,true,,,1,,,10/18/22
10126387,apartment,penthouse,545000,forsale,1030,notinstalled,1940,justrenovated,gas,119,3,,,true,,true,,,1,,,10/18/22
9857500,apartment,apartment,570000,forsale,1000,usahyperequipped,2009,asnew,gas,141,2,,,true,,true,true,,,2,,10/18/22
9850689,apartment,apartment,570000,forsale,1040,usahyperequipped,2009,asnew,gas,141,2,,,true,,true,true,,,2,,10/18/22
9937809,apartment,apartment,589000,forsale,8790,installed,2021,asnew,,,3,,,,,true,,,,,,10/18/22
9489555,apartment,loft,595000,forsale,1000,usahyperequipped,1900,asnew,gas,115,2,,,,,true,,,,,,10/18/22
9408048,apartment,apartment,595000,forsale,1150,installed,1968,tobedoneup,fueloil,213,3,,,true,,true,true,,1,1,,10/18/22
9779755,apartment,triplex,595000,forsale,1180,hyperequipped,1950,asnew,gas,243,3,,,,,true,,,,,,10/18/22
10025476,apartment,apartment,600000,forsale,1050,semiequipped,1955,tobedoneup,fueloil,310,3,,,true,,,,,,,,10/18/22
10083842,apartment,apartment,619000,forsale,1050,installed,1958,good,fueloil,166,4,,,true,,true,true,,1,,,10/18/22
10083841,apartment,apartment,619000,forsale,1180,installed,1958,good,fueloil,166,4,,,true,,true,true,,1,,,10/18/22
9933297,apartment,apartment,620000,forsale,1000,hyperequipped,1968,asnew,gas,108,3,,,,,true,,,,,,10/18/22
9980016,apartment,apartment,635000,forsale,1050,,1956,asnew,gas,400,2,,,true,,true,true,,1,,,10/18/22
9923953,apartment,apartment,650000,forsale,1150,hyperequipped,1956,justrenovated,fueloil,160,2,,,true,,true,,,,,,10/18/22
10115024,apartment,penthouse,695000,forsale,1050,usahyperequipped,1900,asnew,gas,145,2,,,true,,true,,,,,,10/18/22
10007348,apartment,penthouse,730000,forsale,1180,hyperequipped,1992,asnew,gas,213,3,,,true,,,,true,,,,10/18/22
9785550,apartment,penthouse,744000,forsale,1640,hyperequipped,2016,asnew,gas,79.97,2,,,true,,true,,,,3,,10/18/22
10107511,apartment,penthouse,745000,forsale,1000,hyperequipped,2025,asnew,gas,44,3,,,true,,true,,,,,,10/18/22
10116738,apartment,groundfloor,780000,forsale,1180,usauninstalled,,asnew,gas,220,4,,,,,true,,,,1,,10/18/22
10057516,apartment,apartment,790000,forsale,1180,hyperequipped,2006,good,gas,136,3,,,true,,true,,,1,,,10/18/22
10061287,apartment,apartment,795000,forsale,1000,hyperequipped,1850,asnew,gas,131,3,,,true,,,true,,,1,,10/18/22
10087568,apartment,penthouse,795000,forsale,1180,hyperequipped,1969,asnew,fueloil,618,3,,,,,true,,,1,,,10/18/22
9949985,apartment,apartment,835000,forsale,8300,usahyperequipped,2001,asnew,electric,171,2,,,true,,true,,,1,1,,10/18/22
9889560,apartment,apartment,850000,forsale,1050,usahyperequipped,1958,asnew,gas,163,3,,,true,,true,,,,,,10/18/22
9524576,apartment,apartment,870000,forsale,1200,installed,1998,asnew,gas,236,2,,,true,,true,true,,2,,,10/18/22
10158182,house,house,240000,forsale,5300,installed,,justrenovated,fueloil,299,2,300,true,true,,true,true,,1,2,,10/18/22
9625357,house,house,131000,forsale,2550,notinstalled,1930,,gas,371,3,1664,,true,1100,true,,,1,,,10/18/22
10158172,apartment,apartment,260000,forsale,8870,installed,2020,good,gas,47,2,,,,,true,,,,,,10/18/22
10158154,house,house,290000,forsale,7900,installed,2021,,gas,,3,515,true,,,,,,,2,1,10/18/22
10158153,house,bungalow,445000,forsale,1410,hyperequipped,1973,good,electric,555,2,681,true,,500,true,,,2,3,,10/18/22
10158149,apartment,flatstudio,59000,forsale,4000,notinstalled,,tobedoneup,,251,1,,,,,,,,,,,10/18/22
9641565,house,house,184000,forsale,2550,,,good,gas,,5,155,,true,,true,,,,1,,10/18/22
10121293,house,house,275000,forsale,1420,,,torenovate,fueloil,515,2,207,,,100,,true,,,,,10/18/22
10084366,apartment,apartment,890000,forsale,1190,usauninstalled,1944,asnew,gas,143,3,,,,,,,,2,,,10/18/22
9949349,apartment,penthouse,895000,forsale,1200,hyperequipped,2001,asnew,electric,449,3,,,true,,true,true,,1,1,,10/18/22
10123707,apartment,apartment,915000,forsale,1050,usahyperequipped,2015,asnew,gas,57,2,,,true,,true,,,1,1,,10/18/22
10042132,apartment,apartment,940000,forsale,1180,hyperequipped,1970,good,electric,275,3,,,true,,true,true,,1,,,10/18/22
9426951,apartment,apartment,940000,forsale,8300,usahyperequipped,1971,asnew,gas,153,2,,,true,,,,,,,,10/18/22
10000763,apartment,apartment,1100000,forsale,1180,hyperequipped,1972,justrenovated,gas,345,4,,,,,true,,,3,,,10/18/22
8809385,apartment,apartment,1150000,forsale,1180,usainstalled,1950,asnew,gas,211,3,,,true,,true,true,,1,,,10/18/22
9003125,apartment,apartment,1295000,forsale,1150,hyperequipped,2015,asnew,gas,150,3,,,true,,true,,,1,5,,10/18/22
10017024,apartment,apartment,1350000,forsale,1180,hyperequipped,1950,good,gas,163,5,,,true,390,true,true,,2,,,10/18/22
9899003,apartment,apartment,1390000,forsale,1180,hyperequipped,2000,asnew,gas,152,3,,,true,,true,,,1,,,10/18/22
9957142,apartment,penthouse,1450000,forsale,8500,,2006,asnew,,,3,,,true,550,,,true,1,,,10/18/22
9897749,apartment,apartment,1650000,forsale,1180,installed,2022,,gas,59,3,,,true,1395,true,,,2,,,10/18/22
9964418,apartment,apartment,1690000,forsale,1000,hyperequipped,1937,asnew,gas,190,3,,,,,true,true,,1,,,10/18/22
9897748,apartment,apartment,1690000,forsale,1180,installed,2022,,gas,56,3,,,true,1080,true,,,2,,,10/18/22
10097915,apartment,apartment,1880000,forsale,1060,usahyperequipped,2012,asnew,gas,155,4,,,true,,true,true,,,2,,10/18/22
10093153,apartment,apartment,1880000,forsale,1060,hyperequipped,2012,asnew,gas,155,4,,,true,,true,true,,,2,,10/18/22
9871384,apartment,apartment,1950000,forsale,1050,usauninstalled,2012,asnew,gas,122,5,,,true,,true,true,,2,,,10/18/22
9928303,apartment,apartment,1995000,forsale,1180,installed,1970,justrenovated,gas,108,3,,,,,true,,,,,,10/18/22
9971293,apartment,penthouse,2499000,forsale,2018,hyperequipped,,asnew,fueloil,243,3,,,true,,true,true,,1,,,10/18/22
9827952,apartment,apartment,2500000,forsale,2600,hyperequipped,1929,asnew,gas,243,3,,,true,,true,true,,1,,,10/18/22
9849620,apartment,groundfloor,2950000,forsale,8300,hyperequipped,1969,asnew,gas,226,3,,,true,150,true,,,1,,,10/18/22
9237401,apartment,apartment,4350000,forsale,1050,hyperequipped,1930,justrenovated,gas,160,3,,,true,80,true,true,,2,,,10/18/22
10132932,apartment,apartment,1250000,forsale,1000,hyperequipped,,asnew,gas,208,2,,,true,124,true,,,,,,10/18/22
10132944,apartment,apartment,1250000,forsale,1050,hyperequipped,,asnew,gas,208,2,,,true,124,true,,,,,,10/18/22
10147054,apartment,apartment,165000,forsale,1070,installed,,tobedoneup,gas,293,1,,,,,,,,,,,10/18/22
10146830,apartment,apartment,285000,forsale,8700,installed,2018,asnew,gas,69.71,2,,,,,true,,,,1,,10/18/22
10135377,apartment,apartment,348000,forsale,1020,hyperequipped,1950,asnew,electric,126,2,,,true,,,,,,,,10/18/22
10152729,apartment,apartment,259500,forsale,9300,usainstalled,2022,justrenovated,,19,3,,,,,,,,,,,10/18/22
10140455,apartment,apartment,439000,forsale,9000,,2022,,,,2,,,true,,true,,,,,1,10/18/22
10139153,apartment,apartment,150000,forsale,4000,installed,1970,good,gas,142,2,,,true,,true,,,,,,10/18/22
10158182,house,house,240000,forsale,5300,installed,,justrenovated,fueloil,299,2,300,true,true,,true,true,,1,2,,10/18/22
9625357,house,house,131000,forsale,2550,notinstalled,1930,,gas,371,3,1664,,true,1100,true,,,1,,,10/18/22
10158172,apartment,apartment,260000,forsale,8870,installed,2020,good,gas,47,2,,,,,true,,,,,,10/18/22
10158154,house,house,290000,forsale,7900,installed,2021,,gas,,3,515,true,,,,,,,2,1,10/18/22
10158153,house,bungalow,445000,forsale,1410,hyperequipped,1973,good,electric,555,2,681,true,,500,true,,,2,3,,10/18/22
10158149,apartment,flatstudio,59000,forsale,4000,notinstalled,,tobedoneup,,251,1,,,,,,,,,,,10/18/22
9641565,house,house,184000,forsale,2550,,,good,gas,,5,155,,true,,true,,,,1,,10/18/22
10121293,house,house,275000,forsale,1420,,,torenovate,fueloil,515,2,207,,,100,,true,,,,,10/18/22
10114826,apartment,apartment,160000,forsale,6600,,2022,,gas,,0,,,,,,,,,,1,10/18/22
10100546,apartment,apartment,160000,forsale,6600,,2022,asnew,gas,,0,,,,,,,,,,1,10/18/22
10138371,apartment,apartment,185000,forsale,9300,notinstalled,2008,asnew,gas,161,2,,,,,true,,,,,,10/18/22
10093354,apartment,apartment,195000,forsale,2610,semiequipped,1930,asnew,gas,434,2,,,,,,,,,,,10/18/22
10119285,apartment,apartment,237910,forsale,9800,,2022,asnew,,,1,,,,,true,,,,,1,10/18/22
10139839,apartment,apartment,250000,forsale,9470,usainstalled,2008,good,gas,121,2,,,,,true,,,1,1,,10/18/22
9819474,apartment,apartment,286000,forsale,5100,usahyperequipped,2022,asnew,gas,,3,,,true,,true,,,,,1,10/18/22
9986095,apartment,penthouse,295000,forsale,1070,hyperequipped,,asnew,gas,130,2,,,true,,true,,,,,1,10/18/22
10105028,apartment,groundfloor,299500,forsale,4100,hyperequipped,,asnew,gas,124,3,,,true,,true,,,,,1,10/18/22
9289666,apartment,apartment,345000,forsale,1930,usahyperequipped,2015,asnew,gas,106,2,,,true,,true,,,1,1,1,10/18/22
9289727,apartment,apartment,350000,forsale,1930,usahyperequipped,2015,asnew,gas,99,3,,,true,,true,,,1,1,1,10/18/22
10114824,apartment,apartment,355000,forsale,6600,,2022,,gas,,0,,,,,,,,,,1,10/18/22
9891214,apartment,apartment,385000,forsale,5100,usainstalled,2024,asnew,gas,169,3,,,true,,true,,,1,1,1,10/18/22
9997521,apartment,apartment,400000,forsale,1160,usahyperequipped,2019,asnew,gas,66,1,,,true,,true,,,1,1,1,10/18/22
10115637,apartment,apartment,411000,forsale,9052,installed,2022,,gas,,2,,,true,,true,,,,,1,10/18/22
10115636,apartment,apartment,411000,forsale,9052,installed,2022,,gas,,2,,,true,,true,,,,,1,10/18/22
10123817,apartment,apartment,424000,forsale,1050,installed,2022,asnew,gas,45,2,,,true,,true,,,,1,1,10/18/22
9918518,apartment,groundfloor,425920,forsale,1300,installed,2023,,,79,3,,,true,45,true,,,1,1,1,10/18/22
10115639,apartment,apartment,428000,forsale,9052,installed,2022,,gas,,2,,,true,,true,,,,,1,10/18/22
10012959,apartment,apartment,434000,forsale,1160,installed,2022,asnew,gas,45,2,,,true,,true,,,1,1,1,10/18/22
10115634,apartment,apartment,440000,forsale,9052,installed,2022,,gas,,2,,,true,,true,,,,,1,10/18/22
10114853,apartment,penthouse,489000,forsale,1050,installed,2022,asnew,gas,45,2,,,true,,true,true,,1,1,1,10/18/22
10114855,apartment,penthouse,489000,forsale,1160,installed,2022,asnew,gas,45,2,,,true,,true,true,,1,1,1,10/18/22
9861441,apartment,duplex,490000,forsale,1410,usahyperequipped,2022,asnew,,88,3,,,true,,true,,,2,2,1,10/18/22
10117471,apartment,apartment,495000,forsale,1180,usainstalled,2024,asnew,,44,2,,,true,59,true,,,,,1,10/18/22
9861442,apartment,duplex,495000,forsale,1410,usahyperequipped,2022,asnew,,82,3,,,true,,true,,,2,2,1,10/18/22
10117369,apartment,apartment,554500,forsale,9000,hyperequipped,2023,asnew,,,3,,,,,true,,,1,1,1,10/18/22
10138535,apartment,loft,745000,forsale,2018,installed,1923,asnew,gas,168,2,,,true,150,true,,,,,,10/18/22
10050219,apartment,penthouse,795000,forsale,1200,usahyperequipped,2020,asnew,gas,73,3,,,true,,true,,,1,1,1,10/18/22
9616943,apartment,apartment,815000,forsale,1050,hyperequipped,2020,asnew,gas,,3,,,true,,true,,,2,,1,10/18/22
10158182,house,house,240000,forsale,5300,installed,,justrenovated,fueloil,299,2,300,true,true,,true,true,,1,2,,10/18/22
9625357,house,house,131000,forsale,2550,notinstalled,1930,,gas,371,3,1664,,true,1100,true,,,1,,,10/18/22
10158172,apartment,apartment,260000,forsale,8870,installed,2020,good,gas,47,2,,,,,true,,,,,,10/18/22
10158154,house,house,290000,forsale,7900,installed,2021,,gas,,3,515,true,,,,,,,2,1,10/18/22
10158153,house,bungalow,445000,forsale,1410,hyperequipped,1973,good,electric,555,2,681,true,,500,true,,,2,3,,10/18/22
10158149,apartment,flatstudio,59000,forsale,4000,notinstalled,,tobedoneup,,251,1,,,,,,,,,,,10/18/22
9641565,house,house,184000,forsale,2550,,,good,gas,,5,155,,true,,true,,,,1,,10/18/22
10121293,house,house,275000,forsale,1420,,,torenovate,fueloil,515,2,207,,,100,,true,,,,,10/18/22
10139784,apartment,apartment,860000,forsale,1400,,1800,good,,167,8,,,true,,true,,,4,4,,10/18/22
9861408,apartment,serviceflat,951000,forsale,8300,usahyperequipped,2022,asnew,,,2,,,true,,true,,,1,1,1,10/18/22
10117370,apartment,penthouse,1079500,forsale,9000,hyperequipped,2023,asnew,,,3,,,true,,true,,,,,1,10/18/22
9865658,apartment,serviceflat,1121500,forsale,8300,usahyperequipped,2022,asnew,,,2,,,true,,true,,,1,1,1,10/18/22
10123718,apartment,penthouse,1350000,forsale,1180,usahyperequipped,2020,asnew,,75,3,,,true,,true,,,,1,1,10/18/22
9683165,apartment,groundfloor,1580000,forsale,1180,,2022,justrenovated,gas,,3,,,true,40,true,,,1,,1,10/18/22
10144322,apartment,apartment,165000,forsale,1020,installed,,,gas,125,1,,,true,,true,,,,,,10/18/22
10144321,apartment,apartment,235000,forsale,1120,installed,,,,172,2,,,true,,,,,,,,10/18/22
10144658,apartment,apartment,695000,forsale,1180,installed,1930,good,gas,,4,,,,,true,,,2,,,10/18/22
10144660,apartment,apartment,695000,forsale,1620,installed,1930,good,gas,,4,,,,,true,,,2,,,10/18/22
10144659,apartment,apartment,695000,forsale,1630,installed,1930,good,gas,,4,,,,,true,,,2,,,10/18/22
10130825,apartment,apartment,270000,forsale,1200,installed,1965,good,,298,2,,,true,,true,,,,,,10/18/22
10146891,apartmentgroup,apartmentgroup,397500-556900,forsale,9070,,,,,,,,,,,,,,1,1,1,10/18/22
10150924,apartment,apartment,237500,forsale,2180,installed,1978,good,gas,259,2,,,,,,,,1,,,10/18/22
9979771,apartment,duplex,325000,forsale,1050,usainstalled,1900,good,gas,117,2,,,true,,,,,,,,10/18/22
10148819,apartment,apartment,569000,forsale,1000,usahyperequipped,1974,good,,231,4,,,true,,true,,,1,,,10/18/22
10148818,apartment,apartment,569000,forsale,1080,usahyperequipped,1974,good,,231,4,,,true,,true,,,1,,,10/18/22
10137196,apartment,flatstudio,169000,forsale,8430,installed,1972,asnew,gas,89,0,,,,,,,,,,,10/18/22
10136824,apartment,apartment,179000,forsale,1070,semiequipped,,good,gas,203,1,,,,,,,,,,,10/18/22
10137744,apartment,duplex,209000,forsale,5070,semiequipped,,justrenovated,fueloil,593,4,,,true,,,,,,,,10/18/22
10044056,apartment,apartment,249000,forsale,7000,installed,1990,good,gas,159,2,,,,,true,,,1,,,10/18/22
10136114,apartment,apartment,875000,forsale,8300,usahyperequipped,2017,asnew,gas,80,2,,,true,,true,,,1,,,10/18/22
10156241,apartment,groundfloor,279000,forsale,2260,installed,2022,,,,2,,,,107,true,,,,1,,10/18/22
10156238,apartment,apartment,349900,forsale,2200,installed,2020,,,,3,,,true,,true,,,1,,,10/18/22
10156231,apartment,groundfloor,349900,forsale,2200,installed,2020,,,,3,,,true,,true,,,1,,,10/18/22
10154419,apartment,apartment,385000,forsale,3001,,1960,tobedoneup,gas,160,2,,,true,,true,,,,,,10/18/22
10154740,apartment,apartment,750000,forsale,9000,hyperequipped,,asnew,,,2,,,,,true,,,1,1,,10/18/22
10088820,apartment,apartment,99000,forsale,4102,hyperequipped,1949,good,gas,430,1,,,true,,,,,,,,10/18/22
10098424,apartment,apartment,110000,forsale,9600,semiequipped,2006,good,gas,,2,,,true,,,,,,,,10/18/22
10098423,apartment,apartment,110000,forsale,9600,semiequipped,2006,good,gas,,2,,,true,,,,,,,,10/18/22
10158182,house,house,240000,forsale,5300,installed,,justrenovated,fueloil,299,2,300,true,true,,true,true,,1,2,,10/18/22
9625357,house,house,131000,forsale,2550,notinstalled,1930,,gas,371,3,1664,,true,1100,true,,,1,,,10/18/22
10158172,apartment,apartment,260000,forsale,8870,installed,2020,good,gas,47,2,,,,,true,,,,,,10/18/22
10158154,house,house,290000,forsale,7900,installed,2021,,gas,,3,515,true,,,,,,,2,1,10/18/22
10158153,house,bungalow,445000,forsale,1410,hyperequipped,1973,good,electric,555,2,681,true,,500,true,,,2,3,,10/18/22
10158149,apartment,flatstudio,59000,forsale,4000,notinstalled,,tobedoneup,,251,1,,,,,,,,,,,10/18/22
9641565,house,house,184000,forsale,2550,,,good,gas,,5,155,,true,,true,,,,1,,10/18/22
10121293,house,house,275000,forsale,1420,,,torenovate,fueloil,515,2,207,,,100,,true,,,,,10/18/22
10056244,apartment,apartment,119000,forsale,8434,installed,,good,gas,248,1,,,true,,true,,,,,,10/18/22
9792305,apartment,flatstudio,125000,forsale,1090,notinstalled,,torenovate,gas,213,0,,,true,,,,,,,,10/18/22
9862833,apartment,flatstudio,129000,forsale,8660,installed,,asnew,gas,,0,,,,,,,,,,,10/18/22
10059967,apartment,groundfloor,139000,forsale,8400,hyperequipped,,asnew,electric,273,1,,,,,true,,,,,,10/18/22
9637121,apartment,apartment,159000,forsale,4000,semiequipped,,tobedoneup,,774,3,,,,,true,,,,,,10/18/22
9954508,apartment,groundfloor,175000,forsale,9300,installed,,good,electric,245,1,,,,58,true,,,,,,10/18/22
8932449,apartment,apartment,178000,forsale,1650,notinstalled,,,,167,1,,,,,true,,,,,,10/18/22
8411151,apartment,apartment,178000,forsale,1652,notinstalled,,,,167,1,,,,,true,,,,,,10/18/22
10102551,apartment,apartment,185000,forsale,1160,semiequipped,,good,gas,522,1,,,,,,,,,,,10/18/22
10122208,apartment,apartment,189000,forsale,2100,installed,,good,,176,2,,,true,,,,,,,,10/18/22
10068157,apartment,apartment,189000,forsale,8587,installed,1980,,gas,157,2,,,,,true,,,,,,10/18/22
10123607,apartment,apartment,190000,forsale,5150,installed,,,gas,327,3,,,,,,true,,,10,,10/18/22
10124268,apartment,groundfloor,199000,forsale,8400,installed,,good,electric,308,3,,,,28,true,,,,,,10/18/22
9982253,apartment,groundfloor,213000,forsale,8400,hyperequipped,,asnew,gas,118.31,1,,,,,true,,,,,,10/18/22
7618167,apartment,serviceflat,218000,forsale,1800,installed,2017,asnew,,70.32,1,,,,,true,,,1,1,,10/18/22
10033792,apartment,apartment,219000,forsale,5070,installed,,,,82,2,,,true,290,,,,,2,,10/18/22
10013717,apartment,apartment,220000,forsale,6700,,2002,tobedoneup,electric,312,2,,,,,true,,,,1,,10/18/22
9955000,apartment,apartment,225000,forsale,2020,hyperequipped,,good,gas,129,2,,,,,,,,,,,10/18/22
10068158,apartment,apartment,225000,forsale,8587,hyperequipped,,,gas,184,2,,,,,true,,,1,,,10/18/22
9483874,apartment,apartment,225500,forsale,4100,installed,,,gas,100,2,,,,,true,,,,,,10/18/22
9758233,apartment,apartment,229000,forsale,1020,installed,1989,good,gas,168,3,,,true,,true,,,,,,10/18/22
10091060,apartment,groundfloor,235000,forsale,8670,installed,,good,gas,154,1,,,true,15,true,,,,,,10/18/22
10003096,apartment,groundfloor,235000,forsale,9300,hyperequipped,,asnew,gas,118,1,,,true,,true,,,,,,10/18/22
10068353,apartment,apartment,240000,forsale,1081,notinstalled,1958,good,gas,433,2,,,true,,true,,,1,,,10/18/22
9985656,apartment,apartment,245000,forsale,1081,installed,,good,,244,2,,,,,true,,,,,,10/18/22
10049008,apartment,flatstudio,245000,forsale,1140,usainstalled,2018,asnew,,101,0,,,true,,true,,,,1,,10/18/22
10067656,apartment,apartment,250000,forsale,5101,hyperequipped,1981,good,fueloil,172,3,,,true,800,,,,1,,,10/18/22
9790767,apartment,apartment,250000,forsale,6220,notinstalled,,good,gas,226,3,,,true,,,,,,,,10/18/22
9947824,apartment,apartment,253200,forsale,8370,installed,2019,,gas,,1,,,true,,true,,,,,,10/18/22
10158182,house,house,240000,forsale,5300,installed,,justrenovated,fueloil,299,2,300,true,true,,true,true,,1,2,,10/18/22
9625357,house,house,131000,forsale,2550,notinstalled,1930,,gas,371,3,1664,,true,1100,true,,,1,,,10/18/22
10158172,apartment,apartment,260000,forsale,8870,installed,2020,good,gas,47,2,,,,,true,,,,,,10/18/22
10158154,house,house,290000,forsale,7900,installed,2021,,gas,,3,515,true,,,,,,,2,1,10/18/22
10158153,house,bungalow,445000,forsale,1410,hyperequipped,1973,good,electric,555,2,681,true,,500,true,,,2,3,,10/18/22
10158149,apartment,flatstudio,59000,forsale,4000,notinstalled,,tobedoneup,,251,1,,,,,,,,,,,10/18/22
9641565,house,house,184000,forsale,2550,,,good,gas,,5,155,,true,,true,,,,1,,10/18/22
10121293,house,house,275000,forsale,1420,,,torenovate,fueloil,515,2,207,,,100,,true,,,,,10/18/22
10118302,apartment,apartment,259000,forsale,1050,installed,,good,gas,,1,,,true,,,,,,,,10/18/22
9962038,apartment,apartment,259000,forsale,4000,installed,,good,,196,2,,,,,true,,,,,,10/18/22
10092194,apartment,apartment,275000,forsale,6600,installed,2014,,gas,100,2,,,true,,true,,,,1,,10/18/22
10121608,apartment,groundfloor,283000,forsale,9550,installed,,good,gas,90,2,,,,110,,,,,,,10/18/22
10071066,apartment,apartment,290000,forsale,6700,installed,,good,gas,140,2,,,true,,true,,,1,,,10/18/22
9900560,apartment,apartment,295000,forsale,2018,hyperequipped,,good,,261,2,,,,,,,,,,,10/18/22
10122099,apartment,loft,299000,forsale,4690,installed,2016,,,130,2,,,,,true,,,,2,,10/18/22
9919154,apartment,duplex,300000,forsale,1090,installed,,torenovate,,446,3,,,,,,,,,,,10/18/22
10098476,apartment,apartment,315000,forsale,9000,installed,2005,good,,373,2,,,true,,true,,,1,,,10/18/22
10097552,apartment,apartment,320000,forsale,7500,installed,,,gas,72,2,,,true,,,,,1,,,10/18/22
10048461,apartment,apartment,349000,forsale,1800,usainstalled,2017,good,,88,3,,,true,,true,,,1,,,10/18/22
9945047,apartment,groundfloor,359000,forsale,9550,installed,,good,gas,321,3,,,true,760,true,,,1,,,10/18/22
10023090,apartment,apartment,360000,forsale,1300,usahyperequipped,2022,asnew,gas,140,2,,,true,,true,true,,,,,10/18/22
10088935,apartment,apartment,370000,forsale,1000,hyperequipped,,good,,195,2,,,true,,true,,,,1,,10/18/22
10033330,apartment,apartment,370000,forsale,1090,,2020,good,gas,,2,,,true,,true,,,,1,,10/18/22
10085056,apartment,groundfloor,375000,forsale,9300,hyperequipped,,asnew,gas,103,2,,,,60,true,,,,,,10/18/22
9969783,apartment,apartment,379000,forsale,4000,hyperequipped,,asnew,gas,228,1,,,true,,,,,,1,,10/18/22
10098700,apartment,apartment,385000,forsale,1190,installed,,,gas,108,2,,,true,,true,,,,1,,10/18/22
10126939,apartment,groundfloor,389000,forsale,1000,usahyperequipped,2000,good,,561,2,,,,50,true,,,15,1,,10/18/22
10058777,apartment,penthouse,375000,forsale,1180,usahyperequipped,1970,asnew,gas,,2,,,true,,true,,,1,,,10/18/22
10121432,apartment,duplex,425000,forsale,1030,installed,1918,good,gas,202,4,,,true,,true,,,,,,10/18/22
10125637,apartment,apartment,449000,forsale,1000,usahyperequipped,2003,good,gas,183,2,,,true,,true,,,1,,,10/18/22
10077712,apartment,apartment,485000,forsale,1000,installed,1992,tobedoneup,gas,142,2,,,true,,true,,,1,1,,10/18/22
10114399,apartment,apartment,485000,forsale,1180,installed,1992,tobedoneup,gas,142,2,,,true,,true,,,1,1,,10/18/22
10124471,apartment,apartment,495000,forsale,1030,installed,,good,gas,,4,,,true,,true,,,1,1,,10/18/22
10046180,apartment,loft,495000,forsale,1080,installed,2006,good,gas,146,2,,,,,true,,,,,,10/18/22
10115252,apartment,apartment,499000,forsale,1180,hyperequipped,,asnew,,205,2,,,true,,true,,,,,,10/18/22
10019111,apartment,penthouse,545000,forsale,1150,hyperequipped,1986,tobedoneup,,224,3,,,true,,true,,,2,,,10/18/22
10033290,apartment,apartment,635000,forsale,8790,installed,,good,gas,127.05,2,,,,,true,,,,,,10/18/22
10158182,house,house,240000,forsale,5300,installed,,justrenovated,fueloil,299,2,300,true,true,,true,true,,1,2,,10/18/22
9625357,house,house,131000,forsale,2550,notinstalled,1930,,gas,371,3,1664,,true,1100,true,,,1,,,10/18/22
10158172,apartment,apartment,260000,forsale,8870,installed,2020,good,gas,47,2,,,,,true,,,,,,10/18/22
10158154,house,house,290000,forsale,7900,installed,2021,,gas,,3,515,true,,,,,,,2,1,10/18/22
10158153,house,bungalow,445000,forsale,1410,hyperequipped,1973,good,electric,555,2,681,true,,500,true,,,2,3,,10/18/22
10158149,apartment,flatstudio,59000,forsale,4000,notinstalled,,tobedoneup,,251,1,,,,,,,,,,,10/18/22
9641565,house,house,184000,forsale,2550,,,good,gas,,5,155,,true,,true,,,,1,,10/18/22
10121293,house,house,275000,forsale,1420,,,torenovate,fueloil,515,2,207,,,100,,true,,,,,10/18/22
10065318,apartment,loft,720000,forsale,2018,hyperequipped,,asnew,gas,231,1,,,true,100,true,,,,,,10/18/22
9262887,apartment,apartment,835000,forsale,8301,installed,1997,good,gas,177,2,,,true,,true,,,,,,10/18/22
10093496,apartment,apartment,1200000,forsale,1050,installed,1965,asnew,gas,174,2,,,true,,,true,,,1,,10/18/22
9383828,apartment,penthouse,1200000,forsale,1050,hyperequipped,1954,good,fueloil,340,3,,,true,,true,,,1,,,10/18/22
10121603,apartment,duplex,1300000,forsale,1150,installed,1990,asnew,gas,112,5,,,true,,true,true,,1,2,,10/18/22
8601919,apartment,apartment,1839000,forsale,1000,installed,2018,,gas,,3,,,true,,true,,,1,,,10/18/22
7976466,apartment,apartment,1839000,forsale,1050,installed,2018,,gas,,3,,,true,,true,,,1,,,10/18/22
10146052,apartment,apartment,230000,forsale,2060,usainstalled,1974,good,gas,228,3,,,true,,,,,2,,,10/18/22
10145253,apartment,duplex,465000,forsale,1785,hyperequipped,1999,asnew,gas,157,3,,,,,true,,,1,,,10/18/22
10107170,apartment,flatstudio,219000,forsale,1000,installed,,asnew,electric,,0,,,,,,,,,,,10/18/22
10133161,apartment,duplex,278000,forsale,1800,installed,2013,,gas,,3,,,,,true,,,,,,10/18/22
10149794,apartment,apartment,249000,forsale,8380,,,asnew,gas,,2,,,true,,true,,,1,,1,10/18/22
10147821,apartment,apartment,129000,forsale,6790,,1971,,,321,1,,,true,,,,,,1,,10/18/22
10137415,apartment,groundfloor,313000,forsale,2250,installed,2021,,gas,,2,,,true,,true,,,1,,1,10/18/22
9978463,apartment,apartment,895000,forsale,1000,installed,1960,good,fueloil,518,4,,,true,500,true,,,1,,,10/18/22
10135156,apartment,apartment,245000,forsale,1200,hyperequipped,1963,good,,271,2,,,true,,true,,,,,,10/18/22
10135491,apartment,apartment,375000,forsale,2018,usahyperequipped,1957,asnew,fueloil,183,2,,,true,,true,,,,,,10/18/22
10135356,apartment,apartment,795000,forsale,8301,installed,1987,asnew,gas,81,3,,,,,,,,,,,10/18/22
10154235,apartment,apartment,295000,forsale,2600,installed,1970,good,gas,,2,,,true,,true,,,,,,10/18/22
10153395,apartment,apartment,330000,forsale,2018,,1957,tobedoneup,gas,159,2,,,true,,true,,,,,,10/18/22
10140563,apartment,apartment,471150,forsale,1410,usahyperequipped,2022,asnew,gas,,3,,,true,,true,,,,1,1,10/18/22
10140548,apartment,apartment,471150,forsale,1420,usahyperequipped,2022,asnew,gas,,3,,,true,,true,,,,1,1,10/18/22
10140560,apartment,apartment,476150,forsale,1410,usahyperequipped,2022,asnew,gas,,3,,,true,,true,,,,1,1,10/18/22
10140558,apartment,apartment,476150,forsale,1420,usahyperequipped,2022,asnew,gas,,3,,,true,,true,,,,1,1,10/18/22
10140562,apartment,apartment,491150,forsale,1410,usahyperequipped,2022,asnew,gas,,3,,,true,,true,,,,1,1,10/18/22
10140551,apartment,apartment,491150,forsale,1420,usahyperequipped,2022,asnew,gas,,3,,,true,,true,,,,1,1,10/18/22
10140565,apartment,penthouse,631150,forsale,1410,usahyperequipped,2022,asnew,gas,,3,,,true,,true,,,,1,1,10/18/22
10140557,apartment,penthouse,631150,forsale,1420,usahyperequipped,2022,asnew,gas,,3,,,true,,true,,,,1,1,10/18/22
10006556,apartment,penthouse,695000,forsale,2018,,,asnew,,,4,,,,,true,true,,2,,,10/18/22
10139310,apartment,apartment,135000,forsale,7134,installed,2005,good,gas,283,2,,,true,,,,,,,,10/18/22
10158182,house,house,240000,forsale,5300,installed,,justrenovated,fueloil,299,2,300,true,true,,true,true,,1,2,,10/18/22
9625357,house,house,131000,forsale,2550,notinstalled,1930,,gas,371,3,1664,,true,1100,true,,,1,,,10/18/22
10158172,apartment,apartment,260000,forsale,8870,installed,2020,good,gas,47,2,,,,,true,,,,,,10/18/22
10158154,house,house,290000,forsale,7900,installed,2021,,gas,,3,515,true,,,,,,,2,1,10/18/22
10158153,house,bungalow,445000,forsale,1410,hyperequipped,1973,good,electric,555,2,681,true,,500,true,,,2,3,,10/18/22
10158149,apartment,flatstudio,59000,forsale,4000,notinstalled,,tobedoneup,,251,1,,,,,,,,,,,10/18/22
9641565,house,house,184000,forsale,2550,,,good,gas,,5,155,,true,,true,,,,1,,10/18/22
10121293,house,house,275000,forsale,1420,,,torenovate,fueloil,515,2,207,,,100,,true,,,,,10/18/22
9860173,apartment,apartment,150000,forsale,7090,hyperequipped,,asnew,electric,,1,,,true,,,,,,,1,10/18/22
9860184,apartment,apartment,155000,forsale,7090,hyperequipped,,asnew,electric,,1,,,,,true,,,,,1,10/18/22
9860187,apartment,apartment,189000,forsale,7090,hyperequipped,,asnew,electric,,2,,,true,,true,,,,,1,10/18/22
10101361,apartment,flatstudio,206515,forsale,1933,,2024,asnew,,,1,,,,,true,,,,,1,10/18/22
9984214,apartment,apartment,256000,forsale,3270,installed,2022,good,gas,,2,,,true,,true,,,1,,1,10/18/22
9984216,apartment,apartment,262000,forsale,3270,installed,2022,good,gas,,2,,,true,,true,,,1,,1,10/18/22
9984215,apartment,apartment,263000,forsale,3270,installed,2022,good,gas,,2,,,true,,true,,,1,,1,10/18/22
10121178,apartment,apartment,265000,forsale,1180,hyperequipped,2025,good,electric,,1,,,,,true,,,,,1,10/18/22
10121175,apartment,apartment,290000,forsale,1180,hyperequipped,2025,good,electric,,1,,,,,true,,,,,1,10/18/22
10121172,apartment,apartment,290000,forsale,1180,hyperequipped,2025,good,electric,,1,,,,,true,,,,,1,10/18/22
10056810,apartment,apartment,299000,forsale,2880,installed,2022,,gas,,2,,,true,,true,,,,,1,10/18/22
9533030,apartment,apartment,303975,forsale,9800,installed,2020,,gas,,2,,,,34,true,,,,,1,10/18/22
10121179,apartment,apartment,370000,forsale,1180,hyperequipped,2025,good,electric,,2,,,,,true,,,,,1,10/18/22
10125848,apartment,apartment,374500,forsale,9000,,2021,,,,2,,,true,,true,,,,,1,10/18/22
9974224,apartment,apartment,374500,forsale,9000,,2021,,,,2,,,true,,true,,,,,1,10/18/22
10121176,apartment,apartment,385000,forsale,1180,hyperequipped,2025,good,electric,,2,,,,,true,,,,,1,10/18/22
9807423,apartment,apartment,404500,forsale,9000,,2021,,,,2,,,true,,true,,,,,1,10/18/22
8548473,apartment,apartment,404500,forsale,9000,,2021,,,,2,,,true,,true,,,,,1,10/18/22
10034080,apartment,groundfloor,415000,forsale,1180,usahyperequipped,2022,asnew,,85,2,,,true,32,,,,,1,1,10/18/22
10121174,apartment,apartment,445000,forsale,1180,hyperequipped,2025,good,electric,,2,,,,,true,,,,,1,10/18/22
9755575,apartment,apartment,445000,forsale,8380,hyperequipped,,asnew,gas,,2,,,true,,true,,,1,,1,10/18/22
9755571,apartment,apartment,445000,forsale,8380,hyperequipped,,asnew,gas,,3,,,true,,true,,,1,,1,10/18/22
10121177,apartment,apartment,465000,forsale,1180,hyperequipped,2025,good,electric,,3,,,,,true,,,,,1,10/18/22
9755572,apartment,apartment,474000,forsale,8380,hyperequipped,,asnew,gas,,3,,,true,,true,,,1,,1,10/18/22
9807425,apartment,apartment,499000,forsale,9000,,2021,,,,2,,,true,,true,,,,,1,10/18/22
10121173,apartment,apartment,515000,forsale,1180,hyperequipped,2025,good,electric,,3,,,,,true,,,,,1,10/18/22
10125850,apartment,apartment,544500,forsale,9000,,2021,,,,3,,,true,,true,,,,,1,10/18/22
9974225,apartment,apartment,544500,forsale,9000,,2021,,,,3,,,true,,true,,,,,1,10/18/22
10125914,apartment,apartment,545000,forsale,1950,usahyperequipped,2022,asnew,,45.06,2,,,true,,true,,,2,,1,10/18/22
10119828,apartment,apartment,547500,forsale,1420,usahyperequipped,2021,asnew,gas,15,3,,,true,,true,,,1,1,1,10/18/22
10158182,house,house,240000,forsale,5300,installed,,justrenovated,fueloil,299,2,300,true,true,,true,true,,1,2,,10/18/22
9625357,house,house,131000,forsale,2550,notinstalled,1930,,gas,371,3,1664,,true,1100,true,,,1,,,10/18/22
10158172,apartment,apartment,260000,forsale,8870,installed,2020,good,gas,47,2,,,,,true,,,,,,10/18/22
10158154,house,house,290000,forsale,7900,installed,2021,,gas,,3,515,true,,,,,,,2,1,10/18/22
10158153,house,bungalow,445000,forsale,1410,hyperequipped,1973,good,electric,555,2,681,true,,500,true,,,2,3,,10/18/22
10158149,apartment,flatstudio,59000,forsale,4000,notinstalled,,tobedoneup,,251,1,,,,,,,,,,,10/18/22
9641565,house,house,184000,forsale,2550,,,good,gas,,5,155,,true,,true,,,,1,,10/18/22
10121293,house,house,275000,forsale,1420,,,torenovate,fueloil,515,2,207,,,100,,true,,,,,10/18/22
9755574,apartment,apartment,579000,forsale,8380,hyperequipped,,asnew,gas,,3,,,true,,true,,,1,,1,10/18/22
10010919,apartment,apartment,595000,forsale,8300,usahyperequipped,2022,asnew,gas,205,2,,,,,true,,,1,1,1,10/18/22
10101362,apartment,penthouse,595500,forsale,1933,,2023,asnew,,,1,,,,,true,,,,,1,10/18/22
9596270,apartment,apartment,604500,forsale,9000,,2021,,,,3,,,true,,true,,,,,1,10/18/22
10121169,apartment,penthouse,615000,forsale,1180,hyperequipped,2025,good,electric,,2,,,,,true,,,,,1,10/18/22
9974226,apartment,apartment,629000,forsale,9000,,2021,,,,3,,,true,,true,,,,,1,10/18/22
10013161,apartment,apartment,695000,forsale,1200,usahyperequipped,2022,asnew,gas,,3,,,true,,true,,,,,1,10/18/22
10125849,apartment,apartment,754500,forsale,9000,,2021,,,,2,,,true,,true,,,,,1,10/18/22
10097099,apartment,apartment,785000,forsale,1000,usahyperequipped,2021,asnew,gas,,3,,,true,,true,,,,1,1,10/18/22
10023483,apartment,apartment,895000,forsale,1150,usahyperequipped,2021,asnew,gas,,3,,,true,,true,true,,,1,1,10/18/22
10123653,apartment,penthouse,945000,forsale,1300,,2023,,,,3,,,,,true,,,,,1,10/18/22
10125920,apartment,duplex,1050000,forsale,1950,usahyperequipped,2022,asnew,,51.03,3,,,true,,true,,,2,,1,10/18/22
9488765,apartment,apartment,1293125,forsale,1050,hyperequipped,2018,asnew,gas,,2,,,true,,true,,,2,59,1,10/18/22
10064914,apartment,penthouse,1700000,forsale,1050,usahyperequipped,2021,asnew,gas,,3,,,true,,true,true,,1,1,1,10/18/22
9487216,apartment,penthouse,1750000,forsale,1050,hyperequipped,2018,asnew,gas,,2,,,true,,true,,,2,59,1,10/18/22
9929068,apartment,triplex,2780000,forsale,1180,usahyperequipped,2021,,gas,,3,,,true,750,true,true,,1,3,1,10/18/22
10081760,apartment,apartment,179000,forsale,9200,hyperequipped,1968,good,gas,559,2,,,,,true,,,,,,10/18/22
10157577,apartment,apartment,190000,forsale,4032,semiequipped,,asnew,gas,153,2,,,,,true,,,1,1,,10/18/22
10101659,apartment,groundfloor,450000,forsale,1040,usahyperequipped,,justrenovated,fueloil,449,2,,,,,true,,,,,,10/18/22
10144490,apartment,apartment,179000,forsale,4020,,1979,tobedoneup,gas,289,3,,,true,,true,true,,1,,,10/18/22
10144277,apartment,apartment,305000,forsale,8400,installed,,good,,,2,,,,,true,,,,,,10/18/22
10143045,apartment,duplex,309000,forsale,9300,hyperequipped,2017,asnew,gas,80,2,,,,,true,,,1,1,,10/18/22
10132638,apartment,apartment,699000,forsale,1180,usahyperequipped,2022,asnew,gas,60,3,,,true,,true,,,1,1,1,10/18/22
10132639,apartment,duplex,1190000,forsale,1180,,2022,asnew,gas,60,3,,,true,,true,true,,1,1,1,10/18/22
10144491,apartment,apartment,1800000,forsale,1180,usahyperequipped,1992,asnew,gas,152,2,,,true,400,true,,true,2,,,10/18/22
10131154,apartment,apartment,98500,forsale,7330,semiequipped,,good,electric,300,1,,,,,,,,,,,10/18/22
10131103,apartment,apartment,410000,forsale,1000,usasemiequipped,2001,good,electric,250,2,,,true,,true,,,,,,10/18/22
10131152,apartment,apartment,410000,forsale,1040,usasemiequipped,2001,good,electric,250,2,,,true,,true,,,,,,10/18/22
10146411,apartment,apartment,265000,forsale,2800,installed,1962,asnew,,209,2,,,,,true,,,,,,10/18/22
10065688,apartment,flatstudio,210000,forsale,8370,installed,2012,asnew,gas,77,1,,,,,true,,,1,,,10/18/22
10158182,house,house,240000,forsale,5300,installed,,justrenovated,fueloil,299,2,300,true,true,,true,true,,1,2,,10/18/22
9625357,house,house,131000,forsale,2550,notinstalled,1930,,gas,371,3,1664,,true,1100,true,,,1,,,10/18/22
10158172,apartment,apartment,260000,forsale,8870,installed,2020,good,gas,47,2,,,,,true,,,,,,10/18/22
10158154,house,house,290000,forsale,7900,installed,2021,,gas,,3,515,true,,,,,,,2,1,10/18/22
10158153,house,bungalow,445000,forsale,1410,hyperequipped,1973,good,electric,555,2,681,true,,500,true,,,2,3,,10/18/22
10158149,apartment,flatstudio,59000,forsale,4000,notinstalled,,tobedoneup,,251,1,,,,,,,,,,,10/18/22
9641565,house,house,184000,forsale,2550,,,good,gas,,5,155,,true,,true,,,,1,,10/18/22
10121293,house,house,275000,forsale,1420,,,torenovate,fueloil,515,2,207,,,100,,true,,,,,10/18/22
10055409,apartment,penthouse,440000,forsale,3581,usahyperequipped,2018,asnew,gas,118,3,,,,,true,,,1,,,10/18/22
10153286,apartment,apartment,580000,forsale,1332,installed,2020,,gas,53,2,,,true,104,true,,,2,,1,10/18/22
10151283,apartment,apartment,199000,forsale,9100,installed,1951,asnew,gas,266,2,,,,,true,,,,,,10/18/22
10150312,apartment,groundfloor,229541,forsale,2500,hyperequipped,2022,,,,1,,,,,true,,,,,,10/18/22
10149792,apartment,apartment,259000,forsale,8380,,,asnew,,,1,,,,,true,,,1,,,10/18/22
10149774,apartment,apartment,265000,forsale,8400,,,asnew,,,1,,,true,,true,,,1,,,10/18/22
10149782,apartment,apartment,295000,forsale,8400,,,asnew,,,1,,,true,,true,,,1,,,10/18/22
10149806,apartment,apartment,385000,forsale,8400,,,asnew,,,2,,,true,,true,,,1,,,10/18/22
10149773,apartment,apartment,389000,forsale,8400,,,asnew,,,2,,,true,,true,,,1,,,10/18/22
10149791,apartment,apartment,435000,forsale,8400,,,asnew,,,2,,,true,,true,,,1,,,10/18/22
10150614,apartment,apartment,495000,forsale,8400,,,asnew,,,2,,,true,,true,,,1,,,10/18/22
10149789,apartment,apartment,550000,forsale,8400,,,asnew,,,3,,,true,,true,,,1,,,10/18/22
10149777,apartment,apartment,555000,forsale,8400,,,asnew,,,2,,,true,,true,,,1,,,10/18/22
10139764,apartment,penthouse,631150,forsale,1410,usahyperequipped,2022,asnew,gas,,3,,,true,,true,,,,1,1,10/18/22
10149569,apartment,apartment,760000,forsale,1950,usahyperequipped,2013,asnew,gas,,3,,,true,,true,,,1,,,10/18/22
10137861,apartment,apartment,335000,forsale,9120,installed,2020,,gas,,2,,,,,true,,,1,,,10/18/22
10136965,apartment,apartment,499000,forsale,9700,installed,,,gas,,2,,,true,,true,,,,,,10/18/22
10156316,apartment,apartment,125000,forsale,6001,installed,,tobedoneup,fueloil,176,2,,,true,,true,,,,,,10/18/22
10156951,apartment,apartment,130000,forsale,8370,installed,1977,good,gas,396,1,,,,,,,,,,,10/18/22
10155954,apartment,apartment,219000,forsale,9050,semiequipped,1963,torenovate,gas,585,2,,,,,true,true,,1,,,10/18/22
10155420,apartment,apartment,240000,forsale,1030,installed,,good,gas,203,1,,,true,,true,,,,,,10/18/22
10154761,apartment,apartment,295000,forsale,1190,,,,,432,2,,,,,true,,,,,,10/18/22
10154766,apartment,groundfloor,320000,forsale,1745,hyperequipped,2008,asnew,gas,148,2,,,,90,true,,,1,1,,10/18/22
10154451,apartment,apartment,599000,forsale,8300,installed,1962,,gas,238,2,,,true,,true,,,,,,10/18/22
10156380,apartment,duplex,849000,forsale,1050,usahyperequipped,1920,justrenovated,,246,3,,,true,,true,true,,1,1,,10/18/22
10156381,apartment,duplex,849000,forsale,1180,usahyperequipped,1920,justrenovated,,246,3,,,true,,true,true,,1,1,,10/18/22
10156364,apartment,duplex,849000,forsale,1190,usahyperequipped,1920,justrenovated,,246,3,,,true,,true,true,,1,1,,10/18/22
10097081,apartment,apartment,1500000,forsale,1050,usahyperequipped,1929,asnew,gas,214,3,,,true,,true,true,,2,2,,10/18/22
10140605,apartment,apartment,165000,forsale,1070,usainstalled,1950,good,gas,373,1,,,true,,,true,,,,,10/18/22
10141845,apartment,apartment,188000,forsale,2550,,1976,torenovate,gas,283,3,,,true,,true,,,,,,10/18/22
10158182,house,house,240000,forsale,5300,installed,,justrenovated,fueloil,299,2,300,true,true,,true,true,,1,2,,10/18/22
9625357,house,house,131000,forsale,2550,notinstalled,1930,,gas,371,3,1664,,true,1100,true,,,1,,,10/18/22
10158172,apartment,apartment,260000,forsale,8870,installed,2020,good,gas,47,2,,,,,true,,,,,,10/18/22
10158154,house,house,290000,forsale,7900,installed,2021,,gas,,3,515,true,,,,,,,2,1,10/18/22
10158153,house,bungalow,445000,forsale,1410,hyperequipped,1973,good,electric,555,2,681,true,,500,true,,,2,3,,10/18/22
10158149,apartment,flatstudio,59000,forsale,4000,notinstalled,,tobedoneup,,251,1,,,,,,,,,,,10/18/22
9641565,house,house,184000,forsale,2550,,,good,gas,,5,155,,true,,true,,,,1,,10/18/22
10121293,house,house,275000,forsale,1420,,,torenovate,fueloil,515,2,207,,,100,,true,,,,,10/18/22
10142565,apartment,apartment,225000,forsale,5100,installed,1895,torenovate,gas,167,2,,,,,true,,,,,,10/18/22
10141954,apartment,apartment,270000,forsale,2300,installed,2021,,,,2,,,true,,true,,,,,,10/18/22
10141957,apartment,apartment,304250,forsale,2300,installed,2021,,,,3,,,true,,true,,,,,,10/18/22
10141949,apartment,apartment,306014,forsale,2300,installed,2021,,,,2,,,true,,true,,,,,,10/18/22
10141958,apartment,apartment,312475,forsale,2300,installed,2021,,,,2,,,true,,true,,,,,,10/18/22
10141953,apartment,apartment,435000,forsale,2300,installed,2021,,,,3,,,true,,true,,,,,,10/18/22
10141947,apartment,apartment,451473,forsale,2300,installed,2021,,,,2,,,true,,true,,,,,,10/18/22
10141946,apartment,apartment,453851,forsale,2300,installed,2021,,,,2,,,true,,true,,,,,,10/18/22
9830106,apartment,apartment,40000,forsale,9000,installed,1973,good,gas,,2,,,true,,true,,,,,,10/18/22
9932863,apartment,apartment,79000,forsale,4020,semiequipped,,good,electric,310,1,,,true,,,,,,,,10/18/22
9874327,apartment,flatstudio,80000,forsale,8434,semiequipped,1959,torenovate,gas,514,0,,,,,,,,,,,10/18/22
10088821,apartment,apartment,99000,forsale,4100,hyperequipped,1949,good,gas,430,1,,,true,,,,,,,,10/18/22
10017681,apartment,serviceflat,110000,forsale,3090,usainstalled,2010,good,electric,314,1,,,,,true,,,,,,10/18/22
10068087,apartment,flatstudio,115000,forsale,8430,installed,,good,electric,215,0,,,true,,,,,,,,10/18/22
10018747,apartment,apartment,159000,forsale,6041,installed,,good,gas,83,2,,,,,,,,,1,,10/18/22
9804208,apartment,apartment,165000,forsale,1082,installed,1959,good,gas,136,1,,,true,,true,,,,,,10/18/22
10105042,apartment,apartment,165000,forsale,4300,,,good,fueloil,463,2,,,true,,,,,1,,,10/18/22
10028497,apartment,apartment,182028,forsale,8791,hyperequipped,,asnew,gas,,1,,,,,true,,,,,,10/18/22
10066071,apartment,apartment,189000,forsale,8380,hyperequipped,,asnew,gas,,1,,,,,true,,,1,,,10/18/22
10031413,apartment,apartment,189900,forsale,9200,,,good,fueloil,303,3,,,true,,true,,,,,,10/18/22
10077293,apartment,groundfloor,195000,forsale,1030,,,tobedoneup,gas,408,1,,,true,,true,,,,,,10/18/22
10124214,apartment,flatstudio,195000,forsale,1050,,,,gas,74,0,,,,,,,,,,,10/18/22
10119206,apartment,apartment,195000,forsale,8380,hyperequipped,,asnew,gas,,1,,,true,,true,,,1,,,10/18/22
10066073,apartment,apartment,195000,forsale,8380,hyperequipped,,asnew,gas,,1,,,,,true,,,1,,,10/18/22
10066085,apartment,apartment,199000,forsale,8380,hyperequipped,,asnew,gas,,1,,,,,true,,,1,,,10/18/22
10076975,apartment,duplex,199000,forsale,9620,hyperequipped,,asnew,gas,,1,,,true,,,,,1,,,10/18/22
9990106,apartment,apartment,200000,forsale,8400,installed,,good,gas,,2,,,,,,,,,,,10/18/22
9905478,apartment,penthouse,208000,forsale,2500,installed,2022,,,,1,,,true,,true,,,,,,10/18/22
9911152,apartment,apartment,208086,forsale,2500,hyperequipped,2022,,,,1,,,,,true,,,,,,10/18/22
10120206,apartment,apartment,209000,forsale,8380,hyperequipped,,asnew,gas,,1,,,true,,true,,,1,,,10/18/22
10158182,house,house,240000,forsale,5300,installed,,justrenovated,fueloil,299,2,300,true,true,,true,true,,1,2,,10/18/22
9625357,house,house,131000,forsale,2550,notinstalled,1930,,gas,371,3,1664,,true,1100,true,,,1,,,10/18/22
10158172,apartment,apartment,260000,forsale,8870,installed,2020,good,gas,47,2,,,,,true,,,,,,10/18/22
10158154,house,house,290000,forsale,7900,installed,2021,,gas,,3,515,true,,,,,,,2,1,10/18/22
10158153,house,bungalow,445000,forsale,1410,hyperequipped,1973,good,electric,555,2,681,true,,500,true,,,2,3,,10/18/22
10158149,apartment,flatstudio,59000,forsale,4000,notinstalled,,tobedoneup,,251,1,,,,,,,,,,,10/18/22
9641565,house,house,184000,forsale,2550,,,good,gas,,5,155,,true,,true,,,,1,,10/18/22
10121293,house,house,275000,forsale,1420,,,torenovate,fueloil,515,2,207,,,100,,true,,,,,10/18/22
9911155,apartment,apartment,212166,forsale,2500,hyperequipped,2022,,,,1,,,,,true,,,,,,10/18/22
10085786,apartment,flatstudio,215000,forsale,1140,usahyperequipped,2019,asnew,gas,86,0,,,true,,true,,,,,,10/18/22
10102556,apartment,apartment,215000,forsale,8380,,,justrenovated,gas,255,2,,,,,,,,,,,10/18/22
10066053,apartment,apartment,215000,forsale,8380,hyperequipped,,asnew,gas,,1,,,,,true,,,1,,,10/18/22
10120208,apartment,apartment,219000,forsale,8380,hyperequipped,,asnew,gas,,1,,,true,,true,,,1,,,10/18/22
10077389,apartment,apartment,219500,forsale,2490,installed,2022,,,,1,,,true,,true,,,,,,10/18/22
9971921,apartment,apartment,220000,forsale,4560,,,,gas,164,3,,,,,true,,,,,,10/18/22
9738067,apartment,apartment,223000,forsale,4500,,2021,,,96,2,,,true,,true,,,1,,,10/18/22
9876945,apartment,apartment,227350,forsale,8600,hyperequipped,,asnew,gas,,2,,,,,true,,,,,,10/18/22
9946428,apartment,apartment,229000,forsale,1080,installed,,good,electric,,2,,,true,,true,,,,,,10/18/22
10119227,apartment,apartment,229500,forsale,8380,hyperequipped,,asnew,gas,,2,,,true,,true,,,1,,,10/18/22
9971922,apartment,apartment,230000,forsale,4560,,,,gas,120,2,,,,,true,,,,,,10/18/22
9898855,apartment,apartment,231000,forsale,2500,installed,2022,,,,1,,,true,,true,,,1,,,10/18/22
10015873,apartment,apartment,235000,forsale,4560,,,,gas,135,3,,,,,true,,,,,,10/18/22
10120207,apartment,apartment,235000,forsale,8380,hyperequipped,,asnew,gas,,2,,,true,,true,,,1,,,10/18/22
10066069,apartment,apartment,235000,forsale,8380,hyperequipped,,asnew,gas,,2,,,,,true,,,1,,,10/18/22
10120209,apartment,apartment,239000,forsale,8380,hyperequipped,,asnew,gas,,2,,,true,,true,,,1,,,10/18/22
9628470,apartment,apartment,240000,forsale,8870,hyperequipped,,asnew,gas,,2,,,,,true,,,,,,10/18/22
9911154,apartment,apartment,240474,forsale,2500,hyperequipped,2022,,,,1,,,,,true,,,,,,10/18/22
9898808,apartment,penthouse,241000,forsale,2500,installed,2022,,,,1,,,true,,true,,,1,,,10/18/22
9839454,apartment,apartment,244000,forsale,4633,installed,,,gas,,2,,,,,true,,,,,,10/18/22
9869802,apartment,apartment,245000,forsale,1300,usasemiequipped,,asnew,gas,417,2,,,true,,true,,,,,,10/18/22
10066014,apartment,apartment,245000,forsale,8380,hyperequipped,,asnew,gas,,2,,,,,true,,,1,,,10/18/22
10066011,apartment,apartment,245000,forsale,8380,hyperequipped,,asnew,gas,,2,,,,,true,,,1,,,10/18/22
9628427,apartment,apartment,245000,forsale,8870,hyperequipped,,asnew,gas,,2,,,,,true,,,,,,10/18/22
10113914,apartment,apartment,259000,forsale,1755,installed,2021,,gas,,1,,,true,,true,,,1,,,10/18/22
10120199,apartment,apartment,259000,forsale,8380,hyperequipped,,asnew,gas,,2,,,true,,true,,,1,,,10/18/22
9523534,apartment,apartment,262467,forsale,2400,installed,2022,,,,2,,,true,,true,,,,,,10/18/22
10068516,apartment,apartment,265000,forsale,8620,,2005,asnew,electric,436,2,,,,,true,,,,,,10/18/22
9884314,apartment,groundfloor,269000,forsale,1020,notinstalled,1935,good,,,3,,,true,57,,true,,,,,10/18/22
10158182,house,house,240000,forsale,5300,installed,,justrenovated,fueloil,299,2,300,true,true,,true,true,,1,2,,10/18/22
9625357,house,house,131000,forsale,2550,notinstalled,1930,,gas,371,3,1664,,true,1100,true,,,1,,,10/18/22
10158172,apartment,apartment,260000,forsale,8870,installed,2020,good,gas,47,2,,,,,true,,,,,,10/18/22
10158154,house,house,290000,forsale,7900,installed,2021,,gas,,3,515,true,,,,,,,2,1,10/18/22
10158153,house,bungalow,445000,forsale,1410,hyperequipped,1973,good,electric,555,2,681,true,,500,true,,,2,3,,10/18/22
10158149,apartment,flatstudio,59000,forsale,4000,notinstalled,,tobedoneup,,251,1,,,,,,,,,,,10/18/22
9641565,house,house,184000,forsale,2550,,,good,gas,,5,155,,true,,true,,,,1,,10/18/22
10121293,house,house,275000,forsale,1420,,,torenovate,fueloil,515,2,207,,,100,,true,,,,,10/18/22
9934430,apartment,apartment,269000,forsale,8460,hyperequipped,,asnew,fueloil,,2,,,,,true,,,,1,,10/18/22
9971919,apartment,duplex,270000,forsale,4400,,2021,,gas,95,3,,,true,,true,true,,,1,,10/18/22
9971918,apartment,duplex,270000,forsale,4400,,2021,,gas,96,3,,,true,,true,true,,,1,,10/18/22
10114368,apartment,apartment,275000,forsale,1082,,,,gas,160,2,,,true,,true,,,,,,10/18/22
10066070,apartment,apartment,279500,forsale,8380,hyperequipped,,asnew,gas,,2,,,,,true,,,1,,,10/18/22
10117436,apartment,apartment,295000,forsale,3300,usahyperequipped,2022,asnew,,,2,,,,,true,,,,,,10/18/22
9898584,apartment,penthouse,300000,forsale,1030,usasemiequipped,,torenovate,gas,,3,,,,,,true,,,,,10/18/22
9957072,apartment,apartment,310000,forsale,8500,installed,,good,gas,,2,,,,,true,,,,,,10/18/22
10126907,apartment,apartment,315000,forsale,8400,hyperequipped,,good,gas,,2,,,,,true,,,,,,10/18/22
10108243,apartment,apartment,317500,forsale,9140,installed,2021,,,,2,,,,,true,,,,1,,10/18/22
10066074,apartment,penthouse,325000,forsale,8380,hyperequipped,,asnew,gas,,1,,,,,true,,,1,,,10/18/22
10078242,apartment,apartment,339000,forsale,1800,,2005,asnew,gas,236,2,,,,,true,,,,1,,10/18/22
10120235,apartment,penthouse,339000,forsale,8380,hyperequipped,,asnew,gas,,2,,,true,,true,,,1,,,10/18/22
10035770,apartment,apartment,344900,forsale,2200,installed,2020,,,,3,,,true,,true,,,1,,,10/18/22
10092468,apartment,duplex,345000,forsale,2800,installed,,good,gas,107,2,,,,7,true,,,,,,10/18/22
9933966,apartment,apartment,345000,forsale,8460,hyperequipped,,asnew,gas,,2,,,,,true,,,,1,,10/18/22
9839457,apartment,penthouse,353000,forsale,4633,installed,,,gas,,3,,,,,true,,,2,2,,10/18/22
9839455,apartment,apartment,353000,forsale,4633,installed,,,gas,,3,,,,,true,,,2,2,,10/18/22
10078648,apartment,penthouse,359000,forsale,2490,installed,2022,,,,3,,,true,,true,,,,,,10/18/22
10102043,apartment,apartment,369000,forsale,1140,hyperequipped,2011,asnew,gas,113,2,,,,40,true,,,,1,,10/18/22
10091491,apartment,apartment,372500,forsale,2000,usainstalled,,,gas,236,1,,,,,,,,,,,10/18/22
10076866,apartment,loft,375000,forsale,9620,hyperequipped,,asnew,gas,,3,,,true,,true,,,,,,10/18/22
10046937,apartment,apartment,389000,forsale,2018,semiequipped,,tobedoneup,gas,260,3,,,true,,true,,,,,,10/18/22
10120223,apartment,apartment,395000,forsale,8380,hyperequipped,,asnew,gas,,2,,,true,,true,,,1,,,10/18/22
9780377,apartment,apartment,399000,forsale,2000,installed,,asnew,gas,78,2,,,,,true,,,1,,,10/18/22
10120236,apartment,penthouse,399000,forsale,8380,hyperequipped,,asnew,gas,,2,,,true,,true,,,1,,,10/18/22
9911147,apartment,apartment,404442,forsale,2500,hyperequipped,2022,,,,3,,,,,true,,,,,,10/18/22
10042219,apartment,duplex,405000,forsale,8420,hyperequipped,,asnew,gas,,3,,,,,,,,,,,10/18/22
10108619,apartment,duplex,440000,forsale,1060,,1930,,gas,253,1,,,true,72,true,true,,,,,10/18/22
10158182,house,house,240000,forsale,5300,installed,,justrenovated,fueloil,299,2,300,true,true,,true,true,,1,2,,10/18/22
9625357,house,house,131000,forsale,2550,notinstalled,1930,,gas,371,3,1664,,true,1100,true,,,1,,,10/18/22
10158172,apartment,apartment,260000,forsale,8870,installed,2020,good,gas,47,2,,,,,true,,,,,,10/18/22
10158154,house,house,290000,forsale,7900,installed,2021,,gas,,3,515,true,,,,,,,2,1,10/18/22
10158153,house,bungalow,445000,forsale,1410,hyperequipped,1973,good,electric,555,2,681,true,,500,true,,,2,3,,10/18/22
10158149,apartment,flatstudio,59000,forsale,4000,notinstalled,,tobedoneup,,251,1,,,,,,,,,,,10/18/22
9641565,house,house,184000,forsale,2550,,,good,gas,,5,155,,true,,true,,,,1,,10/18/22
10121293,house,house,275000,forsale,1420,,,torenovate,fueloil,515,2,207,,,100,,true,,,,,10/18/22
10108618,apartment,duplex,440000,forsale,1060,,1930,,gas,253,1,,,true,72,true,true,,,,,10/18/22
9997568,apartment,apartment,465000,forsale,1180,installed,1954,good,gas,102,3,,,true,,true,,,1,,,10/18/22
9028052,apartment,apartment,490000,forsale,2000,usahyperequipped,2020,,gas,,2,,,true,,true,,,,,,10/18/22
8982103,apartment,apartment,495000,forsale,1040,hyperequipped,,justrenovated,,,2,,,true,,true,,,,,,10/18/22
10112039,apartment,apartment,495000,forsale,1050,hyperequipped,1950,asnew,gas,153,2,,,true,,true,,,1,1,,10/18/22
10120333,apartment,apartment,495000,forsale,1180,installed,1960,torenovate,gas,139,3,,,true,,true,,,1,,,10/18/22
10066054,apartment,penthouse,495000,forsale,8380,hyperequipped,,asnew,gas,,3,,,,,true,,,1,,,10/18/22
10124183,apartment,loft,520000,forsale,1000,installed,1850,good,gas,198,2,,,true,,,,,,1,,10/18/22
10054332,apartment,apartment,530000,forsale,1180,installed,1970,good,gas,272,3,,,true,,true,,true,1,1,,10/18/22
10022173,apartment,apartment,550000,forsale,8670,hyperequipped,,asnew,gas,,2,,,true,,true,,,1,,,10/18/22
9498979,apartment,duplex,559000,forsale,2000,installed,,good,gas,,2,,,,,true,,,,,,10/18/22
9230546,apartment,serviceflat,591000,forsale,8300,usahyperequipped,2021,asnew,,,1,,,true,,true,,,1,1,,10/18/22
10114343,apartment,duplex,599000,forsale,1000,,2004,,gas,121,3,,,,,true,,,,,,10/18/22
10097286,apartment,apartment,660000,forsale,1000,hyperequipped,,good,gas,,2,,,true,,,,,,,,10/18/22
10067822,apartment,apartment,660000,forsale,1000,hyperequipped,,good,gas,,2,,,true,,,,,,,,10/18/22
9464027,apartment,serviceflat,661000,forsale,8300,usahyperequipped,2021,asnew,,,1,,,true,,true,,,1,1,,10/18/22
10126514,apartment,apartment,695000,forsale,1970,,1974,good,gas,137,4,,,true,,true,,,,,,10/18/22
9914310,apartment,apartment,699000,forsale,1150,hyperequipped,2009,good,gas,94,3,,,true,,true,,,,,,10/18/22
9854327,apartment,penthouse,725000,forsale,1180,usahyperequipped,1973,asnew,electric,397,3,,,true,,true,,,1,,,10/18/22
10036493,apartment,penthouse,769000,forsale,8000,hyperequipped,,asnew,gas,,3,,,,,true,,,1,,,10/18/22
9498646,apartment,penthouse,799000,forsale,2000,installed,,good,gas,,2,,,,,true,,,,,,10/18/22
10056199,apartment,apartment,1250000,forsale,2018,installed,2022,asnew,,,2,,true,,,true,,,2,,,10/18/22
9620657,apartment,apartment,1390000,forsale,1000,usahyperequipped,2005,asnew,gas,105,3,,,true,,,,,,1,,10/18/22
8419082,apartment,apartment,1650000,forsale,1000,hyperequipped,2014,asnew,gas,67,3,,,true,,true,,,,,,10/18/22
7890191,apartment,apartment,1790000,forsale,1050,installed,1935,asnew,gas,315,4,,,true,,true,true,,2,,,10/18/22
10096248,apartment,penthouse,1950000,forsale,1050,hyperequipped,2015,asnew,gas,107,3,,,,,true,,,,,,10/18/22
9753747,apartment,apartment,1980000,forsale,8300,,1989,asnew,gas,189,3,,,,,,,,,,,10/18/22
10122105,apartment,duplex,1995000,forsale,1180,,1990,asnew,gas,108,3,,,true,,true,,,2,,,10/18/22
9850548,apartment,apartment,2950000,forsale,8300,usahyperequipped,1967,asnew,gas,226,3,,,true,,true,,,,1,,10/18/22
9951563,apartment,duplex,8100000,forsale,8300,,2021,asnew,,,3,,,true,,,,,,,,10/18/22
10158182,house,house,240000,forsale,5300,installed,,justrenovated,fueloil,299,2,300,true,true,,true,true,,1,2,,10/18/22
9625357,house,house,131000,forsale,2550,notinstalled,1930,,gas,371,3,1664,,true,1100,true,,,1,,,10/18/22
10158172,apartment,apartment,260000,forsale,8870,installed,2020,good,gas,47,2,,,,,true,,,,,,10/18/22
10158154,house,house,290000,forsale,7900,installed,2021,,gas,,3,515,true,,,,,,,2,1,10/18/22
10158153,house,bungalow,445000,forsale,1410,hyperequipped,1973,good,electric,555,2,681,true,,500,true,,,2,3,,10/18/22
10158149,apartment,flatstudio,59000,forsale,4000,notinstalled,,tobedoneup,,251,1,,,,,,,,,,,10/18/22
9641565,house,house,184000,forsale,2550,,,good,gas,,5,155,,true,,true,,,,1,,10/18/22
10121293,house,house,275000,forsale,1420,,,torenovate,fueloil,515,2,207,,,100,,true,,,,,10/18/22
10145066,apartment,apartment,195000,forsale,8800,installed,1993,asnew,,206,3,,,true,,true,,,2,,,10/18/22
10094111,apartment,flatstudio,92000,forsale,7500,installed,1972,asnew,gas,80,0,,,,,true,,,,,,10/18/22
10133139,apartment,flatstudio,165000,forsale,1410,usasemiequipped,1985,torenovate,electric,546,0,,,,,,,,1,,,10/18/22
10132509,apartment,apartment,248000,forsale,1080,installed,1965,good,gas,183,2,,,,,true,,,,,,10/18/22
10133103,apartment,apartment,280000,forsale,1080,usahyperequipped,2014,asnew,gas,71,2,,,true,,true,,,1,,,10/18/22
10133312,apartment,apartment,390000,forsale,1070,usainstalled,,asnew,,,2,,,true,,true,true,,,,,10/18/22
10149499,apartment,groundfloor,339150,forsale,9070,usahyperequipped,,asnew,gas,,2,,,,38,,,,,,1,10/18/22
10104154,apartment,apartment,225000,forsale,2100,usasemiequipped,1934,tobedoneup,fueloil,,2,,,true,,,,,,,,10/18/22
10147662,apartment,duplex,275000,forsale,9950,,1974,good,gas,219,3,,,,,true,,,,,,10/18/22
10135497,apartment,apartment,120000,forsale,4000,notinstalled,,,,180,1,,,true,,,,,,,,10/18/22
10134027,apartment,apartment,195000,forsale,1080,semiequipped,1978,torenovate,,262,2,,,,,true,,,1,,,10/18/22
10135512,apartment,groundfloor,307800,forsale,2560,installed,2022,,gas,,3,,,true,30,true,,,,,,10/18/22
10151997,apartment,apartment,198000,forsale,2800,usahyperequipped,1968,good,fueloil,271,1,,,,,,true,,,1,,10/18/22
10153153,apartment,apartment,205000,forsale,4020,notinstalled,,asnew,,118,2,,,,,,,,,,,10/18/22
10153430,apartment,apartment,259000,forsale,1083,installed,,asnew,gas,158,2,,,true,,true,,,1,1,,10/18/22
10140796,apartment,serviceflat,260000,forsale,9000,usainstalled,2022,,gas,,1,,,,,true,,,,10,1,10/18/22
10140795,apartment,serviceflat,260000,forsale,9000,usainstalled,2022,,gas,,1,,,,,true,,,,10,1,10/18/22
10140794,apartment,serviceflat,260000,forsale,9000,usainstalled,2022,,gas,,1,,,,,true,,,,10,1,10/18/22
10153925,apartment,apartment,325000,forsale,9070,installed,1966,justrenovated,gas,95,3,,,,,true,,,,,,10/18/22
10073567,apartment,apartment,395000,forsale,8800,hyperequipped,2016,asnew,gas,84,2,,,,,true,,,,,,10/18/22
10152001,apartment,duplex,438000,forsale,2800,installed,2003,good,,194,2,,,,,true,,,,,,10/18/22
10140976,apartmentgroup,apartmentgroup,356725-693450,forsale,1420,,,,,,,,,,,,,,,,1,10/18/22
10138564,apartment,apartment,165000,forsale,8400,,1970,torenovate,gas,290,2,,,,,,,,,,,10/18/22
9706755,apartment,apartment,170000,forsale,6060,hyperequipped,2021,asnew,gas,116,1,,,true,,true,,,,,1,10/18/22
10138395,apartment,apartment,189000,forsale,2940,,1977,good,gas,160,2,,,,,true,,,,,,10/18/22
9706664,apartment,apartment,205000,forsale,6060,hyperequipped,2021,asnew,gas,117,2,,,true,,true,,,,,1,10/18/22
9706609,apartment,apartment,210000,forsale,6060,hyperequipped,2021,asnew,gas,104,2,,,true,,,,,1,,1,10/18/22
9955890,apartment,apartment,240000,forsale,1070,usahyperequipped,2024,,gas,25,1,,,,,true,,,1,,1,10/18/22
10092687,apartment,apartment,244000,forsale,9120,usahyperequipped,2020,asnew,gas,34,1,,,true,,true,,,,1,1,10/18/22
10048203,apartment,apartment,255000,forsale,6000,hyperequipped,2022,asnew,gas,80,2,,,true,,true,,,14,10,1,10/18/22
10158182,house,house,240000,forsale,5300,installed,,justrenovated,fueloil,299,2,300,true,true,,true,true,,1,2,,10/18/22
9625357,house,house,131000,forsale,2550,notinstalled,1930,,gas,371,3,1664,,true,1100,true,,,1,,,10/18/22
10158172,apartment,apartment,260000,forsale,8870,installed,2020,good,gas,47,2,,,,,true,,,,,,10/18/22
10158154,house,house,290000,forsale,7900,installed,2021,,gas,,3,515,true,,,,,,,2,1,10/18/22
10158153,house,bungalow,445000,forsale,1410,hyperequipped,1973,good,electric,555,2,681,true,,500,true,,,2,3,,10/18/22
10158149,apartment,flatstudio,59000,forsale,4000,notinstalled,,tobedoneup,,251,1,,,,,,,,,,,10/18/22
9641565,house,house,184000,forsale,2550,,,good,gas,,5,155,,true,,true,,,,1,,10/18/22
10121293,house,house,275000,forsale,1420,,,torenovate,fueloil,515,2,207,,,100,,true,,,,,10/18/22
9706702,apartment,duplex,255000,forsale,6060,hyperequipped,2021,asnew,gas,116,3,,true,true,,,,,1,,1,10/18/22
10056512,apartment,apartment,259000,forsale,1840,installed,2023,asnew,,,2,,,true,,true,,,1,,1,10/18/22
9289482,apartment,apartment,259000,forsale,1932,installed,2019,asnew,gas,33,1,,,,,true,,,,,1,10/18/22
9761754,apartment,apartment,262500,forsale,8793,notinstalled,2022,asnew,,,3,,,,,true,,,,,1,10/18/22
10098960,apartment,apartment,265000,forsale,5100,usahyperequipped,2018,asnew,gas,85,1,,,,,true,,,,,1,10/18/22
9823470,apartment,apartment,270000,forsale,5100,usainstalled,2019,asnew,gas,69,2,,,true,,true,,,,1,1,10/18/22
9955891,apartment,apartment,275000,forsale,1070,usahyperequipped,2024,,gas,25,2,,,,,true,,,1,1,1,10/18/22
9867580,apartment,apartment,291500,forsale,4121,installed,2022,,gas,110,3,,,,29,true,,,,,1,10/18/22
9885164,apartment,loft,299000,forsale,4830,installed,2021,asnew,gas,145,2,,,,,true,true,,,2,1,10/18/22
9481679,apartment,apartment,299000,forsale,9200,hyperequipped,2014,asnew,gas,117,3,,,,,true,,,,1,1,10/18/22
9952468,apartment,apartment,320000,forsale,1380,installed,2018,,gas,119,2,,,true,,true,,,1,,1,10/18/22
9867577,apartment,apartment,324000,forsale,4121,installed,2022,,gas,108,4,,,,,true,,,,,1,10/18/22
9443243,apartment,apartment,325000,forsale,5100,usahyperequipped,2018,asnew,gas,46,2,,,,,true,,,,,1,10/18/22
10048211,apartment,penthouse,350000,forsale,6000,hyperequipped,2022,asnew,gas,80,2,,,true,,true,true,,14,10,1,10/18/22
9855137,apartment,groundfloor,357000,forsale,1140,usahyperequipped,2021,asnew,,,2,,,,188,true,,,1,,1,10/18/22
9955889,apartment,apartment,365000,forsale,1070,usahyperequipped,2024,,gas,25,3,,,,,true,,,1,,1,10/18/22
9898398,apartment,apartment,370000,forsale,1490,installed,2017,,gas,73,2,,,true,,true,,,1,,1,10/18/22
9884408,apartment,apartment,375000,forsale,1380,installed,2018,,gas,169,2,,,true,,true,,,1,,1,10/18/22
9888157,apartment,apartment,385000,forsale,1380,installed,2018,,gas,170,2,,,true,,true,,,1,,1,10/18/22
10138185,apartment,apartment,387500,forsale,9000,,1955,asnew,gas,147,2,,,,,,,,,,,10/18/22
9880661,apartment,groundfloor,620000,forsale,1180,usahyperequipped,,asnew,gas,20,3,,,true,85,true,,,,1,1,10/18/22
10090349,apartment,apartment,690000,forsale,3000,installed,2017,asnew,gas,105,3,,,,,true,,,,,1,10/18/22
10114856,apartment,penthouse,699000,forsale,1160,installed,2022,asnew,gas,45,2,,,true,,true,,,1,1,1,10/18/22
10064896,apartment,penthouse,799000,forsale,1050,installed,2022,asnew,gas,45,3,,,true,,true,,,1,1,1,10/18/22
10064892,apartment,penthouse,799000,forsale,1160,installed,2022,asnew,gas,45,3,,,true,,true,,,1,1,1,10/18/22
9217742,apartment,apartment,875000,forsale,1332,usahyperequipped,2013,asnew,gas,139,3,,,true,,true,true,,1,2,1,10/18/22
9059584,apartment,apartment,1839000,forsale,1000,usahyperequipped,2018,asnew,gas,66,3,,,,,true,,,,50,1,10/18/22
10143941,apartment,flatstudio,280000,forsale,1050,notinstalled,,asnew,,77,0,,,true,,,,,,,,10/18/22
10144024,apartment,penthouse,600000,forsale,1190,usahyperequipped,2011,,,130,3,,,,,true,,,2,,,10/18/22
10130203,apartment,apartment,125000,forsale,4500,semiequipped,1961,good,gas,301,1,,,true,,,,,,,,10/18/22
10158182,house,house,240000,forsale,5300,installed,,justrenovated,fueloil,299,2,300,true,true,,true,true,,1,2,,10/18/22
9625357,house,house,131000,forsale,2550,notinstalled,1930,,gas,371,3,1664,,true,1100,true,,,1,,,10/18/22
10158172,apartment,apartment,260000,forsale,8870,installed,2020,good,gas,47,2,,,,,true,,,,,,10/18/22
10158154,house,house,290000,forsale,7900,installed,2021,,gas,,3,515,true,,,,,,,2,1,10/18/22
10158153,house,bungalow,445000,forsale,1410,hyperequipped,1973,good,electric,555,2,681,true,,500,true,,,2,3,,10/18/22
10158149,apartment,flatstudio,59000,forsale,4000,notinstalled,,tobedoneup,,251,1,,,,,,,,,,,10/18/22
9641565,house,house,184000,forsale,2550,,,good,gas,,5,155,,true,,true,,,,1,,10/18/22
10121293,house,house,275000,forsale,1420,,,torenovate,fueloil,515,2,207,,,100,,true,,,,,10/18/22
10131942,apartment,apartment,249000,forsale,2170,usahyperequipped,1964,justrenovated,gas,137,2,,,,,true,,,1,,,10/18/22
10131837,apartment,loft,675000,forsale,7041,usahyperequipped,2016,good,,133,3,,,,700,true,true,,6,3,,10/18/22
10146794,apartment,apartment,195000,forsale,2540,,1958,good,gas,241,2,,,,,,,,,,,10/18/22
10094018,apartment,apartment,289000,forsale,8670,usainstalled,1991,asnew,electric,,2,,,,,true,,,,,,10/18/22
10148886,apartment,groundfloor,145000,forsale,1080,notinstalled,,torenovate,,300,1,,,,,true,,,,,,10/18/22
10149565,apartment,apartment,159500,forsale,8380,,,good,,108,1,,,,,,,,,,,10/18/22
10150625,apartment,apartment,235000,forsale,8380,,,good,,246,2,,,true,,,,,1,,,10/18/22
10150493,apartment,apartment,275000,forsale,1500,,1995,good,electric,327,2,,,true,,true,,,1,,,10/18/22
10150387,apartment,apartment,615000,forsale,8400,,,asnew,electric,,2,,,true,,true,,,1,1,,10/18/22
10150537,apartment,penthouse,625000,forsale,8400,,,asnew,electric,,2,,,true,,true,,,1,1,,10/18/22
10150532,apartment,penthouse,625000,forsale,8400,,,asnew,electric,,2,,,true,,true,,,1,1,,10/18/22
10149062,apartment,apartment,675000,forsale,8300,hyperequipped,1966,justrenovated,gas,98,2,,,true,,,,,,,,10/18/22
10149063,apartment,apartment,715000,forsale,8300,hyperequipped,1999,torenovate,gas,103,2,,,true,,true,,,,,,10/18/22
10136139,apartment,apartment,134000,forsale,4000,notinstalled,,good,fueloil,247,2,,,,,true,,,,,,10/18/22
10137519,apartment,apartment,157000,forsale,1140,,1995,good,electric,466,1,,,,,true,,,1,,,10/18/22
10089117,apartment,apartment,169650,forsale,2440,installed,1982,good,gas,212,2,,,true,,true,,,1,,,10/18/22
10136040,apartment,apartment,175000,forsale,1140,semiequipped,1968,tobedoneup,gas,314,1,,,true,,true,true,,,,,10/18/22
10136826,apartment,apartment,179000,forsale,1070,semiequipped,,good,gas,576,1,,,,,,,,,,,10/18/22
10089110,apartment,apartment,189650,forsale,2440,hyperequipped,1982,good,gas,146,2,,,true,,true,,,1,,,10/18/22
10136235,apartment,penthouse,695000,forsale,1050,usahyperequipped,1957,asnew,gas,190,2,,,true,,true,,,1,,,10/18/22
10136277,apartment,penthouse,2895000,forsale,2000,usahyperequipped,2016,asnew,gas,189,4,,,true,,true,true,,4,8,,10/18/22
10157650,apartment,groundfloor,447500,forsale,9000,hyperequipped,,asnew,,,1,,,,5,true,,,,1,1,10/18/22
10154555,apartment,apartment,169000,forsale,4870,installed,1954,good,gas,305,2,,,,,,,,,,,10/18/22
10141138,apartment,apartment,100000,forsale,4000,installed,1966,good,fueloil,283,2,,,,240,true,,,,,,10/18/22
10141398,apartment,apartment,109000,forsale,2060,installed,,asnew,,609,1,,,true,,,,,,,,10/18/22
10022822,apartment,flatstudio,280000,forsale,1000,notinstalled,,asnew,,77,0,,,true,,,,,,,,10/18/22
10130464,apartment,apartment,455000,forsale,1180,usahyperequipped,2022,asnew,,55,2,,,true,,true,,,1,1,1,10/18/22
10141373,apartment,groundfloor,895000,forsale,1050,hyperequipped,,asnew,,157,2,,,true,,true,,,,,,10/18/22
10121741,apartment,apartment,75000,forsale,4100,semiequipped,,tobedoneup,electric,398,1,,,,,true,,,,1,,10/18/22
9802874,apartment,apartment,85000,forsale,7100,notinstalled,1965,torenovate,fueloil,224,2,,,true,,true,,,1,,,10/18/22
10158182,house,house,240000,forsale,5300,installed,,justrenovated,fueloil,299,2,300,true,true,,true,true,,1,2,,10/18/22
9625357,house,house,131000,forsale,2550,notinstalled,1930,,gas,371,3,1664,,true,1100,true,,,1,,,10/18/22
10158172,apartment,apartment,260000,forsale,8870,installed,2020,good,gas,47,2,,,,,true,,,,,,10/18/22
10158154,house,house,290000,forsale,7900,installed,2021,,gas,,3,515,true,,,,,,,2,1,10/18/22
10158153,house,bungalow,445000,forsale,1410,hyperequipped,1973,good,electric,555,2,681,true,,500,true,,,2,3,,10/18/22
10158149,apartment,flatstudio,59000,forsale,4000,notinstalled,,tobedoneup,,251,1,,,,,,,,,,,10/18/22
9641565,house,house,184000,forsale,2550,,,good,gas,,5,155,,true,,true,,,,1,,10/18/22
10121293,house,house,275000,forsale,1420,,,torenovate,fueloil,515,2,207,,,100,,true,,,,,10/18/22
9937582,apartment,groundfloor,94500,forsale,4950,installed,,good,fueloil,704,2,,,,,,,,,,,10/18/22
10009017,apartment,flatstudio,110000,forsale,8430,installed,1972,good,electric,276,0,,,true,,true,,,,,,10/18/22
10121743,apartment,apartment,111000,forsale,4100,installed,,good,gas,475,1,,,true,,true,,,,1,,10/18/22
10084948,apartment,apartment,125000,forsale,4000,notinstalled,1980,asnew,gas,315,2,,,,,true,,,1,,,10/18/22
10060215,apartment,apartment,125000,forsale,8420,hyperequipped,,good,electric,344,1,,,,,true,,,,1,,10/18/22
10086793,apartment,flatstudio,130000,forsale,4700,installed,1988,asnew,gas,413,1,,,true,,true,,,1,,,10/18/22
9891095,apartment,apartment,130000,forsale,8800,semiequipped,1977,tobedoneup,gas,358,3,,,,,true,,,1,,,10/18/22
9882564,apartment,apartment,130000,forsale,8800,semiequipped,1977,tobedoneup,gas,358,3,,,,,true,,,1,,,10/18/22
9967368,apartment,apartment,134000,forsale,9300,semiequipped,1989,,electric,446,1,,,,,,,,,,,10/18/22
9954885,apartment,apartment,139000,forsale,6061,notinstalled,,torenovate,gas,386,2,,,true,,true,,,3,3,,10/18/22
10095347,apartment,apartment,140000,forsale,4970,installed,2009,asnew,fueloil,279,2,,,true,,true,,,1,,,10/18/22
10119847,apartment,flatstudio,145000,forsale,2060,semiequipped,2014,good,gas,111,0,,,true,,true,,,1,,,10/18/22
9714192,apartment,apartment,145000,forsale,8660,,1960,good,,117,1,,,,,,,,,,,10/18/22
10043388,apartment,duplex,147000,forsale,8380,usahyperequipped,2005,,gas,140,1,,,,,,,,1,1,,10/18/22
9980864,apartment,apartment,149000,forsale,2630,installed,1955,torenovate,electric,699,2,,,true,,,,,,,,10/18/22
9953788,apartment,groundfloor,150000,forsale,1348,semiequipped,1993,good,electric,362,1,,,,,true,,,,1,,10/18/22
9868225,apartment,apartment,155000,forsale,6700,,1978,,electric,320,1,,,,,true,,,,,,10/18/22
10042458,apartment,apartment,159000,forsale,8400,installed,1950,good,gas,188,1,,,,,,,,,,,10/18/22
10118121,apartment,apartment,160000,forsale,1080,installed,1960,good,fueloil,398,3,,,true,,,,,,,,10/18/22
10125519,apartment,apartment,160000,forsale,5000,installed,,justrenovated,gas,323,1,,,,,,,,,,,10/18/22
9997492,apartment,apartment,160000,forsale,6600,semiequipped,,good,gas,115,1,,,true,,,,,,,,10/18/22
10108698,apartment,apartment,160000,forsale,8430,installed,1975,tobedoneup,electric,279,1,,,true,,,,,,,,10/18/22
10115136,apartment,apartment,165000,forsale,8930,installed,,good,gas,233,3,,,,,,,,,,,10/18/22
9901728,apartment,apartment,166000,forsale,4000,,,,gas,270,2,,,true,,true,,,1,,,10/18/22
10016801,apartment,apartment,170000,forsale,8800,installed,1967,asnew,gas,154,2,,,,,true,,,1,,,10/18/22
10041782,apartment,apartment,174000,forsale,9160,notinstalled,2018,asnew,,,1,,,,,true,,,,1,,10/18/22
9992303,apartment,apartment,175000,forsale,1400,installed,1968,good,fueloil,157,2,,,true,,true,,,1,,,10/18/22
10101465,apartment,penthouse,175000,forsale,2660,hyperequipped,1978,torenovate,gas,375,2,,,,,true,,,1,,,10/18/22
10088978,apartment,apartment,175000,forsale,8400,hyperequipped,,asnew,gas,293,1,,,true,,,,,,,,10/18/22
10078461,apartment,groundfloor,178500,forsale,4680,installed,,good,gas,309,2,,,,,,,,,,,10/18/22
10158182,house,house,240000,forsale,5300,installed,,justrenovated,fueloil,299,2,300,true,true,,true,true,,1,2,,10/18/22
9625357,house,house,131000,forsale,2550,notinstalled,1930,,gas,371,3,1664,,true,1100,true,,,1,,,10/18/22
10158172,apartment,apartment,260000,forsale,8870,installed,2020,good,gas,47,2,,,,,true,,,,,,10/18/22
10158154,house,house,290000,forsale,7900,installed,2021,,gas,,3,515,true,,,,,,,2,1,10/18/22
10158153,house,bungalow,445000,forsale,1410,hyperequipped,1973,good,electric,555,2,681,true,,500,true,,,2,3,,10/18/22
10158149,apartment,flatstudio,59000,forsale,4000,notinstalled,,tobedoneup,,251,1,,,,,,,,,,,10/18/22
9641565,house,house,184000,forsale,2550,,,good,gas,,5,155,,true,,true,,,,1,,10/18/22
10121293,house,house,275000,forsale,1420,,,torenovate,fueloil,515,2,207,,,100,,true,,,,,10/18/22
10016158,apartment,apartment,179000,forsale,2870,hyperequipped,1992,good,gas,197,1,,,true,,,,,,,,10/18/22
10101681,apartment,apartment,179000,forsale,9620,installed,1974,asnew,gas,183,1,,,true,,true,,,,,,10/18/22
10002845,apartment,apartment,183000,forsale,3290,installed,1960,asnew,gas,485,2,,,,,true,,,,,,10/18/22
9661465,apartment,serviceflat,185000,forsale,1180,installed,,good,electric,227,1,,,,,true,,,1,1,,10/18/22
10077252,apartment,penthouse,185000,forsale,8301,usainstalled,,asnew,electric,393,1,,,,60000,,,true,,50,,10/18/22
10035319,apartment,apartment,189000,forsale,2150,installed,,,gas,356,2,,,,,true,,,2,1,,10/18/22
10110525,apartment,apartment,189000,forsale,8620,installed,1965,asnew,gas,309,1,,,,150,,,,,,,10/18/22
10022784,apartment,apartment,189000,forsale,8790,hyperequipped,,asnew,gas,91.96,1,,,,,,,,,,,10/18/22
10092413,apartment,apartment,189000,forsale,9860,installed,2006,asnew,gas,159,1,,true,,,true,,,,1,,10/18/22
10070792,apartment,flatstudio,195000,forsale,1150,usasemiequipped,,torenovate,gas,331,0,,,,,,,,,1,,10/18/22
10085603,apartment,apartment,195000,forsale,9000,installed,1996,asnew,electric,221,1,,,true,,true,,true,,1,,10/18/22
10085602,apartment,apartment,195000,forsale,9051,installed,1996,asnew,electric,221,1,,,true,,true,,true,,1,,10/18/22
10071126,apartment,duplex,197500,forsale,7331,usainstalled,2010,asnew,electric,273,2,,,,,,true,,1,,,10/18/22
9977797,apartment,apartment,198000,forsale,2222,semiequipped,1935,,gas,230,2,,,,,,,,,,,10/18/22
10030752,apartment,apartment,199000,forsale,1070,,,good,,231,2,,,true,,true,,,,,,10/18/22
9866363,apartment,serviceflat,199000,forsale,1800,usasemiequipped,2005,good,gas,237,1,,,true,,true,,,,,,10/18/22
10084296,apartment,apartment,199000,forsale,6000,installed,1990,asnew,gas,104,2,,,true,,,,,,,,10/18/22
10084371,apartment,apartment,199000,forsale,9550,hyperequipped,,asnew,gas,101,2,,,,,,,,,1,,10/18/22
9360324,apartment,apartment,199500,forsale,4020,,2021,,gas,,4,,,,,,,,,,,10/18/22
10114187,apartment,apartment,200000,forsale,1140,installed,1980,good,gas,127,2,,,true,,true,,,,,,10/18/22
10009421,apartment,apartment,200000,forsale,4610,installed,2018,asnew,gas,130,1,,,true,,true,,,,,,10/18/22
10003148,apartment,apartment,205000,forsale,1080,installed,1974,tobedoneup,electric,313,2,,,true,,true,,,,,,10/18/22
9950894,apartment,apartment,205000,forsale,3545,installed,1996,good,gas,134,2,,,,,,,,,,,10/18/22
9834821,apartment,apartment,209000,forsale,4040,,,good,gas,202,2,,,true,90,true,,,1,,,10/18/22
10008466,apartment,apartment,210000,forsale,1090,installed,1966,,gas,130,1,,,true,,true,,,,,,10/18/22
10041314,apartment,apartment,210000,forsale,1150,installed,1960,torenovate,gas,407,1,,,true,,,,,,,,10/18/22
9862059,apartment,apartment,214950,forsale,1831,usainstalled,2015,good,gas,125,1,,,true,,true,,,1,,,10/18/22
10086599,apartment,apartment,215000,forsale,1080,notinstalled,1965,,gas,168,2,,,true,,true,,,1,,,10/18/22
10114850,apartment,apartment,217000,forsale,1831,hyperequipped,1995,asnew,gas,277,1,,,,,true,,,,1,,10/18/22
8271422,apartment,serviceflat,218000,forsale,1800,installed,2017,asnew,,105.39,1,,,,,true,,,,,,10/18/22
10158182,house,house,240000,forsale,5300,installed,,justrenovated,fueloil,299,2,300,true,true,,true,true,,1,2,,10/18/22
9625357,house,house,131000,forsale,2550,notinstalled,1930,,gas,371,3,1664,,true,1100,true,,,1,,,10/18/22
10158172,apartment,apartment,260000,forsale,8870,installed,2020,good,gas,47,2,,,,,true,,,,,,10/18/22
10158154,house,house,290000,forsale,7900,installed,2021,,gas,,3,515,true,,,,,,,2,1,10/18/22
10158153,house,bungalow,445000,forsale,1410,hyperequipped,1973,good,electric,555,2,681,true,,500,true,,,2,3,,10/18/22
10158149,apartment,flatstudio,59000,forsale,4000,notinstalled,,tobedoneup,,251,1,,,,,,,,,,,10/18/22
9641565,house,house,184000,forsale,2550,,,good,gas,,5,155,,true,,true,,,,1,,10/18/22
10121293,house,house,275000,forsale,1420,,,torenovate,fueloil,515,2,207,,,100,,true,,,,,10/18/22
10076086,apartment,apartment,219000,forsale,3720,installed,1995,asnew,gas,116,3,,,,,,,,,,,10/18/22
10121551,apartment,apartment,219000,forsale,8420,hyperequipped,,asnew,gas,361,2,,,,,true,,,1,,,10/18/22
10072901,apartment,apartment,220000,forsale,1630,,1971,justrenovated,gas,250,2,,,true,,true,,,,,,10/18/22
10021860,apartment,apartment,220000,forsale,8400,installed,2015,asnew,gas,123.63,2,,,,,true,,,,,,10/18/22
9969135,apartment,apartment,224900,forsale,6840,notinstalled,,asnew,gas,85,2,,,,,true,,,,,,10/18/22
10067632,apartment,apartment,225000,forsale,1400,hyperequipped,,good,electric,255,2,,,true,,true,,,1,,,10/18/22
9853068,apartment,serviceflat,225000,forsale,1970,usainstalled,2016,asnew,gas,131.52,1,,,true,,true,,,1,1,,10/18/22
9927013,apartment,groundfloor,225000,forsale,2660,installed,1966,justrenovated,gas,587,2,,,true,,true,,,,,,10/18/22
9649320,apartment,groundfloor,225000,forsale,5000,semiequipped,1964,good,gas,245,1,,,true,,true,,,,,,10/18/22
10123530,apartment,apartment,225000,forsale,9320,installed,1967,good,gas,561,2,,,,,,true,,,1,,10/18/22
10067737,apartment,apartment,229000,forsale,4032,hyperequipped,1997,asnew,gas,80,3,,,true,,true,,,1,1,,10/18/22
10074391,apartment,apartment,229000,forsale,4032,usasemiequipped,1968,good,fueloil,310,2,,,true,,true,,,1,1,,10/18/22
10076117,apartment,apartment,229500,forsale,2100,installed,1983,good,gas,126,2,,,true,,true,true,,,,,10/18/22
9977358,apartment,apartment,230000,forsale,6700,,2002,,electric,191,2,,,,,,,,,,,10/18/22
10116791,apartment,apartment,235000,forsale,1180,usainstalled,,asnew,gas,615,1,,,,,,,,,,,10/18/22
9913023,apartment,duplex,235000,forsale,1480,,,,gas,326,3,,,true,,,true,,,1,,10/18/22
10045499,apartment,apartment,235000,forsale,1640,usahyperequipped,,asnew,fueloil,201,1,,,,,true,,,1,,,10/18/22
10077577,apartment,duplex,235000,forsale,4000,hyperequipped,,,gas,78,3,,,true,,,,,,,,10/18/22
10110957,apartment,apartment,236000,forsale,2300,semiequipped,1960,asnew,gas,233,3,,,,,true,,,1,1,,10/18/22
10093708,apartment,apartment,239000,forsale,1770,hyperequipped,1983,asnew,electric,539,2,,,,100,,,,1,2,,10/18/22
9811999,apartment,apartment,239000,forsale,2020,installed,,good,gas,490,3,,,true,,,,,,,,10/18/22
10128369,apartment,apartment,239000,forsale,2100,hyperequipped,1970,asnew,gas,127,2,,,,,true,,,,,,10/18/22
10085832,apartment,apartment,239000,forsale,4000,installed,1996,good,electric,167,2,,,true,,true,,,1,,,10/18/22
10119213,apartment,penthouse,239000,forsale,9900,installed,2020,asnew,gas,122,1,,,,,,,,,,,10/18/22
10118441,apartment,duplex,240000,forsale,1080,semiequipped,1965,,gas,357,3,,,true,,true,,,1,,,10/18/22
10120190,apartment,apartment,245000,forsale,1180,notinstalled,1965,good,fueloil,271,2,,,true,,true,,,,,,10/18/22
10106468,apartment,apartment,245000,forsale,2600,installed,1972,asnew,gas,148,2,,,true,,true,,,,,,10/18/22
10086361,apartment,apartment,245000,forsale,2660,installed,2007,asnew,gas,159,2,,,,,true,,,1,,,10/18/22
10124390,apartment,apartment,249000,forsale,1083,,1967,justrenovated,gas,628,3,,,true,,true,,,1,,,10/18/22
10107302,apartment,apartment,249000,forsale,1480,installed,2017,,electric,77,2,,,true,,true,,,1,,,10/18/22
10158182,house,house,240000,forsale,5300,installed,,justrenovated,fueloil,299,2,300,true,true,,true,true,,1,2,,10/18/22
9625357,house,house,131000,forsale,2550,notinstalled,1930,,gas,371,3,1664,,true,1100,true,,,1,,,10/18/22
10158172,apartment,apartment,260000,forsale,8870,installed,2020,good,gas,47,2,,,,,true,,,,,,10/18/22
10158154,house,house,290000,forsale,7900,installed,2021,,gas,,3,515,true,,,,,,,2,1,10/18/22
10158153,house,bungalow,445000,forsale,1410,hyperequipped,1973,good,electric,555,2,681,true,,500,true,,,2,3,,10/18/22
10158149,apartment,flatstudio,59000,forsale,4000,notinstalled,,tobedoneup,,251,1,,,,,,,,,,,10/18/22
9641565,house,house,184000,forsale,2550,,,good,gas,,5,155,,true,,true,,,,1,,10/18/22
10121293,house,house,275000,forsale,1420,,,torenovate,fueloil,515,2,207,,,100,,true,,,,,10/18/22
10122590,apartment,apartment,249000,forsale,2100,hyperequipped,1975,asnew,gas,223,2,,,true,,true,,,,,,10/18/22
9976016,apartment,apartment,249000,forsale,7712,installed,,justrenovated,,157,1,,,,,true,,,,,,10/18/22
10107097,apartment,apartment,249000,forsale,9040,installed,1967,justrenovated,gas,166,2,,,,,,,,1,,,10/18/22
10098858,apartment,apartment,249000,forsale,9140,installed,2007,asnew,gas,111,2,,,,,true,,,1,,,10/18/22
10108240,apartment,apartment,250000,forsale,1030,installed,1927,good,gas,187,2,,,true,,true,,,,,,10/18/22
10052420,apartment,apartment,250000,forsale,1300,hyperequipped,1979,good,gas,183,2,,,true,,true,,,,1,,10/18/22
10055947,apartment,penthouse,250000,forsale,1330,notinstalled,1967,tobedoneup,,368,3,,,,,,,true,,1,,10/18/22
10116347,apartment,apartment,250000,forsale,5000,,2003,good,gas,210,2,,,,,,,,1,,,10/18/22
10108962,apartment,duplex,250000,forsale,5060,hyperequipped,2013,asnew,gas,130,3,,,true,,,,,1,,,10/18/22
10029625,apartment,apartment,253000,forsale,1180,semiequipped,1967,torenovate,gas,339,2,,,true,,true,,,1,,,10/18/22
10030636,apartment,apartment,255000,forsale,1020,installed,1955,justrenovated,gas,313,2,,true,true,,true,,,,,,10/18/22
10109501,apartment,apartment,255000,forsale,1853,hyperequipped,1969,justrenovated,fueloil,143,2,,,true,,true,,,,,,10/18/22
10074367,apartment,groundfloor,255000,forsale,8210,installed,,good,gas,168,2,,,,,true,,,,,,10/18/22
9957614,apartment,apartment,258000,forsale,8800,installed,2001,asnew,gas,128,2,,,,,true,,,1,1,,10/18/22
9709128,apartment,apartment,259000,forsale,1140,installed,,good,electric,234,2,,,,,,,,,1,,10/18/22
10085939,apartment,apartment,259000,forsale,9000,installed,1962,good,fueloil,397,1,,,true,,true,,,1,1,,10/18/22
9776533,apartment,groundfloor,260000,forsale,1180,hyperequipped,,asnew,electric,364,1,,,true,25,true,,,,,,10/18/22
9959679,apartment,apartment,260000,forsale,4000,,1965,good,gas,503,3,,,true,,true,,,,,,10/18/22
10126981,apartment,apartment,260000,forsale,8400,installed,1996,asnew,gas,157,2,,,true,,true,,,1,,,10/18/22
10096144,apartment,apartment,265000,forsale,1000,semiequipped,,good,gas,487,1,,,true,,true,,,,,,10/18/22
8674895,apartment,flatstudio,265000,forsale,1000,usahyperequipped,2020,asnew,gas,,0,,,true,,true,,,1,,,10/18/22
10128841,apartment,apartment,265000,forsale,1083,,1969,good,gas,274,3,,,true,,true,,,1,,,10/18/22
10126040,apartment,apartment,269000,forsale,1080,hyperequipped,1994,asnew,gas,125,2,,,true,,true,,,,,,10/18/22
10060353,apartment,apartment,269000,forsale,1140,hyperequipped,1972,good,gas,227,3,,,,,true,,,,,,10/18/22
9747424,apartment,loft,269000,forsale,7700,usahyperequipped,2017,asnew,gas,109,2,,,true,,true,true,,,1,,10/18/22
9957359,apartment,apartment,270000,forsale,2100,semiequipped,1997,justrenovated,gas,135,2,,,,,true,,,1,1,,10/18/22
10127201,apartment,apartment,275000,forsale,1120,usainstalled,1966,good,fueloil,475,2,,,,,true,,,,,,10/18/22
10118251,apartment,groundfloor,275000,forsale,1457,installed,,good,gas,123,2,,,,69,true,,true,,1,,10/18/22
10066264,apartment,triplex,275000,forsale,1800,usasemiequipped,,good,gas,141,3,,,true,,true,,,,,,10/18/22
10104640,apartment,apartment,279000,forsale,1030,installed,1932,good,gas,343,2,,,true,,,,,,,,10/18/22
10158182,house,house,240000,forsale,5300,installed,,justrenovated,fueloil,299,2,300,true,true,,true,true,,1,2,,10/18/22
9625357,house,house,131000,forsale,2550,notinstalled,1930,,gas,371,3,1664,,true,1100,true,,,1,,,10/18/22
10158172,apartment,apartment,260000,forsale,8870,installed,2020,good,gas,47,2,,,,,true,,,,,,10/18/22
10158154,house,house,290000,forsale,7900,installed,2021,,gas,,3,515,true,,,,,,,2,1,10/18/22
10158153,house,bungalow,445000,forsale,1410,hyperequipped,1973,good,electric,555,2,681,true,,500,true,,,2,3,,10/18/22
10158149,apartment,flatstudio,59000,forsale,4000,notinstalled,,tobedoneup,,251,1,,,,,,,,,,,10/18/22
9641565,house,house,184000,forsale,2550,,,good,gas,,5,155,,true,,true,,,,1,,10/18/22
10121293,house,house,275000,forsale,1420,,,torenovate,fueloil,515,2,207,,,100,,true,,,,,10/18/22
10030788,apartment,apartment,280000,forsale,1140,hyperequipped,,good,,274,1,,,true,11,,true,,,,,10/18/22
10009830,apartment,apartment,285000,forsale,1050,usahyperequipped,1965,good,gas,207,1,,,true,,,,,,,,10/18/22
10096503,apartment,apartment,285000,forsale,1180,installed,1953,good,fueloil,264,1,,,true,,true,,,,,,10/18/22
10049007,apartment,apartment,285000,forsale,1861,usahyperequipped,2011,good,gas,145,2,,,,,true,,,,,,10/18/22
9993215,apartment,apartment,285000,forsale,5300,installed,2001,tobedoneup,pellet,262,4,,,,250,true,,true,,,,10/18/22
9979153,apartment,apartment,289000,forsale,1090,installed,1979,good,fueloil,402,3,,,true,,true,,,1,1,,10/18/22
9954409,apartment,apartment,289000,forsale,3800,hyperequipped,2005,asnew,gas,188,3,,,true,,true,,,,,,10/18/22
9997419,apartment,apartment,291000,forsale,1070,installed,2009,good,electric,395,3,,,true,,true,,,1,,,10/18/22
9789819,apartment,groundfloor,295000,forsale,1325,installed,2007,good,fueloil,207,2,,,true,,true,,,2,,,10/18/22
10104665,apartment,apartment,295000,forsale,2140,hyperequipped,1960,justrenovated,gas,117,2,,,true,,true,,,1,,,10/18/22
9708032,apartment,duplex,295000,forsale,4342,installed,2008,asnew,gas,167,4,,,true,,true,,,1,1,,10/18/22
10055843,apartment,duplex,298000,forsale,4051,installed,2008,asnew,gas,173,4,,,true,,true,,,1,1,,10/18/22
9463376,apartment,apartment,299000,forsale,1020,hyperequipped,,asnew,gas,210,1,,,,,,,,,29,,10/18/22
9817048,apartment,apartment,299000,forsale,1050,installed,,good,gas,376,1,,,true,,,,,,,,10/18/22
9964639,apartment,penthouse,299000,forsale,1080,installed,2009,asnew,electric,376,2,,,true,,true,,,2,,,10/18/22
9966391,apartment,penthouse,299000,forsale,1081,installed,2009,asnew,electric,376,2,,,true,,true,,,2,,,10/18/22
9964640,apartment,penthouse,299000,forsale,1082,installed,2009,asnew,electric,376,2,,,true,,true,,,2,,,10/18/22
10061484,apartment,apartment,310000,forsale,1080,installed,1988,asnew,gas,120,2,,,true,,true,,,1,,,10/18/22
10000426,apartment,apartment,310000,forsale,8660,installed,1966,justrenovated,gas,119,3,,,,,true,,,,,,10/18/22
10097763,apartment,duplex,319000,forsale,2640,hyperequipped,,asnew,,,3,,,,,true,,,,,,10/18/22
9982790,apartment,loft,319000,forsale,4020,semiequipped,,good,gas,158,1,,,true,,true,,,,,,10/18/22
8993658,apartment,apartment,319000,forsale,4100,installed,2021,,gas,,2,,,true,,true,,,,,,10/18/22
10093468,apartment,apartment,319000,forsale,8400,installed,1958,asnew,gas,185,2,,,,,,,,,,,10/18/22
9977733,apartment,apartment,320000,forsale,1190,installed,,justrenovated,gas,320,2,,,true,,,,,1,,,10/18/22
9971291,apartment,loft,320000,forsale,2018,usainstalled,,good,gas,143,2,,,,,,,,,,,10/18/22
10129511,apartment,apartment,325000,forsale,1000,hyperequipped,1963,torenovate,,249,2,,,,,true,,,1,,,10/18/22
10075781,apartment,apartment,325000,forsale,1150,installed,1976,good,gas,153,2,,,true,,true,,,1,,,10/18/22
9966695,apartment,apartment,325000,forsale,1150,hyperequipped,1964,good,gas,261,3,,,true,,true,,,,,,10/18/22
10055837,apartment,apartment,325000,forsale,1160,installed,1960,asnew,fueloil,175,2,,,true,,true,,,1,1,,10/18/22
10127668,apartment,apartment,325000,forsale,2580,installed,,,gas,91,3,,,true,,true,,,2,,,10/18/22
10158182,house,house,240000,forsale,5300,installed,,justrenovated,fueloil,299,2,300,true,true,,true,true,,1,2,,10/18/22
9625357,house,house,131000,forsale,2550,notinstalled,1930,,gas,371,3,1664,,true,1100,true,,,1,,,10/18/22
10158172,apartment,apartment,260000,forsale,8870,installed,2020,good,gas,47,2,,,,,true,,,,,,10/18/22
10158154,house,house,290000,forsale,7900,installed,2021,,gas,,3,515,true,,,,,,,2,1,10/18/22
10158153,house,bungalow,445000,forsale,1410,hyperequipped,1973,good,electric,555,2,681,true,,500,true,,,2,3,,10/18/22
10158149,apartment,flatstudio,59000,forsale,4000,notinstalled,,tobedoneup,,251,1,,,,,,,,,,,10/18/22
9641565,house,house,184000,forsale,2550,,,good,gas,,5,155,,true,,true,,,,1,,10/18/22
10121293,house,house,275000,forsale,1420,,,torenovate,fueloil,515,2,207,,,100,,true,,,,,10/18/22
10010922,apartment,apartment,330000,forsale,1200,semiequipped,1964,good,,145,2,,,true,,true,,,1,,,10/18/22
10115215,apartment,apartment,335000,forsale,1030,notinstalled,1970,good,gas,209,3,,,,,true,,,,,,10/18/22
10125000,apartment,apartment,336000,forsale,1000,installed,,good,gas,,2,,,true,,true,,,,,,10/18/22
10043081,apartment,apartment,340000,forsale,1050,semiequipped,,good,gas,564,1,,,,,true,,,,,,10/18/22
10099307,apartment,groundfloor,349000,forsale,1180,installed,1972,good,gas,341,2,,,true,,true,,,1,1,,10/18/22
9824428,apartment,triplex,349900,forsale,1081,installed,1960,good,,342,3,,,true,,,true,,,,,10/18/22
10087258,apartment,apartment,350000,forsale,8370,hyperequipped,1976,asnew,gas,144,2,,,true,,true,,,,1,,10/18/22
10052527,apartment,apartment,358000,forsale,8370,usainstalled,2014,asnew,gas,110,3,,,,,true,,,,,,10/18/22
9990618,apartment,duplex,358000,forsale,9400,installed,2012,asnew,gas,117,2,,,,,,,,,,,10/18/22
9207783,apartment,apartment,365000,forsale,4000,hyperequipped,1963,asnew,gas,233,3,,,true,,true,,,1,,,10/18/22
10033192,apartment,apartment,365000,forsale,7000,installed,,good,electric,174,3,,,true,,true,,,1,,,10/18/22
9729532,apartment,groundfloor,366000,forsale,8370,usahyperequipped,2021,asnew,gas,,3,,,,,true,,,1,1,,10/18/22
10087238,apartment,apartment,367500,forsale,9100,installed,2016,asnew,gas,75,2,,,true,1,true,,,2,,,10/18/22
9923120,apartment,duplex,369000,forsale,9300,hyperequipped,1990,asnew,gas,144,3,,,true,,true,,,1,2,,10/18/22
10112534,apartment,duplex,370000,forsale,3001,installed,1991,good,electric,213,2,,,,,true,,,1,1,,10/18/22
10062882,apartment,apartment,372500,forsale,2018,installed,1923,asnew,gas,168,2,,,true,150,true,,,,,,10/18/22
10116898,apartment,apartment,375000,forsale,1000,,2014,,gas,,2,,,,,true,,,,,,10/18/22
9965435,apartment,duplex,379000,forsale,2018,installed,1918,justrenovated,gas,185,2,,,,,true,,,,,,10/18/22
10093746,apartment,apartment,379900,forsale,8670,installed,2006,justrenovated,gas,162,2,,,,,,,,,,,10/18/22
10109544,apartment,groundfloor,380000,forsale,1861,installed,2013,good,gas,123,2,,,,,true,,,,1,,10/18/22
9563647,apartment,apartment,385000,forsale,8430,installed,2004,asnew,electric,205,2,,,true,,true,,,,,,10/18/22
10115017,apartment,apartment,390000,forsale,1180,usainstalled,2024,asnew,,44,2,,,true,55,true,,,,,,10/18/22
10067535,apartment,apartment,390000,forsale,2800,installed,2022,,,,3,,,,,true,,,,,,10/18/22
10128270,apartment,apartment,395000,forsale,2018,usainstalled,1954,asnew,gas,200,2,,,,,true,,,,1,,10/18/22
10110350,apartment,groundfloor,399000,forsale,9300,hyperequipped,,good,gas,88,2,,,,40,true,,,1,1,,10/18/22
10049079,apartment,apartment,410000,forsale,1000,usainstalled,2004,good,gas,88,2,,,true,,true,,,,,,10/18/22
10110680,apartment,penthouse,445000,forsale,1501,hyperequipped,2003,asnew,gas,249,3,,,,,true,,,1,,,10/18/22
10125089,apartment,penthouse,449500,forsale,1000,,2002,good,,,2,,,,,true,,,,,,10/18/22
10098161,apartment,apartment,450000,forsale,8430,installed,2014,asnew,gas,133,2,,,,,true,,,,,,10/18/22
10122589,apartment,apartment,459000,forsale,8400,hyperequipped,1975,asnew,gas,153,2,,,true,,true,,,,,,10/18/22
10158182,house,house,240000,forsale,5300,installed,,justrenovated,fueloil,299,2,300,true,true,,true,true,,1,2,,10/18/22
9625357,house,house,131000,forsale,2550,notinstalled,1930,,gas,371,3,1664,,true,1100,true,,,1,,,10/18/22
10158172,apartment,apartment,260000,forsale,8870,installed,2020,good,gas,47,2,,,,,true,,,,,,10/18/22
10158154,house,house,290000,forsale,7900,installed,2021,,gas,,3,515,true,,,,,,,2,1,10/18/22
10158153,house,bungalow,445000,forsale,1410,hyperequipped,1973,good,electric,555,2,681,true,,500,true,,,2,3,,10/18/22
10158149,apartment,flatstudio,59000,forsale,4000,notinstalled,,tobedoneup,,251,1,,,,,,,,,,,10/18/22
9641565,house,house,184000,forsale,2550,,,good,gas,,5,155,,true,,true,,,,1,,10/18/22
10121293,house,house,275000,forsale,1420,,,torenovate,fueloil,515,2,207,,,100,,true,,,,,10/18/22
9631810,apartment,penthouse,459000,forsale,8670,installed,1975,tobedoneup,gas,327,2,,,,,true,,,,,,10/18/22
10082191,apartment,duplex,490000,forsale,1410,installed,1969,good,gas,214,4,,,true,200,true,true,,2,4,,10/18/22
9960403,apartment,apartment,495000,forsale,1190,installed,1958,torenovate,gas,230,3,,,true,,true,,,,,,10/18/22
9890970,apartment,apartment,495000,forsale,9000,installed,1967,asnew,gas,150,3,,,true,,true,,,,,,10/18/22
10115674,apartment,apartment,525000,forsale,1050,installed,1930,good,gas,307,3,,,true,,true,true,,3,,,10/18/22
10087918,apartment,apartment,529000,forsale,8370,installed,1987,asnew,electric,189,3,,,true,,true,,,,,,10/18/22
10117474,apartment,apartment,535000,forsale,8300,usahyperequipped,1975,justrenovated,gas,322,1,,,,,true,,,,,,10/18/22
9943235,apartment,apartment,547000,forsale,3500,installed,1939,asnew,gas,98,2,,,,,,,,,,,10/18/22
10106847,apartment,apartment,549000,forsale,2320,installed,2008,justrenovated,fueloil,231,4,,,,,true,true,,,4,,10/18/22
10026322,apartment,apartment,549000,forsale,3500,installed,1962,asnew,gas,54,3,,,,,,,,,,,10/18/22
9974002,apartment,groundfloor,565000,forsale,1200,usahyperequipped,2018,asnew,gas,96,3,,,true,,true,,,1,,,10/18/22
10052899,apartment,duplex,580000,forsale,1050,usahyperequipped,2010,asnew,,,2,,,true,15,true,,,1,,,10/18/22
9994174,apartment,apartment,590000,forsale,1060,installed,,asnew,gas,168,3,,,true,,,,,,2,,10/18/22
9949986,apartment,apartment,595000,forsale,8300,usahyperequipped,2004,asnew,gas,103,2,,,,,true,,,,,,10/18/22
7698119,apartment,apartment,598000,forsale,1200,hyperequipped,2007,good,gas,96,3,,,true,,true,,,1,,,10/18/22
10064002,apartment,groundfloor,599000,forsale,2070,hyperequipped,,asnew,gas,239,2,,,,78,true,,,,1,,10/18/22
9539253,apartment,apartment,645000,forsale,1180,,1904,asnew,gas,220,3,,,true,,true,true,,,,,10/18/22
9970932,apartment,apartment,650000,forsale,1000,hyperequipped,1900,asnew,gas,97,3,,,true,,,,,,,,10/18/22
9993321,apartment,penthouse,650000,forsale,1150,usasemiequipped,2011,asnew,gas,106,2,,,true,,true,,,,1,,10/18/22
10003552,apartment,apartment,650000,forsale,1180,hyperequipped,1967,torenovate,gas,133,3,,,true,,true,,,1,,,10/18/22
9941801,apartment,apartment,675000,forsale,1180,hyperequipped,1965,good,gas,271,3,,,true,,true,true,,1,,,10/18/22
10090645,apartment,penthouse,675000,forsale,2000,installed,1932,asnew,gas,232,4,,,true,,true,,,,,,10/18/22
10080136,apartment,penthouse,675000,forsale,2018,installed,1932,asnew,gas,232,4,,,true,,true,,,,,,10/18/22
9980803,apartment,apartment,675000,forsale,8300,hyperequipped,1967,justrenovated,gas,102,2,,,,,,,,,,,10/18/22
10119171,apartment,apartment,675000,forsale,9000,installed,2008,asnew,gas,147,2,,,,,,,,,,,10/18/22
10019211,apartment,triplex,685000,forsale,1200,hyperequipped,1956,good,fueloil,249,4,,,true,,true,true,,,,,10/18/22
9986249,apartment,apartment,715000,forsale,1000,hyperequipped,1999,asnew,gas,93,3,,,,,,,,,2,,10/18/22
9996334,apartment,apartment,725000,forsale,1040,hyperequipped,1980,good,gas,265,2,,,true,,true,,,1,,,10/18/22
9953269,apartment,apartment,725000,forsale,1180,hyperequipped,1954,good,fueloil,365,3,,,true,734,true,,,1,1,,10/18/22
9900935,apartment,loft,740000,forsale,1000,usahyperequipped,,asnew,gas,318,2,,,,,,true,,,1,,10/18/22
10158182,house,house,240000,forsale,5300,installed,,justrenovated,fueloil,299,2,300,true,true,,true,true,,1,2,,10/18/22
9625357,house,house,131000,forsale,2550,notinstalled,1930,,gas,371,3,1664,,true,1100,true,,,1,,,10/18/22
10158172,apartment,apartment,260000,forsale,8870,installed,2020,good,gas,47,2,,,,,true,,,,,,10/18/22
10158154,house,house,290000,forsale,7900,installed,2021,,gas,,3,515,true,,,,,,,2,1,10/18/22
10158153,house,bungalow,445000,forsale,1410,hyperequipped,1973,good,electric,555,2,681,true,,500,true,,,2,3,,10/18/22
10158149,apartment,flatstudio,59000,forsale,4000,notinstalled,,tobedoneup,,251,1,,,,,,,,,,,10/18/22
9641565,house,house,184000,forsale,2550,,,good,gas,,5,155,,true,,true,,,,1,,10/18/22
10121293,house,house,275000,forsale,1420,,,torenovate,fueloil,515,2,207,,,100,,true,,,,,10/18/22
9779615,apartment,loft,740000,forsale,1000,hyperequipped,,asnew,gas,318,2,,,,,,true,,1,,,10/18/22
9978786,apartment,apartment,745000,forsale,2000,installed,1923,asnew,gas,168,2,,,true,150,true,,,,,,10/18/22
10019826,apartment,duplex,750000,forsale,1040,,1918,good,gas,,4,,,,77,,,,,,,10/18/22
10096780,apartment,penthouse,750000,forsale,1082,usahyperequipped,1980,asnew,,504,2,,,true,,,true,,1,,,10/18/22
9989184,apartment,penthouse,750000,forsale,2930,hyperequipped,2009,good,,129.87,2,,,true,,true,true,,1,2,,10/18/22
10043562,apartment,apartment,755000,forsale,8300,usainstalled,1966,justrenovated,,322,2,,,,,true,,,1,1,,10/18/22
10113863,apartment,penthouse,770000,forsale,1150,,2018,asnew,,98,2,,,true,,true,,,,1,,10/18/22
10113865,apartment,penthouse,770000,forsale,1160,,2018,asnew,,98,2,,,true,,true,,,,1,,10/18/22
10066735,apartment,apartment,770000,forsale,1160,usahyperequipped,2018,asnew,gas,98,2,,,true,,true,,,1,1,,10/18/22
10094900,apartment,apartment,790000,forsale,1180,installed,,asnew,gas,122,3,,,true,,,,,1,,,10/18/22
9903181,apartment,apartment,849000,forsale,2000,installed,2018,asnew,,56,3,,,,,true,,,1,,,10/18/22
10071676,apartment,apartment,890000,forsale,1030,hyperequipped,1915,asnew,fueloil,197,3,,,true,,,true,,,1,,10/18/22
10101274,apartment,groundfloor,890000,forsale,1150,installed,1950,asnew,gas,310,3,,,true,,true,true,,1,1,,10/18/22
10041115,apartment,penthouse,890000,forsale,1180,hyperequipped,1992,good,gas,193,3,,,true,,true,,true,,,,10/18/22
9991630,apartment,penthouse,975000,forsale,1060,usahyperequipped,1910,justrenovated,gas,189,4,,,true,,true,,,1,,,10/18/22
10125535,apartment,apartment,995000,forsale,8300,installed,2006,good,gas,77,2,,,true,,true,,,,1,,10/18/22
10085824,apartment,apartment,995000,forsale,8300,usahyperequipped,1999,justrenovated,gas,112,2,,,true,,true,,,,,,10/18/22
9529872,apartment,penthouse,998000,forsale,1050,usahyperequipped,2014,asnew,,82,3,,,true,,true,,,,3,,10/18/22
10096846,apartment,apartment,998000,forsale,2000,hyperequipped,2000,good,gas,141,3,,,,,,true,,,1,,10/18/22
9861729,apartment,apartment,1050000,forsale,1000,usahyperequipped,2011,asnew,,127,2,,,true,,true,,true,,2,,10/18/22
9941836,apartment,apartment,1090000,forsale,1180,usahyperequipped,2020,justrenovated,gas,86,5,,,true,100,true,true,,2,,,10/18/22
9967040,apartment,apartment,1095000,forsale,1050,installed,1930,good,fueloil,142,3,,,true,,,true,,1,,,10/18/22
9403384,apartment,apartment,1100000,forsale,1180,usahyperequipped,,asnew,gas,157,2,,,true,,true,true,,1,,,10/18/22
9162837,apartment,apartment,1125000,forsale,1160,hyperequipped,1978,good,gas,168,4,,,true,240,true,,,,4,,10/18/22
9982376,apartment,apartment,1140000,forsale,8620,installed,2001,asnew,electric,439,3,,,,,true,,,,,,10/18/22
9643311,apartment,penthouse,1300000,forsale,5100,usahyperequipped,2011,asnew,gas,186,3,,,true,,true,,,1,4,,10/18/22
10105808,apartment,apartment,1650000,forsale,8300,installed,1966,torenovate,gas,223,3,,,true,,true,,,,,,10/18/22
9997721,apartment,apartment,1995000,forsale,1000,usahyperequipped,1894,justrenovated,gas,143,5,,,true,,true,true,,4,,,10/18/22
9660753,apartment,penthouse,1995000,forsale,1180,hyperequipped,1985,asnew,gas,108,3,,true,true,,true,,,2,,,10/18/22
9995272,apartment,penthouse,2100000,forsale,1050,hyperequipped,1992,asnew,gas,443,3,,,true,,true,true,,2,,,10/18/22
10158182,house,house,240000,forsale,5300,installed,,justrenovated,fueloil,299,2,300,true,true,,true,true,,1,2,,10/18/22
9625357,house,house,131000,forsale,2550,notinstalled,1930,,gas,371,3,1664,,true,1100,true,,,1,,,10/18/22
10158172,apartment,apartment,260000,forsale,8870,installed,2020,good,gas,47,2,,,,,true,,,,,,10/18/22
10158154,house,house,290000,forsale,7900,installed,2021,,gas,,3,515,true,,,,,,,2,1,10/18/22
10158153,house,bungalow,445000,forsale,1410,hyperequipped,1973,good,electric,555,2,681,true,,500,true,,,2,3,,10/18/22
10158149,apartment,flatstudio,59000,forsale,4000,notinstalled,,tobedoneup,,251,1,,,,,,,,,,,10/18/22
9641565,house,house,184000,forsale,2550,,,good,gas,,5,155,,true,,true,,,,1,,10/18/22
10121293,house,house,275000,forsale,1420,,,torenovate,fueloil,515,2,207,,,100,,true,,,,,10/18/22
10047097,apartment,apartment,2195000,forsale,8300,usahyperequipped,1967,justrenovated,gas,154,3,,,,,,,,,,,10/18/22
9985940,apartment,penthouse,3200000,forsale,2000,hyperequipped,2015,asnew,gas,169,2,,,true,,true,true,,2,2,,10/18/22
9893545,apartment,penthouse,3500000,forsale,1000,usahyperequipped,2017,asnew,,95,3,,,true,,true,,true,4,4,,10/18/22
9970171,apartment,apartment,3800000,forsale,1180,installed,1971,justrenovated,,235,3,,,true,,true,,,,3,,10/18/22
10145575,apartment,apartment,250000,forsale,1000,installed,1935,justrenovated,gas,,1,,,,,,,,,,,10/18/22
10145531,apartment,apartment,675000,forsale,8300,usahyperequipped,1958,asnew,gas,98,2,,,true,,,,,,,,10/18/22
10133208,apartment,apartment,245000,forsale,8620,hyperequipped,,asnew,electric,,1,,,,,true,,,,,,10/18/22
10148810,apartment,apartment,295500,forsale,2230,,2021,asnew,gas,,2,,,,,true,,,,,1,10/18/22
10148812,apartment,apartment,308500,forsale,2230,,2021,asnew,gas,,2,,,,,true,,,,,1,10/18/22
10147053,apartment,apartment,165000,forsale,1070,installed,,tobedoneup,gas,269,1,,,,,,,,,,,10/18/22
10147051,apartment,apartment,175000,forsale,1070,installed,,tobedoneup,gas,208,1,,,,,,,,,,,10/18/22
10148136,apartment,apartment,225000,forsale,1180,installed,,,gas,146,1,,,true,,true,,,,,,10/18/22
10147619,apartment,apartment,259000,forsale,9300,hyperequipped,1970,good,gas,232,2,,,true,,true,,,,,,10/18/22
10148361,apartment,apartment,275000,forsale,8620,installed,2004,asnew,,186,2,,,true,,true,,,,,,10/18/22
10135623,apartment,apartment,139500,forsale,9660,,1970,asnew,gas,66,1,,,,,,,,,,,10/18/22
10134026,apartment,apartment,159000,forsale,1083,,1965,torenovate,gas,346,2,,,true,,true,,,,,,10/18/22
10133915,apartment,apartment,259000,forsale,9100,installed,2018,asnew,gas,102,2,,,,,true,,,2,,,10/18/22
10134982,apartment,apartment,275000,forsale,1050,,,,fueloil,159,1,,,true,,,,,,,,10/18/22
10133999,apartment,apartment,330000,forsale,1500,hyperequipped,2018,asnew,gas,145,2,,,,,true,,,,,,10/18/22
10135565,apartment,penthouse,450000,forsale,3545,hyperequipped,2008,asnew,gas,139,2,,true,,,true,true,,,,,10/18/22
10135374,apartment,apartment,460000,forsale,9000,,2020,good,,40,2,,,,,true,,,1,,,10/18/22
10151612,apartment,flatstudio,199000,forsale,1160,usahyperequipped,,asnew,electric,331,0,,,true,,true,,,,,,10/18/22
10028044,apartment,serviceflat,160000,forsale,2861,semiequipped,2015,,,117,1,,,true,,true,,,,,1,10/18/22
9790452,apartment,apartment,230000,forsale,4470,installed,2022,,,,2,,,true,,true,,,,1,1,10/18/22
9932807,apartment,apartment,245000,forsale,9600,installed,2022,,gas,66,2,,,,,true,,,,,1,10/18/22
9792223,apartment,apartment,250000,forsale,4470,installed,2022,,,,2,,,,,true,,,,1,1,10/18/22
9009624,apartment,apartment,251300,forsale,4100,semiequipped,,,gas,,2,,,true,,true,,,,1,1,10/18/22
9009620,apartment,apartment,256700,forsale,4100,semiequipped,,,gas,,2,,,true,,true,,,,1,1,10/18/22
9009623,apartment,apartment,262000,forsale,4100,semiequipped,,,gas,,2,,,true,,true,,,,1,1,10/18/22
9932806,apartment,apartment,265000,forsale,9600,installed,2022,,gas,40,2,,,,,true,,,,,1,10/18/22
10158182,house,house,240000,forsale,5300,installed,,justrenovated,fueloil,299,2,300,true,true,,true,true,,1,2,,10/18/22
9625357,house,house,131000,forsale,2550,notinstalled,1930,,gas,371,3,1664,,true,1100,true,,,1,,,10/18/22
10158172,apartment,apartment,260000,forsale,8870,installed,2020,good,gas,47,2,,,,,true,,,,,,10/18/22
10158154,house,house,290000,forsale,7900,installed,2021,,gas,,3,515,true,,,,,,,2,1,10/18/22
10158153,house,bungalow,445000,forsale,1410,hyperequipped,1973,good,electric,555,2,681,true,,500,true,,,2,3,,10/18/22
10158149,apartment,flatstudio,59000,forsale,4000,notinstalled,,tobedoneup,,251,1,,,,,,,,,,,10/18/22
9641565,house,house,184000,forsale,2550,,,good,gas,,5,155,,true,,true,,,,1,,10/18/22
10121293,house,house,275000,forsale,1420,,,torenovate,fueloil,515,2,207,,,100,,true,,,,,10/18/22
9932804,apartment,apartment,267500,forsale,9600,installed,2022,,gas,44,2,,,,,true,,,,,1,10/18/22
10127774,apartment,apartment,279000,forsale,9052,,2021,,gas,,1,,,,,true,,,,,1,10/18/22
10127771,apartment,apartment,288000,forsale,9052,,2021,,gas,,1,,,,,true,,,,,1,10/18/22
10127802,apartment,apartment,290000,forsale,9052,,2021,,gas,,1,,,,,true,,,,,1,10/18/22
10104086,apartment,apartment,295000,forsale,1120,hyperequipped,,asnew,gas,,2,,,true,,true,,,,,1,10/18/22
10127791,apartment,apartment,295000,forsale,9052,,2021,,gas,,1,,,,,true,,,,,1,10/18/22
9917045,apartment,apartment,299500,forsale,9700,,2022,,,,2,,,,,true,,,,,1,10/18/22
10039490,apartment,duplex,309000,forsale,1785,installed,2021,good,gas,,2,,,true,,true,,,1,,1,10/18/22
10127799,apartment,apartment,415000,forsale,9052,,2021,,gas,,2,,,,,true,,,,,1,10/18/22
9009628,apartment,penthouse,416000,forsale,4100,semiequipped,,,gas,,3,,,true,,true,,,1,,1,10/18/22
10127769,apartment,apartment,428000,forsale,9052,,2021,,gas,,2,,,,,true,,,,,1,10/18/22
10070828,apartment,apartment,430000,forsale,9000,,,asnew,,,2,,,,,true,,,,,1,10/18/22
10018923,apartment,apartment,434000,forsale,1050,installed,2022,asnew,gas,45,2,,,true,,true,,,1,1,1,10/18/22
10127789,apartment,apartment,435000,forsale,9052,,2021,,gas,,2,,,,,true,,,,,1,10/18/22
9968748,apartment,apartment,519000,forsale,9000,,2022,,,,3,,,,,true,,,,,1,10/18/22
9968746,apartment,apartment,529000,forsale,9000,,2022,,,,3,,,,,true,,,,,1,10/18/22
9968745,apartment,apartment,574500,forsale,9000,,2022,,,,2,,,,,true,,,,,1,10/18/22
9763616,apartment,apartment,607500,forsale,8370,hyperequipped,,asnew,gas,,2,,,,,true,,,,,1,10/18/22
9968744,apartment,apartment,679000,forsale,9000,,2022,,,,2,,,,,true,true,,,,1,10/18/22
9958412,apartment,duplex,1264000,forsale,1000,usahyperequipped,2021,asnew,gas,,3,,,true,,true,true,,,1,1,10/18/22
10157757,apartment,apartment,199000,forsale,2140,semiequipped,,good,gas,307,2,,,,,true,,,,,,10/18/22
10098307,apartment,groundfloor,225000,forsale,2660,usahyperequipped,2006,asnew,gas,203,1,,,,16,true,,,1,,,10/18/22
10157391,apartment,apartment,260000,forsale,1180,hyperequipped,,good,gas,235,1,,,,,true,,,,,,10/18/22
10157183,apartment,apartment,289000,forsale,9000,installed,1967,,gas,115,2,,,,,true,,,,,,10/18/22
10158037,apartment,apartment,1850000,forsale,8300,usainstalled,1948,justrenovated,,,3,,,,,,,,,,,10/18/22
10132566,apartment,groundfloor,265000,forsale,9940,hyperequipped,2025,asnew,,,1,,,true,,true,,,,1,1,10/18/22
10132561,apartment,groundfloor,295000,forsale,9940,hyperequipped,2025,asnew,,,1,,,true,,true,,,,1,1,10/18/22
10132560,apartment,groundfloor,295000,forsale,9940,hyperequipped,2025,asnew,,,1,,,true,,true,,,,1,1,10/18/22
10132576,apartment,groundfloor,320000,forsale,9940,hyperequipped,2025,asnew,,,2,,,true,,true,,,,1,1,10/18/22
10144462,apartment,apartment,348992,forsale,1030,notinstalled,2022,,gas,,2,,,true,,,,,,,,10/18/22
10158182,house,house,240000,forsale,5300,installed,,justrenovated,fueloil,299,2,300,true,true,,true,true,,1,2,,10/18/22
9625357,house,house,131000,forsale,2550,notinstalled,1930,,gas,371,3,1664,,true,1100,true,,,1,,,10/18/22
10158172,apartment,apartment,260000,forsale,8870,installed,2020,good,gas,47,2,,,,,true,,,,,,10/18/22
10158154,house,house,290000,forsale,7900,installed,2021,,gas,,3,515,true,,,,,,,2,1,10/18/22
10158153,house,bungalow,445000,forsale,1410,hyperequipped,1973,good,electric,555,2,681,true,,500,true,,,2,3,,10/18/22
10158149,apartment,flatstudio,59000,forsale,4000,notinstalled,,tobedoneup,,251,1,,,,,,,,,,,10/18/22
9641565,house,house,184000,forsale,2550,,,good,gas,,5,155,,true,,true,,,,1,,10/18/22
10121293,house,house,275000,forsale,1420,,,torenovate,fueloil,515,2,207,,,100,,true,,,,,10/18/22
10132562,apartment,groundfloor,360000,forsale,9940,hyperequipped,2025,asnew,,,2,,,true,,true,,,,1,1,10/18/22
10132559,apartment,groundfloor,360000,forsale,9940,hyperequipped,2025,asnew,,,2,,,true,,true,,,,1,1,10/18/22
10132564,apartment,groundfloor,410000,forsale,9940,hyperequipped,2025,asnew,,,3,,,true,,true,,,,1,1,10/18/22
10132640,apartment,apartment,715000,forsale,1180,,2022,asnew,gas,60,3,,,true,,true,,,1,1,1,10/18/22
10144224,apartment,duplex,930000,forsale,3300,,2002,good,gas,122,0,,,,,,,,,,,10/18/22
10144275,apartment,apartment,1650000,forsale,1180,,,good,gas,208,6,,,,,true,true,,3,,,10/18/22
10083472,apartment,apartment,155000,forsale,8400,,1961,torenovate,,718,1,,,true,,,,,1,,,10/18/22
10146435,apartment,apartment,215000,forsale,2170,installed,,justrenovated,gas,219,1,,,true,,true,,,,1,,10/18/22
10135035,apartment,apartment,235000,forsale,6950,installed,2016,asnew,gas,108,2,,,true,,true,,,1,1,1,10/18/22
10146623,apartment,apartment,285000,forsale,8700,installed,2018,good,gas,70,2,,,,,true,,,,1,,10/18/22
10101757,apartment,penthouse,695000,forsale,1050,usahyperequipped,1930,asnew,gas,145,2,,,,,true,,,,,,10/18/22
10134912,apartment,apartment,3324000,forsale,1000,usahyperequipped,2018,asnew,gas,59,3,,,,,true,,,,50,1,10/18/22
10100362,apartment,apartment,315000,forsale,1472,usahyperequipped,,asnew,gas,270,2,,,true,55,,true,,,2,,10/18/22
10151770,apartment,apartment,249000,forsale,1360,usahyperequipped,,asnew,gas,,2,,,true,,true,,,,2,1,10/18/22
10151771,apartment,apartment,275000,forsale,1360,usahyperequipped,,asnew,gas,,2,,,true,,true,,,,2,1,10/18/22
10153471,apartment,duplex,335000,forsale,5100,,,asnew,gas,84,2,,,true,,,,,,1,1,10/18/22
10150961,apartment,flatstudio,173904,forsale,1030,installed,2022,,gas,,0,,,true,,,,,,,,10/18/22
10150661,apartment,apartment,179000,forsale,8380,,,asnew,gas,,1,,,,,true,,,1,,,10/18/22
10150710,apartment,apartment,209000,forsale,8380,,,asnew,gas,,2,,,true,,true,,,1,,,10/18/22
10150709,apartment,apartment,219000,forsale,8380,,,asnew,gas,,2,,,true,,true,,,1,,,10/18/22
10151096,apartment,apartment,235000,forsale,8430,installed,1988,good,,249,2,,,,,,,,1,,,10/18/22
10150657,apartment,apartment,239000,forsale,8380,,,asnew,gas,,2,,,,,true,,,1,,,10/18/22
10150684,apartment,apartment,279000,forsale,8380,,,asnew,gas,,3,,,,,true,,,1,,,10/18/22
10149936,apartment,apartment,299000,forsale,1190,hyperequipped,1957,asnew,fueloil,,2,,,true,,true,,,1,2,,10/18/22
10139533,apartment,apartment,370000,forsale,9810,,2023,asnew,,,3,,,,,true,,,,,1,10/18/22
10129480,apartment,apartment,895000,forsale,1050,hyperequipped,1935,asnew,gas,,3,,true,true,,true,true,,1,,,10/18/22
10138304,apartment,duplex,8100000,forsale,8300,,2021,asnew,,,3,,,true,,true,true,,,,1,10/18/22
10135827,apartment,apartment,765000,forsale,8300,hyperequipped,1913,torenovate,gas,576,1,,,,,,,,,,,10/18/22
10155921,apartment,apartment,85000,forsale,5590,,,good,fueloil,237,1,,,,,,,,,1,,10/18/22
10155320,apartment,apartment,98000,forsale,6950,,,asnew,electric,247,1,,,,,,,,,1,,10/18/22
10158182,house,house,240000,forsale,5300,installed,,justrenovated,fueloil,299,2,300,true,true,,true,true,,1,2,,10/18/22
9625357,house,house,131000,forsale,2550,notinstalled,1930,,gas,371,3,1664,,true,1100,true,,,1,,,10/18/22
10158172,apartment,apartment,260000,forsale,8870,installed,2020,good,gas,47,2,,,,,true,,,,,,10/18/22
10158154,house,house,290000,forsale,7900,installed,2021,,gas,,3,515,true,,,,,,,2,1,10/18/22
10158153,house,bungalow,445000,forsale,1410,hyperequipped,1973,good,electric,555,2,681,true,,500,true,,,2,3,,10/18/22
10158149,apartment,flatstudio,59000,forsale,4000,notinstalled,,tobedoneup,,251,1,,,,,,,,,,,10/18/22
9641565,house,house,184000,forsale,2550,,,good,gas,,5,155,,true,,true,,,,1,,10/18/22
10121293,house,house,275000,forsale,1420,,,torenovate,fueloil,515,2,207,,,100,,true,,,,,10/18/22
10155321,apartment,apartment,110000,forsale,6950,,,good,electric,247,1,,,,,,,,,1,,10/18/22
10155316,apartment,apartment,135000,forsale,6900,,,good,gas,309,2,,,true,,,,,,,,10/18/22
10155239,apartment,apartment,159000,forsale,5000,,,good,gas,445,2,,,,,,,,,,,10/18/22
10155243,apartment,apartment,159000,forsale,5002,,,good,gas,294,2,,,,,,,,,,,10/18/22
10155242,apartment,apartment,159000,forsale,5002,,,good,gas,115,2,,,,,,,,,,,10/18/22
10155312,apartment,apartment,172000,forsale,6950,,,asnew,electric,271,1,,,,,,,,,1,,10/18/22
10144040,apartment,apartment,205000,forsale,7000,hyperequipped,2022,asnew,gas,80,2,,,,100,true,,,,15,1,10/18/22
10155524,apartment,apartment,235000,forsale,1150,,1964,good,fueloil,235,1,,,true,,true,,,1,,,10/18/22
10155525,apartment,apartment,235000,forsale,1160,,1964,good,fueloil,235,1,,,true,,true,,,1,,,10/18/22
10155364,apartment,penthouse,249000,forsale,5500,,,asnew,gas,112,2,,,,,true,,,,,,10/18/22
10155331,apartment,apartment,274000,forsale,5500,,,asnew,gas,84,3,,,,,,,,,,,10/18/22
10154484,apartment,apartment,279000,forsale,8400,,2003,,gas,184,2,,,true,,true,,,1,,,10/18/22
10155428,apartment,penthouse,285000,forsale,5500,,,asnew,gas,112,2,,,,,true,,,1,,,10/18/22
10155313,apartment,penthouse,285000,forsale,6900,,,asnew,gas,96,1,,,true,,true,,,,,,10/18/22
10155240,apartment,duplex,290000,forsale,5190,,,good,fueloil,201,3,,,true,500,,,,,,,10/18/22
10155318,apartment,apartment,308000,forsale,6900,,,good,gas,124,3,,,true,53,true,,,,,,10/18/22
10154531,apartment,apartment,330000,forsale,1348,installed,1989,,gas,212,2,,,true,,,,,1,,,10/18/22
10155379,apartment,duplex,350000,forsale,5500,,,asnew,gas,422,7,,,,,,,,,,,10/18/22
10154467,apartment,apartment,549000,forsale,8420,hyperequipped,2004,asnew,gas,220,3,,,,,true,,,,,,10/18/22
9988816,apartment,apartment,85000,forsale,6000,installed,1966,good,fueloil,190,2,,,true,,true,,,1,,,10/18/22
10142479,apartment,flatstudio,245000,forsale,8301,installed,1973,torenovate,gas,104,0,,,,,,,,,,,10/18/22
9932862,apartment,apartment,89000,forsale,4020,semiequipped,,good,gas,367,1,,,true,,,,,,,,10/18/22
9634948,apartment,groundfloor,129000,forsale,8434,installed,,asnew,,243,2,,,,,true,,,,,,10/18/22
9473580,apartment,apartment,155000,forsale,5500,,2004,asnew,gas,551,2,,,,,true,,,,1,,10/18/22
10096260,apartment,flatstudio,159000,forsale,8400,installed,,good,,279,0,,,,,,,,,,,10/18/22
10124361,apartment,apartment,185000,forsale,8790,,1976,,gas,,2,,,true,,true,,,1,,,10/18/22
10092861,apartment,apartment,190000,forsale,1140,installed,1972,good,gas,226,1,,,,,true,,,,,,10/18/22
9858382,apartment,apartment,190000,forsale,8430,semiequipped,,tobedoneup,electric,194,2,,,,,,,,,,,10/18/22
10053286,apartment,groundfloor,199000,forsale,4053,installed,,good,,173,2,,,true,,,,,1,,,10/18/22
10089992,apartment,serviceflat,200000,forsale,1050,installed,1970,asnew,,150,1,,,,,true,,,,1,,10/18/22
10158182,house,house,240000,forsale,5300,installed,,justrenovated,fueloil,299,2,300,true,true,,true,true,,1,2,,10/18/22
9625357,house,house,131000,forsale,2550,notinstalled,1930,,gas,371,3,1664,,true,1100,true,,,1,,,10/18/22
10158172,apartment,apartment,260000,forsale,8870,installed,2020,good,gas,47,2,,,,,true,,,,,,10/18/22
10158154,house,house,290000,forsale,7900,installed,2021,,gas,,3,515,true,,,,,,,2,1,10/18/22
10158153,house,bungalow,445000,forsale,1410,hyperequipped,1973,good,electric,555,2,681,true,,500,true,,,2,3,,10/18/22
10158149,apartment,flatstudio,59000,forsale,4000,notinstalled,,tobedoneup,,251,1,,,,,,,,,,,10/18/22
9641565,house,house,184000,forsale,2550,,,good,gas,,5,155,,true,,true,,,,1,,10/18/22
10121293,house,house,275000,forsale,1420,,,torenovate,fueloil,515,2,207,,,100,,true,,,,,10/18/22
9747149,apartment,apartment,200000,forsale,1050,installed,1970,asnew,,150,1,,,,,true,,,,1,,10/18/22
10078130,apartment,apartment,200000,forsale,1731,usahyperequipped,,good,fueloil,186,2,,,,,true,,,,,,10/18/22
10012787,apartment,apartment,215000,forsale,1030,usainstalled,1965,good,gas,485,1,,,true,,,,,1,,,10/18/22
9818764,apartment,apartment,215000,forsale,1082,,1961,good,gas,,2,,,true,,true,,,,,,10/18/22
9483872,apartment,apartment,218500,forsale,4100,installed,,,gas,100,1,,,,37,true,,,,,,10/18/22
10129995,apartment,apartment,220000,forsale,1480,usainstalled,1975,good,gas,188,2,,,,,,,,,,,10/18/22
9906488,apartment,apartment,223000,forsale,4500,,2021,,,96,2,,,true,,true,,,1,,,10/18/22
10027733,apartment,groundfloor,229000,forsale,9290,hyperequipped,2015,,gas,,1,,,true,,,,,2,,,10/18/22
10027726,apartment,apartment,229000,forsale,9290,hyperequipped,2015,,gas,,1,,,true,,,,,2,,,10/18/22
10027689,apartment,apartment,229000,forsale,9290,hyperequipped,2015,,gas,,1,,,true,,,,,2,,,10/18/22
10093770,apartment,apartment,230000,forsale,8420,,2009,asnew,gas,161,1,,,,,true,,,,,,10/18/22
9617250,apartment,apartment,241500,forsale,8860,hyperequipped,,asnew,gas,,2,,,,,true,,,,,,10/18/22
10114364,apartment,penthouse,250000,forsale,1020,,,,electric,281,1,,,true,,true,,,,,,10/18/22
9957676,apartment,apartment,256500,forsale,8370,,2022,,,30,1,,,,,true,,,,,,10/18/22
10095980,apartment,apartment,262102,forsale,8791,installed,,,gas,,2,,,,,true,,,,,,10/18/22
10030782,apartment,apartment,265000,forsale,5000,installed,,good,gas,108,1,,,,,true,,,,,,10/18/22
9812407,apartment,apartment,265000,forsale,9400,installed,,good,,175,2,,,true,160,true,,,1,,,10/18/22
10081941,apartment,apartment,275000,forsale,6600,,2021,,gas,72,2,,,true,,true,,,,,,10/18/22
9617251,apartment,duplex,278500,forsale,8860,hyperequipped,,asnew,gas,,2,,,,,true,,,,,,10/18/22
9828524,apartment,duplex,285000,forsale,9041,,2007,,,83,3,,,,,,,,,,,10/18/22
10124803,apartment,groundfloor,295000,forsale,1000,,1950,,fueloil,462,1,,,,,,,,,,,10/18/22
9947822,apartment,apartment,330000,forsale,8370,installed,2019,,gas,,3,,,true,,true,,,,,,10/18/22
10124384,apartment,apartment,345000,forsale,1030,notinstalled,,,,376,2,,,true,,true,,,1,,,10/18/22
10105396,apartment,penthouse,375000,forsale,1120,,,,gas,241,2,,,,,true,,,,,,10/18/22
9080483,apartment,apartment,375000,forsale,4250,,,asnew,gas,127,2,,,,,,,,,2,,10/18/22
9890715,apartment,apartment,395000,forsale,1060,installed,,justrenovated,gas,167,1,,,true,,true,,,,,,10/18/22
10030779,apartment,loft,399000,forsale,1000,hyperequipped,,good,,490,1,,,,,true,,,,,,10/18/22
10114747,apartment,apartment,399000,forsale,1030,installed,1964,tobedoneup,gas,,3,,,true,,true,,,,,,10/18/22
10097645,apartment,apartment,410000,forsale,1000,usahyperequipped,2022,asnew,gas,,3,,,true,,,,,,1,,10/18/22
9872476,apartment,apartment,450000,forsale,1150,hyperequipped,1965,asnew,fueloil,156,2,,,true,,,,,,,,10/18/22
10158182,house,house,240000,forsale,5300,installed,,justrenovated,fueloil,299,2,300,true,true,,true,true,,1,2,,10/18/22
9625357,house,house,131000,forsale,2550,notinstalled,1930,,gas,371,3,1664,,true,1100,true,,,1,,,10/18/22
10158172,apartment,apartment,260000,forsale,8870,installed,2020,good,gas,47,2,,,,,true,,,,,,10/18/22
10158154,house,house,290000,forsale,7900,installed,2021,,gas,,3,515,true,,,,,,,2,1,10/18/22
10158153,house,bungalow,445000,forsale,1410,hyperequipped,1973,good,electric,555,2,681,true,,500,true,,,2,3,,10/18/22
10158149,apartment,flatstudio,59000,forsale,4000,notinstalled,,tobedoneup,,251,1,,,,,,,,,,,10/18/22
9641565,house,house,184000,forsale,2550,,,good,gas,,5,155,,true,,true,,,,1,,10/18/22
10121293,house,house,275000,forsale,1420,,,torenovate,fueloil,515,2,207,,,100,,true,,,,,10/18/22
9872478,apartment,apartment,450000,forsale,1200,hyperequipped,1965,asnew,fueloil,156,2,,,true,,,,,,,,10/18/22
10039838,apartment,apartment,475000,forsale,1200,,1980,asnew,gas,,3,,,true,,true,,,1,,,10/18/22
10075301,apartment,apartment,475000,forsale,1410,,1998,asnew,gas,126,3,,,true,,true,,,1,,,10/18/22
9993673,apartment,apartment,495000,forsale,1180,installed,1950,good,,160,2,,,true,,true,,,1,,,10/18/22
9807773,apartment,apartment,555000,forsale,1000,hyperequipped,2011,asnew,gas,75,3,,,true,,true,,,,1,,10/18/22
9667839,apartment,apartment,555000,forsale,1040,hyperequipped,2011,asnew,gas,75,3,,,true,,true,,,,1,,10/18/22
10126342,apartment,apartment,555000,forsale,1050,,1925,tobedoneup,gas,175,4,,,,,,,,,,,10/18/22
10114359,apartment,duplex,570000,forsale,1180,,1930,,gas,289,2,,,,,true,,,,,,10/18/22
9677342,apartment,duplex,595000,forsale,1060,hyperequipped,,justrenovated,gas,,2,,,,,true,true,,,,,10/18/22
9836457,apartment,apartment,688000,forsale,2000,,1970,asnew,gas,109,2,,,,,true,,,,,,10/18/22
10122050,apartment,apartment,690000,forsale,1000,installed,,tobedoneup,gas,,4,,,true,,true,,,1,,,10/18/22
10070304,apartment,apartment,690000,forsale,1030,,1929,asnew,gas,59,3,,,true,,true,,,,,,10/18/22
9638763,apartment,apartment,800000,forsale,1180,hyperequipped,1958,asnew,fueloil,,3,,,true,,true,true,true,1,,,10/18/22
10123101,apartment,penthouse,890000,forsale,9060,hyperequipped,2007,,gas,,4,,,true,,true,true,,1,,,10/18/22
8943409,apartment,penthouse,1290000,forsale,1000,usahyperequipped,2016,asnew,gas,,3,,,,,true,,,,1,,10/18/22
9931557,apartment,apartment,1295000,forsale,1050,usahyperequipped,1880,asnew,gas,,2,,,true,,true,true,,1,1,,10/18/22
9931556,apartment,duplex,1650000,forsale,1050,usahyperequipped,1880,asnew,gas,,3,,,true,,true,true,,,1,,10/18/22
10117450,apartment,apartment,1850000,forsale,8300,usahyperequipped,1948,asnew,,112,3,,,,,true,,,,,,10/18/22
9997722,apartment,penthouse,2850000,forsale,1050,usahyperequipped,2021,asnew,gas,,3,,,true,,true,true,,,3,,10/18/22
10145559,apartment,apartment,179000,forsale,2100,usasemiequipped,1975,good,gas,160,2,,,true,,true,,,,,,10/18/22
10145266,apartment,flatstudio,185000,forsale,1190,,,good,,385,0,,,,,true,,,,,,10/18/22
10101389,apartment,apartment,245000,forsale,4000,usahyperequipped,,good,gas,228,2,,,,,true,,,,,,10/18/22
10145912,apartment,apartment,275000,forsale,1602,hyperequipped,,asnew,fueloil,169,2,,,,,,,,,,,10/18/22
10144914,apartment,apartment,325000,forsale,9000,installed,,asnew,gas,147,2,,,true,,,,,,,,10/18/22
10133851,apartment,apartment,375000,forsale,6700,hyperequipped,2021,asnew,,79,2,,,,,true,,,,1,1,10/18/22
10026627,apartment,apartment,425000,forsale,1420,hyperequipped,1990,good,gas,198,3,,,,,true,,,2,,,10/18/22
10144954,apartment,apartment,525000,forsale,8300,installed,1969,,gas,134,2,,,,,true,,,,,,10/18/22
10132749,apartment,apartment,363000,forsale,3000,,1963,good,gas,175,2,,,true,,true,,,1,1,,10/18/22
10132652,apartment,apartment,390000,forsale,2018,usahyperequipped,1988,good,gas,174,3,,,true,,,,,,,,10/18/22
10132149,apartment,penthouse,420000,forsale,9100,hyperequipped,1998,asnew,gas,130,2,,,,,,,,1,,,10/18/22
10158182,house,house,240000,forsale,5300,installed,,justrenovated,fueloil,299,2,300,true,true,,true,true,,1,2,,10/18/22
9625357,house,house,131000,forsale,2550,notinstalled,1930,,gas,371,3,1664,,true,1100,true,,,1,,,10/18/22
10158172,apartment,apartment,260000,forsale,8870,installed,2020,good,gas,47,2,,,,,true,,,,,,10/18/22
10158154,house,house,290000,forsale,7900,installed,2021,,gas,,3,515,true,,,,,,,2,1,10/18/22
10158153,house,bungalow,445000,forsale,1410,hyperequipped,1973,good,electric,555,2,681,true,,500,true,,,2,3,,10/18/22
10158149,apartment,flatstudio,59000,forsale,4000,notinstalled,,tobedoneup,,251,1,,,,,,,,,,,10/18/22
9641565,house,house,184000,forsale,2550,,,good,gas,,5,155,,true,,true,,,,1,,10/18/22
10121293,house,house,275000,forsale,1420,,,torenovate,fueloil,515,2,207,,,100,,true,,,,,10/18/22
10132926,apartment,groundfloor,449000,forsale,1200,usahyperequipped,2015,asnew,gas,76,2,,,true,,true,,,1,,,10/18/22
10132863,apartment,apartment,550000,forsale,1180,hyperequipped,1970,asnew,gas,210,3,,,true,,true,,,1,1,,10/18/22
10132323,apartment,apartment,699000,forsale,2070,hyperequipped,1912,asnew,gas,138,2,,,true,,true,,,,4,,10/18/22
10132904,apartment,apartment,895000,forsale,1000,hyperequipped,1962,tobedoneup,gas,155,3,,,true,,true,,,,,,10/18/22
10132911,apartment,duplex,895000,forsale,8300,usahyperequipped,2005,justrenovated,gas,176,3,,,,12,true,,,,,,10/18/22
10147943,apartment,apartment,269000,forsale,2600,installed,1975,good,,114,2,,,true,,true,,,,,,10/18/22
10147940,apartment,apartment,299000,forsale,2600,installed,1975,good,,114,2,,,true,,true,,,2,,,10/18/22
9895317,apartment,apartment,155000,forsale,8870,installed,1978,good,gas,146,2,,,true,,true,,,1,,,10/18/22
10134717,apartment,flatstudio,168000,forsale,1200,semiequipped,,good,gas,270,0,,,true,,true,,,,,,10/18/22
10135223,apartment,apartment,205000,forsale,9300,usainstalled,1991,good,gas,146,2,,,,,true,,,1,1,,10/18/22
10134013,apartment,apartment,320000,forsale,9000,installed,1976,good,,234,2,,,true,,true,,,1,,,10/18/22
10151923,apartment,apartment,240000,forsale,2020,installed,,good,gas,172,1,,,true,,true,,,,,,10/18/22
10154192,apartment,apartment,265000,forsale,2180,,,asnew,gas,209,2,,,,,true,,,,,,10/18/22
10152005,apartment,apartment,269000,forsale,2800,hyperequipped,1952,justrenovated,gas,148,1,,,,,true,,,,6,,10/18/22
10152004,apartment,apartment,269000,forsale,2800,hyperequipped,1952,justrenovated,gas,108,1,,,,,true,,,,6,,10/18/22
10152002,apartment,groundfloor,269000,forsale,2800,hyperequipped,1952,justrenovated,gas,236,1,,,,,true,,,,6,,10/18/22
10152006,apartment,apartment,279000,forsale,2800,hyperequipped,1952,justrenovated,gas,109,2,,,,,true,,,,6,,10/18/22
10152003,apartment,groundfloor,279000,forsale,2800,hyperequipped,1952,justrenovated,gas,238,2,,,,,true,,,,6,,10/18/22
10153914,apartment,apartment,280000,forsale,1000,installed,,asnew,gas,183,1,,,,,,,,,,,10/18/22
10152274,apartment,duplex,289000,forsale,3200,installed,2010,good,gas,131,2,,,true,,true,,,,2,,10/18/22
10036999,apartment,apartment,290000,forsale,4041,installed,2015,asnew,gas,90,3,,,,,true,true,,1,1,,10/18/22
10140457,apartment,apartment,394500,forsale,9000,,2021,,,44.69,2,,,,,true,,,,,1,10/18/22
10140456,apartment,apartment,439500,forsale,9000,,2021,,,39.19,3,,,,,true,,,,,1,10/18/22
10152943,apartment,apartment,459000,forsale,9000,hyperequipped,2019,,,57,2,,,,,,,,,1,,10/18/22
10151507,apartment,penthouse,1300000,forsale,8400,,1997,,electric,393,3,,,,,true,,,,,,10/18/22
10153044,apartment,apartment,3195000,forsale,8300,hyperequipped,1985,justrenovated,gas,126,3,,,,,,,,,,,10/18/22
10006616,apartment,groundfloor,169000,forsale,2370,installed,2021,,,,1,,,true,,true,,,,,1,10/18/22
10139240,apartment,groundfloor,199000,forsale,2490,installed,2022,,,,1,,,true,,true,,,,,,10/18/22
10127025,apartment,apartment,229000,forsale,2270,installed,2022,,gas,,1,,,true,,true,,,,,1,10/18/22
10100131,apartment,apartment,229500,forsale,2440,installed,2022,,gas,,2,,,true,,true,,,,,1,10/18/22
10158182,house,house,240000,forsale,5300,installed,,justrenovated,fueloil,299,2,300,true,true,,true,true,,1,2,,10/18/22
9625357,house,house,131000,forsale,2550,notinstalled,1930,,gas,371,3,1664,,true,1100,true,,,1,,,10/18/22
10158172,apartment,apartment,260000,forsale,8870,installed,2020,good,gas,47,2,,,,,true,,,,,,10/18/22
10158154,house,house,290000,forsale,7900,installed,2021,,gas,,3,515,true,,,,,,,2,1,10/18/22
10158153,house,bungalow,445000,forsale,1410,hyperequipped,1973,good,electric,555,2,681,true,,500,true,,,2,3,,10/18/22
10158149,apartment,flatstudio,59000,forsale,4000,notinstalled,,tobedoneup,,251,1,,,,,,,,,,,10/18/22
9641565,house,house,184000,forsale,2550,,,good,gas,,5,155,,true,,true,,,,1,,10/18/22
10121293,house,house,275000,forsale,1420,,,torenovate,fueloil,515,2,207,,,100,,true,,,,,10/18/22
9755581,apartment,apartment,249000,forsale,8380,hyperequipped,,asnew,gas,,2,,,true,,true,,,1,,1,10/18/22
10078646,apartment,groundfloor,275000,forsale,2490,installed,2022,,,,2,,,true,,true,,,,,1,10/18/22
9931678,apartment,apartment,275000,forsale,7070,installed,,asnew,solar,52,2,,,,,,,,,,1,10/18/22
9857344,apartment,apartment,279000,forsale,1300,usahyperequipped,2022,asnew,gas,,1,,,true,,true,,,,2,1,10/18/22
9996461,apartment,groundfloor,299000,forsale,2242,hyperequipped,,asnew,gas,,3,,,,,true,,,,1,1,10/18/22
9992941,apartment,apartment,317130,forsale,8570,,2023,,gas,,2,,,,,true,,,,,1,10/18/22
9987624,apartment,apartment,317130,forsale,8570,,2023,,gas,,2,,,,,true,,,,,1,10/18/22
10140108,apartment,apartment,320000,forsale,1190,usahyperequipped,,good,gas,,1,,,,,true,,,,,,10/18/22
9992951,apartment,apartment,324970,forsale,8570,,2023,,gas,,2,,,,,true,,,,,1,10/18/22
9992949,apartment,apartment,338208,forsale,8570,,2023,,gas,,2,,,,,true,,,,,1,10/18/22
10100132,apartment,penthouse,339000,forsale,2440,installed,2022,,gas,,3,,,true,,true,,,,,1,10/18/22
9992952,apartment,apartment,355335,forsale,8570,,2023,,gas,,2,,,,,true,,,,,1,10/18/22
10041492,apartment,apartment,370000,forsale,1500,hyperequipped,,asnew,electric,,2,,,true,,true,,,,,1,10/18/22
9432039,apartment,apartment,379000,forsale,8200,installed,,asnew,gas,36,3,,,,,true,,,,,1,10/18/22
9883209,apartment,apartment,385000,forsale,1420,usainstalled,2022,asnew,,,2,,,true,,true,,,,,1,10/18/22
9992942,apartment,apartment,396140,forsale,8570,,2023,,gas,,2,,,,,true,,,,,1,10/18/22
10111577,apartment,apartment,412500,forsale,2070,installed,,,,,2,,,,,true,,,,,1,10/18/22
10115946,apartment,groundfloor,420000,forsale,2500,usainstalled,2020,,,,3,,,true,,true,,,1,,1,10/18/22
10103651,apartment,apartment,420000,forsale,9040,hyperequipped,2022,asnew,,,3,,,true,,true,,,1,1,1,10/18/22
10114854,apartment,apartment,434000,forsale,1050,installed,2022,asnew,gas,45,2,,,true,,true,,,,1,1,10/18/22
10064895,apartment,apartment,434000,forsale,1160,installed,2022,asnew,gas,45,2,,,true,,true,,,,1,1,10/18/22
10072014,apartment,apartment,439000,forsale,1160,installed,2022,asnew,gas,45,2,,,true,,true,,,,1,1,10/18/22
10072017,apartment,apartment,444000,forsale,1160,installed,2022,asnew,gas,45,2,,,true,,true,,,,1,1,10/18/22
10117673,apartment,penthouse,445620,forsale,9300,usahyperequipped,2021,,,,3,,,,,true,,,1,,1,10/18/22
10129693,apartment,duplex,450000,forsale,1410,hyperequipped,2017,asnew,gas,,2,,,true,,true,true,,2,,1,10/18/22
10111578,apartment,apartment,462000,forsale,2070,installed,,,,,2,,,,,true,,,,,1,10/18/22
10116373,apartment,apartment,549000,forsale,1000,usahyperequipped,1880,justrenovated,,,2,,,true,,,,,,,1,10/18/22
10123417,apartment,penthouse,565000,forsale,1000,usahyperequipped,2020,asnew,,,2,,,true,,true,,,,2,1,10/18/22
9447564,apartment,apartment,585000,forsale,1332,usainstalled,2013,asnew,gas,113,2,,,true,252,true,true,,,2,1,10/18/22
9122027,apartment,groundfloor,875000,forsale,1332,,2012,justrenovated,gas,139,3,,,true,,,,,1,2,1,10/18/22
10158182,house,house,240000,forsale,5300,installed,,justrenovated,fueloil,299,2,300,true,true,,true,true,,1,2,,10/18/22
9625357,house,house,131000,forsale,2550,notinstalled,1930,,gas,371,3,1664,,true,1100,true,,,1,,,10/18/22
10158172,apartment,apartment,260000,forsale,8870,installed,2020,good,gas,47,2,,,,,true,,,,,,10/18/22
10158154,house,house,290000,forsale,7900,installed,2021,,gas,,3,515,true,,,,,,,2,1,10/18/22
10158153,house,bungalow,445000,forsale,1410,hyperequipped,1973,good,electric,555,2,681,true,,500,true,,,2,3,,10/18/22
10158149,apartment,flatstudio,59000,forsale,4000,notinstalled,,tobedoneup,,251,1,,,,,,,,,,,10/18/22
9641565,house,house,184000,forsale,2550,,,good,gas,,5,155,,true,,true,,,,1,,10/18/22
10121293,house,house,275000,forsale,1420,,,torenovate,fueloil,515,2,207,,,100,,true,,,,,10/18/22
9893703,apartment,apartment,1150000,forsale,2000,hyperequipped,2019,asnew,,,2,,,,,true,,,2,2,1,10/18/22
10040698,apartment,apartment,1295000,forsale,9000,hyperequipped,,asnew,,,3,,,,,true,,,1,1,1,10/18/22
10157134,apartment,apartment,239000,forsale,8620,installed,1977,tobedoneup,gas,185,2,,,,,,,,1,,,10/18/22
9575331,apartment,apartment,399000,forsale,8400,installed,1958,,gas,203,3,,,true,,true,,,,,,10/18/22
10060702,apartment,apartment,287000,forsale,8620,installed,1968,good,gas,114,1,,,true,,true,,,1,,,10/18/22
10143468,apartment,apartment,325000,forsale,6700,installed,2019,good,gas,160,2,,,,78,true,,,,,,10/18/22
10048464,apartment,apartment,350000,forsale,5540,installed,1918,,fueloil,421,5,,,true,675,,,,3,3,,10/18/22
10142972,apartment,apartment,395000,forsale,2018,usainstalled,1954,,gas,380,3,,,true,330,true,,,,,,10/18/22
10143568,apartment,apartment,415000,forsale,9000,installed,,good,gas,118,3,,,,,true,,,,,,10/18/22
10144466,apartment,groundfloor,445000,forsale,1030,installed,2022,,gas,,3,,,,,,,,,,,10/18/22
10093373,apartment,apartment,169000,forsale,4460,usainstalled,,good,gas,,2,,,,,true,,,,1,,10/18/22
10130906,apartment,apartment,185000,forsale,7000,usainstalled,,good,electric,225,2,,,true,,,,,,1,,10/18/22
10131090,apartment,apartment,225000,forsale,1081,installed,1994,,electric,384,2,,,true,,true,,,2,,,10/18/22
10076895,apartment,apartment,295000,forsale,9000,installed,1970,good,gas,199,1,,,,,,,,,,,10/18/22
10146889,apartment,groundfloor,448000,forsale,9070,hyperequipped,2023,asnew,,,3,,,,,true,,,,1,1,10/18/22
10146888,apartment,groundfloor,448000,forsale,9070,hyperequipped,2023,asnew,,,3,,,,,true,,,,1,1,10/18/22
10146890,apartment,groundfloor,450500,forsale,9070,hyperequipped,2023,asnew,,,3,,,,,true,,,,1,1,10/18/22
10146379,apartment,apartment,219000,forsale,8450,installed,2007,good,,98,2,,,,,true,,,1,1,,10/18/22
10098782,apartment,apartment,289000,forsale,9120,installed,1994,asnew,electric,287,2,,,,,true,,,1,,,10/18/22
10133642,apartment,penthouse,995000,forsale,1180,hyperequipped,1990,good,,179,4,,,true,,true,,true,2,2,,10/18/22
10152355,apartment,apartment,675000,forsale,1325,installed,2021,,gas,,2,,,,,true,,,1,1,1,10/18/22
10152350,apartment,apartment,775000,forsale,1325,installed,2021,,gas,,3,,,,,true,,,2,,1,10/18/22
10150386,apartment,apartment,150000,forsale,8380,,,asnew,,124,2,,,true,,,,,,,,10/18/22
10148698,apartment,apartment,192000,forsale,1080,,,torenovate,gas,156,2,,,true,,true,,,1,,,10/18/22
10148553,apartment,duplex,195000,forsale,2221,installed,2014,asnew,gas,150,1,,,,,true,,,,,,10/18/22
10150470,apartment,apartment,275000,forsale,9920,,2006,good,gas,92,2,,,,,true,,,1,1,,10/18/22
10150744,apartment,apartment,279000,forsale,2800,hyperequipped,1952,justrenovated,gas,149,2,,,,,true,,,,,,10/18/22
10150969,apartment,penthouse,298000,forsale,8000,installed,,justrenovated,gas,245,2,,,true,,true,,,,,,10/18/22
10149109,apartment,apartment,318000,forsale,9255,hyperequipped,2009,asnew,gas,109,1,,,,,true,,,1,,,10/18/22
10151045,apartment,penthouse,520000,forsale,9000,,2010,asnew,gas,157,2,,,,,true,,,2,,,10/18/22
10158182,house,house,240000,forsale,5300,installed,,justrenovated,fueloil,299,2,300,true,true,,true,true,,1,2,,10/18/22
9625357,house,house,131000,forsale,2550,notinstalled,1930,,gas,371,3,1664,,true,1100,true,,,1,,,10/18/22
10158172,apartment,apartment,260000,forsale,8870,installed,2020,good,gas,47,2,,,,,true,,,,,,10/18/22
10158154,house,house,290000,forsale,7900,installed,2021,,gas,,3,515,true,,,,,,,2,1,10/18/22
10158153,house,bungalow,445000,forsale,1410,hyperequipped,1973,good,electric,555,2,681,true,,500,true,,,2,3,,10/18/22
10158149,apartment,flatstudio,59000,forsale,4000,notinstalled,,tobedoneup,,251,1,,,,,,,,,,,10/18/22
9641565,house,house,184000,forsale,2550,,,good,gas,,5,155,,true,,true,,,,1,,10/18/22
10121293,house,house,275000,forsale,1420,,,torenovate,fueloil,515,2,207,,,100,,true,,,,,10/18/22
10137972,apartment,flatstudio,169000,forsale,1060,,,justrenovated,electric,,0,,,,,,,,,,,10/18/22
10137629,apartment,apartment,216000,forsale,8530,,,good,,,2,,,,,true,,,,,,10/18/22
10137826,apartment,apartment,285000,forsale,8400,,2009,good,electric,183,2,,,true,,true,,,,,,10/18/22
10136068,apartment,penthouse,1295000,forsale,1150,hyperequipped,2015,asnew,gas,,3,,,true,,true,,,2,1,,10/18/22
10155883,apartment,flatstudio,90000,forsale,1070,,1990,good,,483,1,,,true,,,,,,,,10/18/22
10154751,apartment,apartment,299900,forsale,2627,installed,,asnew,gas,90,2,,,,,true,,,1,1,,10/18/22
10156572,apartment,apartment,325000,forsale,8434,installed,2024,,gas,,2,,,,,true,,,,,,10/18/22
10140816,apartment,apartment,105000,forsale,6032,installed,,good,gas,378,1,,,,,true,,,,,,10/18/22
10140814,apartment,apartment,159000,forsale,4000,notinstalled,,tobedoneup,,499,2,,,,,,,,,,,10/18/22
10140358,apartment,apartment,290000,forsale,8420,installed,1970,,gas,299,2,,,,,,,,,,,10/18/22
10141645,apartment,groundfloor,349000,forsale,2600,hyperequipped,,good,gas,179,3,,,true,,,,,1,,,10/18/22
10141792,apartment,loft,645000,forsale,1000,hyperequipped,,asnew,gas,446,4,,,true,,true,,,,,,10/18/22
10130465,apartment,penthouse,655000,forsale,1180,usahyperequipped,2022,asnew,,50,3,,,true,,true,true,,1,1,1,10/18/22
10140448,apartment,apartment,745000,forsale,2930,installed,,asnew,gas,130,4,,,true,,true,,,2,,,10/18/22
10077347,apartment,apartment,40000,forsale,2100,installed,1989,,gas,,2,,,true,,true,,,,,,10/18/22
10056461,apartment,flatstudio,87500,forsale,4020,,1974,good,fueloil,428,0,,,,,true,,,,,,10/18/22
9827853,apartment,apartment,110000,forsale,4040,,,good,fueloil,373,1,,,true,,,,,,,,10/18/22
10120707,apartment,apartment,119000,forsale,4040,notinstalled,,tobedoneup,gas,522,3,,,true,322,true,,,,,,10/18/22
9903397,apartment,kot,125000,forsale,8000,hyperequipped,,asnew,gas,284,1,,,,,,,,,,,10/18/22
9806230,apartment,flatstudio,127500,forsale,8000,hyperequipped,,good,gas,328,0,,,,,,,,,,,10/18/22
9969124,apartment,flatstudio,130000,forsale,1200,installed,1973,good,gas,130,0,,,,,true,,,,1,,10/18/22
9969122,apartment,flatstudio,130000,forsale,1932,installed,1973,good,gas,130,0,,,,,true,,,,1,,10/18/22
10030066,apartment,apartment,135000,forsale,5000,semiequipped,1980,good,gas,384,1,,,true,,,,,1,1,,10/18/22
10127388,apartment,apartment,139000,forsale,1500,notinstalled,1930,torenovate,,391,1,,,,,true,,,,,,10/18/22
9685225,apartment,groundfloor,145000,forsale,4840,,,,gas,384,1,,,true,133,true,,,,,,10/18/22
9932925,apartment,apartment,149000,forsale,1090,,1946,,gas,389,1,,,true,,true,,,,,,10/18/22
10119803,apartment,apartment,149000,forsale,4040,notinstalled,,torenovate,gas,215,3,,,true,307,,,,,2,,10/18/22
9981683,apartment,apartment,150000,forsale,1300,semiequipped,1968,tobedoneup,gas,340,1,,,true,,,,,,,,10/18/22
10106023,apartment,flatstudio,150000,forsale,2060,semiequipped,2014,good,gas,146,0,,,,,true,,,,,,10/18/22
10064119,apartment,apartment,159000,forsale,1630,,1971,tobedoneup,fueloil,325,1,,,true,,true,,,,,,10/18/22
10158182,house,house,240000,forsale,5300,installed,,justrenovated,fueloil,299,2,300,true,true,,true,true,,1,2,,10/18/22
9625357,house,house,131000,forsale,2550,notinstalled,1930,,gas,371,3,1664,,true,1100,true,,,1,,,10/18/22
10158172,apartment,apartment,260000,forsale,8870,installed,2020,good,gas,47,2,,,,,true,,,,,,10/18/22
10158154,house,house,290000,forsale,7900,installed,2021,,gas,,3,515,true,,,,,,,2,1,10/18/22
10158153,house,bungalow,445000,forsale,1410,hyperequipped,1973,good,electric,555,2,681,true,,500,true,,,2,3,,10/18/22
10158149,apartment,flatstudio,59000,forsale,4000,notinstalled,,tobedoneup,,251,1,,,,,,,,,,,10/18/22
9641565,house,house,184000,forsale,2550,,,good,gas,,5,155,,true,,true,,,,1,,10/18/22
10121293,house,house,275000,forsale,1420,,,torenovate,fueloil,515,2,207,,,100,,true,,,,,10/18/22
9199402,apartment,apartment,175000,forsale,6150,installed,2021,asnew,gas,68,2,,,,,true,,,,,,10/18/22
9199401,apartment,apartment,175000,forsale,6150,installed,2021,asnew,gas,59,2,,,,,true,,,,,,10/18/22
10122726,apartment,apartment,179000,forsale,8400,,1965,good,gas,458,2,,,,,true,,,,,,10/18/22
9952748,apartment,flatstudio,179000,forsale,8434,,1977,asnew,,182,0,,,,,true,,,,,,10/18/22
10121370,apartment,apartment,185000,forsale,2050,,1964,tobedoneup,gas,375,2,,,,,true,,,,,,10/18/22
10125165,apartment,apartment,185000,forsale,6250,installed,,good,gas,193,1,,,,,,,,,2,,10/18/22
10124101,apartment,apartment,190000,forsale,1160,,1970,tobedoneup,fueloil,122,2,,,,,true,,,,,,10/18/22
9888070,apartment,apartment,195000,forsale,1200,,1964,tobedoneup,fueloil,134,2,,,true,,true,,,,,,10/18/22
10085681,apartment,apartment,195000,forsale,8400,,1964,justrenovated,gas,204,1,,,true,,,,,,,,10/18/22
10129049,apartment,flatstudio,195000,forsale,9000,installed,,,,444,1,,,true,,,,,,,,10/18/22
10086215,apartment,apartment,199000,forsale,1090,usahyperequipped,,asnew,gas,246,2,,,,,true,,,,,,10/18/22
9526178,apartment,flatstudio,199000,forsale,1150,usahyperequipped,,asnew,gas,816,0,,,true,,true,,,,,,10/18/22
10014709,apartment,apartment,199000,forsale,8450,,1983,asnew,electric,286,1,,,,,,,,,,,10/18/22
10012307,apartment,apartment,199000,forsale,8660,installed,2005,asnew,gas,100,1,,,true,,true,,,,,,10/18/22
9981197,apartment,apartment,200000,forsale,2140,usainstalled,,good,gas,169,2,,,true,,true,,,1,1,,10/18/22
10059362,apartment,apartment,205000,forsale,2940,installed,1973,asnew,gas,135,2,,,,,true,,,,,,10/18/22
10055296,apartment,apartment,209000,forsale,1070,installed,,good,,,2,,,true,,,,,2,1,,10/18/22
9953163,apartment,apartment,210000,forsale,8400,semiequipped,1965,tobedoneup,gas,367,2,,,,,true,,,,,,10/18/22
9112316,apartment,apartment,210000,forsale,8470,hyperequipped,,asnew,,,1,,,,,true,,,,,,10/18/22
10128072,apartment,flatstudio,215000,forsale,1040,installed,1912,tobedoneup,fueloil,370,0,,,true,,true,,,,,,10/18/22
9870878,apartment,apartment,215000,forsale,5000,,,torenovate,gas,162,2,,,true,,true,,,,,,10/18/22
10110742,apartment,apartment,220000,forsale,1140,,1995,good,electric,242,2,,,,,true,,,,,,10/18/22
9891186,apartment,apartment,225000,forsale,8400,,1993,tobedoneup,gas,439,1,,,true,,true,,,,,,10/18/22
10064654,apartment,apartment,229000,forsale,8400,installed,2009,asnew,gas,139.61,3,,,true,,true,,,,,,10/18/22
10025638,apartment,apartment,230000,forsale,1080,installed,1970,good,gas,178,2,,,true,,true,,,,,,10/18/22
10096225,apartment,apartment,230000,forsale,5030,installed,2007,asnew,electric,202,2,,,true,,true,,,1,,,10/18/22
10107186,apartment,penthouse,230000,forsale,8970,installed,1953,asnew,gas,153,1,,,,,,,,,,,10/18/22
10047011,apartment,apartment,232000,forsale,9300,hyperequipped,1967,justrenovated,gas,190,2,,,true,,true,,,,,,10/18/22
10041171,apartment,apartment,239000,forsale,1500,installed,1998,asnew,electric,428,2,,,,,true,,,,,,10/18/22
10128070,apartment,flatstudio,240000,forsale,1040,installed,1912,tobedoneup,fueloil,277,1,,,true,,,,,,,,10/18/22
10158182,house,house,240000,forsale,5300,installed,,justrenovated,fueloil,299,2,300,true,true,,true,true,,1,2,,10/18/22
9625357,house,house,131000,forsale,2550,notinstalled,1930,,gas,371,3,1664,,true,1100,true,,,1,,,10/18/22
10158172,apartment,apartment,260000,forsale,8870,installed,2020,good,gas,47,2,,,,,true,,,,,,10/18/22
10158154,house,house,290000,forsale,7900,installed,2021,,gas,,3,515,true,,,,,,,2,1,10/18/22
10158153,house,bungalow,445000,forsale,1410,hyperequipped,1973,good,electric,555,2,681,true,,500,true,,,2,3,,10/18/22
10158149,apartment,flatstudio,59000,forsale,4000,notinstalled,,tobedoneup,,251,1,,,,,,,,,,,10/18/22
9641565,house,house,184000,forsale,2550,,,good,gas,,5,155,,true,,true,,,,1,,10/18/22
10121293,house,house,275000,forsale,1420,,,torenovate,fueloil,515,2,207,,,100,,true,,,,,10/18/22
9528351,apartment,apartment,242500,forsale,4620,notinstalled,2020,,gas,111,2,,,true,,true,,,,,,10/18/22
10107504,apartment,apartment,245000,forsale,1080,,,good,gas,409,3,,,true,,true,,,,,,10/18/22
10057957,apartment,apartment,245000,forsale,2850,hyperequipped,2014,asnew,gas,101,2,,,true,,true,,,,1,,10/18/22
9960570,apartment,duplex,245000,forsale,9600,notinstalled,2019,asnew,gas,83,3,,,,,true,,,,,,10/18/22
9528348,apartment,apartment,247500,forsale,4620,notinstalled,2020,,gas,104,2,,,true,,true,,,,,,10/18/22
9552584,apartment,apartment,248000,forsale,8470,hyperequipped,,asnew,,,2,,,,,true,,,,,,10/18/22
9985921,apartment,apartment,249000,forsale,1080,usainstalled,1970,justrenovated,gas,249,2,,,,,,,,,,,10/18/22
9864257,apartment,apartment,249000,forsale,1420,installed,,torenovate,gas,387,5,,,,30,,,,,,,10/18/22
10109701,apartment,apartment,249000,forsale,2870,installed,2018,,gas,,2,,,,,true,,,1,,,10/18/22
9960571,apartment,apartment,249000,forsale,9600,notinstalled,2019,asnew,gas,53,2,,,,,true,,,,,,10/18/22
10034105,apartment,apartment,250000,forsale,1180,installed,1970,good,gas,215,2,,,,,,,,,,,10/18/22
9968090,apartment,apartment,254000,forsale,4041,hyperequipped,,,gas,83,2,,,true,,true,,,1,1,,10/18/22
9968089,apartment,apartment,254000,forsale,4041,hyperequipped,,,gas,83,2,,,true,,true,,,1,1,,10/18/22
10026496,apartment,apartment,255000,forsale,1070,semiequipped,1954,good,gas,196,2,,,true,,true,,,,,,10/18/22
9920558,apartment,apartment,255000,forsale,1083,,1965,,gas,188,3,,,true,,true,,,,,,10/18/22
10110916,apartment,apartment,255000,forsale,1180,installed,1970,,gas,400,2,,,,,true,,,,,,10/18/22
9877326,apartment,loft,259000,forsale,1800,usahyperequipped,2006,good,gas,136,1,,,,,true,true,,1,,,10/18/22
10060872,apartment,apartment,259000,forsale,8200,,1969,good,fueloil,308,3,,,,,true,,,,,,10/18/22
9800041,apartment,apartment,259000,forsale,8380,hyperequipped,,asnew,,,1,,,,,true,,,1,,,10/18/22
9511291,apartment,apartment,260000,forsale,1000,,,good,,105,1,,,,,true,,,,,,10/18/22
10022507,apartment,apartment,260000,forsale,1050,installed,1954,good,gas,127,1,,,true,,true,,,,,,10/18/22
9874678,apartment,apartment,262000,forsale,1060,installed,1907,justrenovated,,417,1,,,,,,,,,,,10/18/22
10013194,apartment,apartment,265000,forsale,1180,installed,2017,,gas,90,1,,,true,,true,,,1,,,10/18/22
10057239,apartment,apartment,265000,forsale,2100,hyperequipped,1979,asnew,gas,138,2,,,,,true,true,,,,,10/18/22
10120563,apartment,apartment,265000,forsale,8370,installed,,good,electric,194,2,,,true,,true,,,,,,10/18/22
9989027,apartment,apartment,269000,forsale,2600,hyperequipped,1962,asnew,gas,92,1,,,true,,,,,,,,10/18/22
9786448,apartment,apartment,269000,forsale,2600,,1968,asnew,gas,175,3,,,true,,true,,,,,,10/18/22
9447246,apartment,apartment,269000,forsale,3800,,1968,torenovate,gas,366,3,,,,,,,,,,,10/18/22
10069436,apartment,apartment,270000,forsale,1200,usahyperequipped,1930,asnew,gas,415,1,,,true,,,,,,,,10/18/22
10128073,apartment,flatstudio,275000,forsale,1040,installed,1912,tobedoneup,fueloil,326,0,,,true,,,,,,,,10/18/22
10158182,house,house,240000,forsale,5300,installed,,justrenovated,fueloil,299,2,300,true,true,,true,true,,1,2,,10/18/22
9625357,house,house,131000,forsale,2550,notinstalled,1930,,gas,371,3,1664,,true,1100,true,,,1,,,10/18/22
10158172,apartment,apartment,260000,forsale,8870,installed,2020,good,gas,47,2,,,,,true,,,,,,10/18/22
10158154,house,house,290000,forsale,7900,installed,2021,,gas,,3,515,true,,,,,,,2,1,10/18/22
10158153,house,bungalow,445000,forsale,1410,hyperequipped,1973,good,electric,555,2,681,true,,500,true,,,2,3,,10/18/22
10158149,apartment,flatstudio,59000,forsale,4000,notinstalled,,tobedoneup,,251,1,,,,,,,,,,,10/18/22
9641565,house,house,184000,forsale,2550,,,good,gas,,5,155,,true,,true,,,,1,,10/18/22
10121293,house,house,275000,forsale,1420,,,torenovate,fueloil,515,2,207,,,100,,true,,,,,10/18/22
9888932,apartment,apartment,275000,forsale,1160,,1959,torenovate,fueloil,201,1,,,true,,true,,,1,,,10/18/22
9972874,apartment,apartment,275000,forsale,8400,,1991,torenovate,electric,339,4,,,,,true,,,1,,,10/18/22
10020664,apartment,apartment,279000,forsale,2170,usahyperequipped,2015,asnew,gas,102.52,2,,,,,true,,,1,,,10/18/22
10127535,apartment,apartment,279000,forsale,2850,hyperequipped,2006,asnew,gas,118,2,,,true,,true,,,1,,,10/18/22
10060208,apartment,apartment,279000,forsale,8450,installed,2005,asnew,electric,225,2,,,,,true,,,,,,10/18/22
8318012,apartment,apartment,279000,forsale,8700,installed,2016,good,gas,84.13,2,,,true,,,,,,,,10/18/22
9968088,apartment,apartment,279950,forsale,4041,hyperequipped,,,gas,83,2,,,true,,true,,,1,1,,10/18/22
9968086,apartment,apartment,279950,forsale,4041,hyperequipped,,,gas,83,2,,,true,,true,,,1,1,,10/18/22
9478948,apartment,apartment,280000,forsale,1050,usainstalled,1972,good,fueloil,267,1,,,,,true,,,,,,10/18/22
10013868,apartment,apartment,282000,forsale,8530,hyperequipped,1980,justrenovated,gas,98,2,,,,,true,,,,,,10/18/22
10129955,apartment,apartment,284000,forsale,2940,hyperequipped,1970,asnew,gas,210,2,,,,,true,,,1,1,,10/18/22
10085180,apartment,apartment,284450,forsale,8580,installed,,good,,,2,,,,,true,,,,,,10/18/22
10102213,apartment,apartment,285000,forsale,7033,installed,2013,,electric,144,3,,,,,true,,,2,,,10/18/22
10129946,apartment,apartment,289000,forsale,2940,hyperequipped,1970,asnew,gas,104,2,,,,,true,,,1,1,,10/18/22
10103543,apartment,apartment,289000,forsale,9300,hyperequipped,1965,asnew,gas,167,2,,,true,,true,,,1,1,,10/18/22
9960569,apartment,apartment,289000,forsale,9600,notinstalled,2021,asnew,gas,62,3,,,,170,true,,,,,,10/18/22
9393291,apartment,apartment,295000,forsale,1325,usahyperequipped,2007,asnew,gas,145,1,,,,,true,,,1,1,,10/18/22
10074187,apartment,apartment,295000,forsale,2600,hyperequipped,1972,asnew,electric,496,2,,,true,,true,,,,,,10/18/22
10087961,apartment,apartment,295000,forsale,3500,installed,2019,asnew,gas,100,2,,,,,true,,,1,,,10/18/22
10084483,apartment,apartment,295000,forsale,7340,installed,,good,gas,377,2,,,true,,,,,3,1,,10/18/22
10055040,apartment,apartment,295000,forsale,8400,hyperequipped,,asnew,,,1,,,true,,true,,,1,,,10/18/22
9708409,apartment,serviceflat,295000,forsale,9310,hyperequipped,2018,asnew,gas,71,1,,,,,true,,,1,1,,10/18/22
10108274,apartment,apartment,298000,forsale,9000,installed,2021,asnew,gas,96,1,,,,110,true,,,,,,10/18/22
9989921,apartment,apartment,299000,forsale,1030,usainstalled,2008,asnew,gas,126,2,,,true,,true,,,1,,,10/18/22
10017518,apartment,apartment,299000,forsale,1040,hyperequipped,,good,,,1,,,true,,,,,,,,10/18/22
10013210,apartment,apartment,299000,forsale,2000,notinstalled,1965,torenovate,,,2,,,,,true,,,,1,,10/18/22
10126193,apartment,duplex,299000,forsale,2270,usahyperequipped,1982,good,gas,324,3,,,,,true,,,,,,10/18/22
9926927,apartment,apartment,299000,forsale,2550,hyperequipped,,asnew,,,3,,,true,,true,,,,,,10/18/22
9995899,apartment,apartment,299000,forsale,2600,hyperequipped,1934,justrenovated,gas,202,2,,,,,true,,,,,,10/18/22
8970504,apartment,apartment,299000,forsale,2930,hyperequipped,,asnew,gas,79,2,,,,,true,,,,,,10/18/22
10158182,house,house,240000,forsale,5300,installed,,justrenovated,fueloil,299,2,300,true,true,,true,true,,1,2,,10/18/22
9625357,house,house,131000,forsale,2550,notinstalled,1930,,gas,371,3,1664,,true,1100,true,,,1,,,10/18/22
10158172,apartment,apartment,260000,forsale,8870,installed,2020,good,gas,47,2,,,,,true,,,,,,10/18/22
10158154,house,house,290000,forsale,7900,installed,2021,,gas,,3,515,true,,,,,,,2,1,10/18/22
10158153,house,bungalow,445000,forsale,1410,hyperequipped,1973,good,electric,555,2,681,true,,500,true,,,2,3,,10/18/22
10158149,apartment,flatstudio,59000,forsale,4000,notinstalled,,tobedoneup,,251,1,,,,,,,,,,,10/18/22
9641565,house,house,184000,forsale,2550,,,good,gas,,5,155,,true,,true,,,,1,,10/18/22
10121293,house,house,275000,forsale,1420,,,torenovate,fueloil,515,2,207,,,100,,true,,,,,10/18/22
10119678,apartment,apartment,299000,forsale,4000,installed,1971,good,gas,287,2,,,true,,true,,,1,,,10/18/22
9997323,apartment,apartment,300000,forsale,1030,hyperequipped,1955,good,gas,256,2,,,true,,true,,,2,2,,10/18/22
10049291,apartment,apartment,309500,forsale,2000,installed,1955,asnew,gas,305,3,,,,,true,,,,,,10/18/22
9885137,apartment,apartment,310000,forsale,1180,,1965,torenovate,gas,196,3,,,true,,true,,,1,,,10/18/22
9838194,apartment,apartment,310000,forsale,8301,,,tobedoneup,electric,237,3,,,,,,,,,,,10/18/22
9792750,apartment,apartment,319000,forsale,1081,hyperequipped,1956,good,fueloil,633,2,,,true,,true,,,,,,10/18/22
10034110,apartment,apartment,325000,forsale,1070,,1962,good,gas,534,3,,,true,,,,,1,1,,10/18/22
10042841,apartment,apartment,325000,forsale,1210,,2009,good,gas,124,2,,,,,true,,,,1,,10/18/22
9988946,apartment,apartment,325000,forsale,1400,usahyperequipped,2020,asnew,gas,82,2,,,,,true,,,,1,,10/18/22
9112347,apartment,apartment,325000,forsale,8470,hyperequipped,,asnew,,,3,,,,,true,,,,,,10/18/22
9104737,apartment,apartment,325000,forsale,8470,hyperequipped,,asnew,,,3,,,,,true,,,,,,10/18/22
9910735,apartment,apartment,325065,forsale,8470,hyperequipped,,asnew,,,3,,,,,true,,,,,,10/18/22
10087415,apartment,apartment,329000,forsale,9000,,2013,asnew,gas,94.94,2,,,,,true,,,1,,,10/18/22
9861420,apartment,apartment,335000,forsale,2220,,2014,asnew,gas,200,2,,,,,true,,,,,,10/18/22
9552587,apartment,apartment,341000,forsale,8470,hyperequipped,,asnew,,,3,,,,,true,,,,,,10/18/22
10077437,apartment,apartment,345000,forsale,1190,,1956,justrenovated,,180,2,,,true,,true,,,,,,10/18/22
9552581,apartment,apartment,345000,forsale,8470,hyperequipped,,asnew,,,3,,,,,true,,,,,,10/18/22
10062799,apartment,apartment,345000,forsale,9000,,1971,asnew,gas,252,2,,,,,true,,,1,,,10/18/22
9552550,apartment,apartment,349500,forsale,8470,hyperequipped,,asnew,,,3,,,,,true,,,,,,10/18/22
10024175,apartment,groundfloor,350000,forsale,1000,installed,1876,asnew,gas,236,1,,,,,true,,,,,,10/18/22
10088103,apartment,apartment,365000,forsale,1050,usahyperequipped,2006,asnew,gas,237,2,,,true,,true,,,,,,10/18/22
9946651,apartment,apartment,370000,forsale,1000,,1977,torestore,gas,132,2,,,true,,true,,,1,,,10/18/22
9937282,apartment,apartment,370000,forsale,3000,hyperequipped,2000,good,gas,154,2,,,true,,true,,,,,,10/18/22
10109761,apartment,apartment,375000,forsale,2000,hyperequipped,2008,good,gas,135,2,,,true,,true,,,,1,,10/18/22
9376444,apartment,apartment,375000,forsale,8800,usahyperequipped,2003,asnew,gas,142,4,,,,,true,,,,,,10/18/22
10056561,apartment,apartment,385000,forsale,8400,hyperequipped,,asnew,,,2,,,true,,true,,,1,,,10/18/22
9112346,apartment,apartment,385000,forsale,8470,hyperequipped,,asnew,,,3,,,,,true,,,,,,10/18/22
9926379,apartment,apartment,395000,forsale,1050,hyperequipped,1957,asnew,gas,166,2,,true,true,,true,,,2,,,10/18/22
10051305,apartment,apartment,395000,forsale,2018,installed,2021,asnew,gas,59,1,,,true,,true,,,,,,10/18/22
10113971,apartment,penthouse,395000,forsale,2100,hyperequipped,1976,asnew,gas,172,2,,,,,true,,,,,,10/18/22
10158182,house,house,240000,forsale,5300,installed,,justrenovated,fueloil,299,2,300,true,true,,true,true,,1,2,,10/18/22
9625357,house,house,131000,forsale,2550,notinstalled,1930,,gas,371,3,1664,,true,1100,true,,,1,,,10/18/22
10158172,apartment,apartment,260000,forsale,8870,installed,2020,good,gas,47,2,,,,,true,,,,,,10/18/22
10158154,house,house,290000,forsale,7900,installed,2021,,gas,,3,515,true,,,,,,,2,1,10/18/22
10158153,house,bungalow,445000,forsale,1410,hyperequipped,1973,good,electric,555,2,681,true,,500,true,,,2,3,,10/18/22
10158149,apartment,flatstudio,59000,forsale,4000,notinstalled,,tobedoneup,,251,1,,,,,,,,,,,10/18/22
9641565,house,house,184000,forsale,2550,,,good,gas,,5,155,,true,,true,,,,1,,10/18/22
10121293,house,house,275000,forsale,1420,,,torenovate,fueloil,515,2,207,,,100,,true,,,,,10/18/22
10066486,apartment,apartment,399000,forsale,8660,installed,1977,justrenovated,electric,320,2,,,true,,,,,,,,10/18/22
10056560,apartment,apartment,435000,forsale,8400,hyperequipped,,asnew,,,2,,,true,,true,,,1,,,10/18/22
9849810,apartment,apartment,450000,forsale,2018,installed,2015,asnew,gas,191,2,,,true,,true,,,1,1,,10/18/22
10030780,apartment,apartment,450000,forsale,5000,hyperequipped,,good,gas,120,3,,,,,true,,,,,,10/18/22
10012607,apartment,groundfloor,465000,forsale,1200,installed,1978,good,gas,170,3,,,true,100,true,,,2,2,,10/18/22
9972957,apartment,apartment,475000,forsale,1000,usahyperequipped,,asnew,gas,127,2,,,,,,,,,,,10/18/22
10124910,apartment,triplex,475000,forsale,1170,hyperequipped,1900,asnew,gas,217,3,,,true,,,true,,,,,10/18/22
9949493,apartment,apartment,485000,forsale,8620,,2000,asnew,electric,299,3,,,true,,true,,,,,,10/18/22
9861347,apartment,apartment,499000,forsale,9200,hyperequipped,2020,asnew,gas,19,2,,,true,,true,true,,1,,,10/18/22
10110061,apartment,apartment,525000,forsale,1050,usahyperequipped,1930,justrenovated,gas,125,3,,,true,,true,,,,,,10/18/22
9918656,apartment,penthouse,535000,forsale,9100,installed,2017,asnew,gas,122,2,,true,true,,true,,,1,,,10/18/22
10101115,apartment,apartment,535000,forsale,9120,installed,1987,asnew,gas,156,5,,,,,true,,,,,,10/18/22
10124909,apartment,apartment,540000,forsale,1040,hyperequipped,1958,good,fueloil,422,3,,,true,,true,true,,,1,,10/18/22
10120879,apartment,duplex,545000,forsale,2970,usahyperequipped,2006,asnew,gas,106,2,,,true,,true,,,2,,,10/18/22
10114735,apartment,loft,549000,forsale,2000,,1900,tobedoneup,gas,186,2,,,true,,true,true,,,,,10/18/22
10055084,apartment,apartment,550000,forsale,8400,hyperequipped,,asnew,,,3,,,true,,true,,,1,,,10/18/22
9751328,apartment,apartment,560000,forsale,1040,installed,1930,torenovate,gas,338,3,,,true,,true,,,1,1,,10/18/22
9714323,apartment,apartment,565000,forsale,1180,hyperequipped,1992,asnew,gas,136,3,,,true,500,true,,true,1,,,10/18/22
10128075,apartment,apartment,590000,forsale,1040,installed,1912,torenovate,fueloil,286,2,,,true,,true,,,,,,10/18/22
10058688,apartment,apartment,590000,forsale,8300,usahyperequipped,1981,justrenovated,gas,113,2,,,,,true,,,,,,10/18/22
10063168,apartment,apartment,595000,forsale,1000,hyperequipped,,tobedoneup,gas,163,3,,,true,,true,,,,1,,10/18/22
10109994,apartment,duplex,595000,forsale,1030,usahyperequipped,,asnew,gas,108,6,,,,30,true,,,,,,10/18/22
10063169,apartment,apartment,595000,forsale,1050,hyperequipped,,tobedoneup,gas,163,3,,,true,,true,,,,1,,10/18/22
10032208,apartment,duplex,595000,forsale,8620,installed,2002,good,electric,399,4,,,,,,,,,,,10/18/22
10058676,apartment,apartment,599000,forsale,8300,installed,1962,asnew,gas,238,2,,,true,,,,,,,,10/18/22
10126351,apartment,apartment,625000,forsale,1150,,,asnew,gas,135,3,,,true,,true,,,1,,,10/18/22
9934963,apartment,apartment,650000,forsale,8300,hyperequipped,1992,asnew,gas,130,2,,,true,,true,,,,,,10/18/22
9934961,apartment,apartment,650000,forsale,8300,hyperequipped,1992,asnew,gas,134,2,,,true,,true,,,,,,10/18/22
9972982,apartment,apartment,675000,forsale,8300,hyperequipped,1967,asnew,gas,102,2,,,,,,,,,,,10/18/22
10044905,apartment,apartment,679000,forsale,2930,,1997,good,gas,129,3,,,,178,,,,,,,10/18/22
10158182,house,house,240000,forsale,5300,installed,,justrenovated,fueloil,299,2,300,true,true,,true,true,,1,2,,10/18/22
9625357,house,house,131000,forsale,2550,notinstalled,1930,,gas,371,3,1664,,true,1100,true,,,1,,,10/18/22
10158172,apartment,apartment,260000,forsale,8870,installed,2020,good,gas,47,2,,,,,true,,,,,,10/18/22
10158154,house,house,290000,forsale,7900,installed,2021,,gas,,3,515,true,,,,,,,2,1,10/18/22
10158153,house,bungalow,445000,forsale,1410,hyperequipped,1973,good,electric,555,2,681,true,,500,true,,,2,3,,10/18/22
10158149,apartment,flatstudio,59000,forsale,4000,notinstalled,,tobedoneup,,251,1,,,,,,,,,,,10/18/22
9641565,house,house,184000,forsale,2550,,,good,gas,,5,155,,true,,true,,,,1,,10/18/22
10121293,house,house,275000,forsale,1420,,,torenovate,fueloil,515,2,207,,,100,,true,,,,,10/18/22
9003126,apartment,apartment,695000,forsale,1150,hyperequipped,2015,asnew,gas,150,2,,,true,,,,,1,5,,10/18/22
9819901,apartment,apartment,745000,forsale,1040,usainstalled,1920,tobedoneup,gas,275,4,,,,,true,,,,,,10/18/22
10128496,apartment,apartment,749000,forsale,2000,hyperequipped,1925,asnew,gas,123,2,,,true,,true,,,1,,,10/18/22
9661723,apartment,apartment,750000,forsale,8000,,,good,,195,3,,,,,true,,,2,2,,10/18/22
9961519,apartment,apartment,775000,forsale,1180,notinstalled,1937,asnew,gas,268,3,,,true,,,true,,1,1,,10/18/22
9937840,apartment,duplex,775000,forsale,8300,hyperequipped,1992,asnew,gas,150,2,,,true,,true,,,,,,10/18/22
9992114,apartment,penthouse,780000,forsale,8620,,2017,asnew,gas,106,2,,,,,true,,,2,1,,10/18/22
10020617,apartment,penthouse,795000,forsale,8300,,1978,justrenovated,gas,336,2,,,,,true,,,,,,10/18/22
9740210,apartment,apartment,820000,forsale,3080,hyperequipped,2010,asnew,gas,177,3,,,true,,true,true,,3,1,,10/18/22
9452560,apartment,duplex,835000,forsale,8301,installed,1997,asnew,gas,177,2,,,,,true,,,,,,10/18/22
10049737,apartment,apartment,850000,forsale,8400,,1986,justrenovated,,186,2,,,,,true,,,,,,10/18/22
10073022,apartment,penthouse,865000,forsale,1000,usahyperequipped,,asnew,gas,248,4,,,,,true,,,1,1,,10/18/22
10084011,apartment,groundfloor,890000,forsale,1150,installed,1952,torenovate,gas,310,3,,,true,,true,true,,1,1,,10/18/22
9937422,apartment,apartment,895000,forsale,1050,notinstalled,,,gas,157,2,,,,40,true,true,,,,,10/18/22
10043563,apartment,apartment,895000,forsale,8300,usasemiequipped,1967,justrenovated,,245,2,,,,,true,,,,,,10/18/22
9990893,apartment,penthouse,895000,forsale,8300,usahyperequipped,1980,justrenovated,gas,245,2,,,true,,true,,,,,,10/18/22
10116704,apartment,apartment,938000,forsale,9000,hyperequipped,2014,asnew,gas,230,2,,,,,,,,,,,10/18/22
10010551,apartment,apartment,995000,forsale,8300,hyperequipped,1999,justrenovated,gas,112,2,,,true,,true,,,,,,10/18/22
10000948,apartment,apartment,995000,forsale,8300,hyperequipped,1978,asnew,gas,116,3,,,,,true,,,1,,,10/18/22
10083652,apartment,penthouse,1085000,forsale,8300,installed,1980,justrenovated,gas,297,3,,,true,,true,,,,,,10/18/22
10020616,apartment,apartment,1095000,forsale,8300,,1990,asnew,gas,117,3,,,,,true,,,1,,,10/18/22
9963868,apartment,penthouse,1095000,forsale,8300,installed,1997,tobedoneup,gas,282,2,,,true,,true,,,1,,,10/18/22
10082240,apartment,apartment,1125000,forsale,1050,,2010,asnew,gas,90,3,,,true,,true,true,,1,,,10/18/22
9936513,apartment,apartment,1195000,forsale,8300,,1980,asnew,,237,3,,,,,true,,,,,,10/18/22
9873092,apartment,apartment,1195000,forsale,8301,hyperequipped,2007,asnew,gas,74,2,,,,,true,,,,,,10/18/22
10036299,apartment,triplex,1200000,forsale,1050,installed,,asnew,gas,637,4,,,true,,true,true,,1,,,10/18/22
9811756,apartment,apartment,1300000,forsale,1050,installed,,asnew,gas,145,2,,,true,,true,,true,2,2,,10/18/22
10016321,apartment,apartment,1350000,forsale,1000,hyperequipped,,asnew,gas,90,3,,,true,,true,true,,1,1,,10/18/22
9910218,apartment,duplex,1350000,forsale,1000,installed,1953,tobedoneup,gas,250,4,,,,,true,true,,2,,,10/18/22
9661740,apartment,apartment,1350000,forsale,1000,hyperequipped,1974,good,gas,167,4,,,true,,,true,,,,,10/18/22
10158182,house,house,240000,forsale,5300,installed,,justrenovated,fueloil,299,2,300,true,true,,true,true,,1,2,,10/18/22
9625357,house,house,131000,forsale,2550,notinstalled,1930,,gas,371,3,1664,,true,1100,true,,,1,,,10/18/22
10158172,apartment,apartment,260000,forsale,8870,installed,2020,good,gas,47,2,,,,,true,,,,,,10/18/22
10158154,house,house,290000,forsale,7900,installed,2021,,gas,,3,515,true,,,,,,,2,1,10/18/22
10158153,house,bungalow,445000,forsale,1410,hyperequipped,1973,good,electric,555,2,681,true,,500,true,,,2,3,,10/18/22
10158149,apartment,flatstudio,59000,forsale,4000,notinstalled,,tobedoneup,,251,1,,,,,,,,,,,10/18/22
9641565,house,house,184000,forsale,2550,,,good,gas,,5,155,,true,,true,,,,1,,10/18/22
10121293,house,house,275000,forsale,1420,,,torenovate,fueloil,515,2,207,,,100,,true,,,,,10/18/22
10066657,apartment,apartment,1375000,forsale,8300,hyperequipped,2000,asnew,gas,301,3,,,,,true,,,1,,,10/18/22
10058234,apartment,apartment,1375000,forsale,8300,installed,1996,asnew,gas,301,3,,,true,,true,,,1,,,10/18/22
10020798,apartment,apartment,1375000,forsale,8301,installed,1996,asnew,gas,301,3,,,true,,true,,,1,,,10/18/22
10020466,apartment,penthouse,1375000,forsale,8301,hyperequipped,1996,asnew,gas,301,3,,,,,true,,,1,,,10/18/22
10120895,apartment,apartment,1395000,forsale,8300,hyperequipped,2008,asnew,gas,116,4,,,,,true,,,2,,,10/18/22
9779548,apartment,duplex,1399000,forsale,8300,usahyperequipped,1989,good,gas,205,3,,,,,,,,,1,,10/18/22
10016307,apartment,penthouse,1450000,forsale,1180,usahyperequipped,2018,asnew,gas,49,2,,,true,,true,,,,1,,10/18/22
8904405,apartment,apartment,1537000,forsale,1050,usasemiequipped,2017,asnew,gas,60,2,,,,,true,,,1,1,,10/18/22
10084626,apartment,penthouse,1575000,forsale,1000,installed,2017,,gas,151,3,,,true,,true,,,1,,,10/18/22
9481446,apartment,apartment,1650000,forsale,8300,hyperequipped,2018,asnew,gas,78,2,,,,,true,,,,,,10/18/22
9847294,apartment,apartment,1650000,forsale,8420,usahyperequipped,2015,asnew,gas,86,2,,,,,true,,,1,,,10/18/22
9888923,apartment,apartment,1750000,forsale,8300,usahyperequipped,1972,asnew,gas,107,3,,,,,true,,,,,,10/18/22
9705281,apartment,triplex,1750000,forsale,8300,usahyperequipped,2004,asnew,gas,102,4,,,,,true,true,,,,,10/18/22
8925691,apartment,apartment,1795000,forsale,8300,hyperequipped,2011,asnew,gas,129,4,,,true,,true,,,2,,,10/18/22
9495983,apartment,groundfloor,1800000,forsale,1180,hyperequipped,1992,asnew,gas,152,2,,,true,400,true,,,,2,,10/18/22
9442178,apartment,apartment,1800000,forsale,1180,hyperequipped,1992,asnew,gas,152,2,,,true,400,true,,true,2,2,,10/18/22
8900715,apartment,apartment,1839000,forsale,1050,usasemiequipped,2018,asnew,gas,60,3,,,,,true,,,1,1,,10/18/22
8904407,apartment,apartment,1950000,forsale,1050,usahyperequipped,2018,asnew,gas,60,3,,,,,true,,,1,1,,10/18/22
9899005,apartment,apartment,1980000,forsale,1060,usahyperequipped,1900,asnew,,195,3,,,,,true,,,,2,,10/18/22
10025164,apartment,penthouse,1995000,forsale,1180,usahyperequipped,2018,asnew,gas,108,4,,,true,,true,true,,1,1,,10/18/22
10025016,apartment,apartment,2350000,forsale,8300,,1990,good,gas,206,4,,,,,true,,,,1,,10/18/22
9859180,apartment,apartment,3195000,forsale,8300,usahyperequipped,1985,asnew,gas,126,3,,,true,,true,,,2,,,10/18/22
9974208,apartment,apartment,3250000,forsale,1180,hyperequipped,2004,asnew,gas,185,5,,,true,1500,true,true,,3,,,10/18/22
8900713,apartment,apartment,3297000,forsale,1050,usahyperequipped,2018,asnew,gas,60,3,,,true,,true,,,1,1,,10/18/22
8900714,apartment,apartment,3324000,forsale,1050,usahyperequipped,2018,asnew,gas,60,3,,,,,true,,,1,1,,10/18/22
8904406,apartment,apartment,3370000,forsale,1050,usahyperequipped,2017,asnew,gas,60,2,,,,,true,,,1,1,,10/18/22
10107506,apartment,apartment,3650000,forsale,8300,usahyperequipped,1972,asnew,gas,247,3,,,,,true,,,1,,,10/18/22
9998679,apartment,apartment,4295000,forsale,8300,hyperequipped,2011,asnew,gas,91,3,,,true,,true,,,,,,10/18/22
10133317,apartment,duplex,170000,forsale,7330,installed,,justrenovated,gas,177,2,,,,,,true,,,,,10/18/22
10133315,apartment,apartment,170000,forsale,7330,installed,,justrenovated,gas,177,2,,,,,,true,,,,,10/18/22
10158182,house,house,240000,forsale,5300,installed,,justrenovated,fueloil,299,2,300,true,true,,true,true,,1,2,,10/18/22
9625357,house,house,131000,forsale,2550,notinstalled,1930,,gas,371,3,1664,,true,1100,true,,,1,,,10/18/22
10158172,apartment,apartment,260000,forsale,8870,installed,2020,good,gas,47,2,,,,,true,,,,,,10/18/22
10158154,house,house,290000,forsale,7900,installed,2021,,gas,,3,515,true,,,,,,,2,1,10/18/22
10158153,house,bungalow,445000,forsale,1410,hyperequipped,1973,good,electric,555,2,681,true,,500,true,,,2,3,,10/18/22
10158149,apartment,flatstudio,59000,forsale,4000,notinstalled,,tobedoneup,,251,1,,,,,,,,,,,10/18/22
9641565,house,house,184000,forsale,2550,,,good,gas,,5,155,,true,,true,,,,1,,10/18/22
10121293,house,house,275000,forsale,1420,,,torenovate,fueloil,515,2,207,,,100,,true,,,,,10/18/22
10133304,apartment,apartment,239000,forsale,7500,installed,1975,asnew,gas,126,3,,,true,,true,,,1,,,10/18/22
10136250,apartment,apartment,251000,forsale,3440,usahyperequipped,2022,asnew,,,2,,,,,true,,,2,14,1,10/18/22
10148379,apartment,apartment,251000,forsale,8370,,1969,asnew,,121,1,,,,,true,,,,,,10/18/22
10136253,apartment,apartment,266000,forsale,3440,usahyperequipped,2022,asnew,,,1,,,,,true,,,2,14,1,10/18/22
10136251,apartment,duplex,356000,forsale,3440,usahyperequipped,2022,asnew,,,3,,,,,true,,,2,14,1,10/18/22
10134984,apartment,apartment,245000,forsale,2020,,1957,good,fueloil,124,2,,,,,true,,,,,,10/18/22
10102697,apartment,apartment,299000,forsale,9051,installed,2012,asnew,gas,,2,,,,,true,,,1,,,10/18/22
10154417,apartment,apartment,245000,forsale,8870,installed,2019,,gas,,2,,,,,true,,,,,1,10/18/22
10153936,apartment,apartment,95000,forsale,7100,notinstalled,,justrenovated,fueloil,305,1,,,true,,true,,,,1,,10/18/22
10154292,apartment,apartment,159000,forsale,9300,installed,1983,tobedoneup,,591,3,,,,,true,,,,,,10/18/22
10112195,apartment,apartment,185000,forsale,9300,hyperequipped,,good,gas,242,2,,,,,,,,,,,10/18/22
10152676,apartment,apartment,219000,forsale,8430,installed,2006,good,,294,2,,,true,,true,,,,,,10/18/22
10141046,apartment,apartment,230750,forsale,2230,,2021,asnew,gas,,1,,,,,true,,,,,1,10/18/22
10141050,apartment,apartment,330750,forsale,2230,,2021,asnew,gas,,2,,,,,true,,,,,1,10/18/22
10140928,apartment,apartment,363250,forsale,2230,,2021,asnew,gas,,3,,,,,true,,,,,1,10/18/22
10140550,apartment,apartment,496150,forsale,1410,usahyperequipped,2022,asnew,gas,,3,,,true,,true,,,,1,1,10/18/22
10138489,apartment,apartment,140000,forsale,4030,semiequipped,1970,tobedoneup,gas,97,2,,,true,,true,,,1,,,10/18/22
10054214,apartment,serviceflat,185000,forsale,3110,installed,2016,asnew,,52,1,,,,,,,,,,1,10/18/22
10045760,apartment,apartment,199000,forsale,1120,hyperequipped,,asnew,gas,,1,,,true,,,,,,,1,10/18/22
10060120,apartment,apartment,225000,forsale,1090,hyperequipped,1970,good,gas,135,2,,,,,true,,,,,,10/18/22
10127990,apartment,apartment,225000,forsale,3300,installed,2021,asnew,,40,1,,,,,true,,,,,1,10/18/22
10127989,apartment,apartment,230000,forsale,3300,installed,2021,asnew,,40,1,,,,,true,,,,,1,10/18/22
10037673,apartment,apartment,244800,forsale,1190,usahyperequipped,2022,asnew,gas,46,1,,,true,,true,,,,1,1,10/18/22
10031490,apartment,loft,325000,forsale,3440,hyperequipped,2022,justrenovated,,359,3,,,,,true,,,,1,1,10/18/22
9765907,apartment,apartment,349000,forsale,2830,installed,2022,,,,2,,,,,true,,,,,1,10/18/22
10115635,apartment,apartment,357000,forsale,9052,installed,2022,,gas,,1,,,true,,true,,,,,1,10/18/22
10115633,apartment,apartment,375000,forsale,9052,installed,2022,,gas,,1,,,true,,true,,,,,1,10/18/22
10115638,apartment,apartment,380000,forsale,9052,installed,2022,,gas,,1,,,true,,true,,,,,1,10/18/22
9968751,apartment,apartment,389000,forsale,9000,,2022,,,,2,,,true,,true,,,,,1,10/18/22
10138213,apartment,apartment,419000,forsale,9000,installed,1946,justrenovated,gas,265,3,,,,,true,,,,,,10/18/22
10158182,house,house,240000,forsale,5300,installed,,justrenovated,fueloil,299,2,300,true,true,,true,true,,1,2,,10/18/22
9625357,house,house,131000,forsale,2550,notinstalled,1930,,gas,371,3,1664,,true,1100,true,,,1,,,10/18/22
10158172,apartment,apartment,260000,forsale,8870,installed,2020,good,gas,47,2,,,,,true,,,,,,10/18/22
10158154,house,house,290000,forsale,7900,installed,2021,,gas,,3,515,true,,,,,,,2,1,10/18/22
10158153,house,bungalow,445000,forsale,1410,hyperequipped,1973,good,electric,555,2,681,true,,500,true,,,2,3,,10/18/22
10158149,apartment,flatstudio,59000,forsale,4000,notinstalled,,tobedoneup,,251,1,,,,,,,,,,,10/18/22
9641565,house,house,184000,forsale,2550,,,good,gas,,5,155,,true,,true,,,,1,,10/18/22
10121293,house,house,275000,forsale,1420,,,torenovate,fueloil,515,2,207,,,100,,true,,,,,10/18/22
9906016,apartment,apartment,423500,forsale,9700,,2022,,,,2,,,,,true,,,,,1,10/18/22
9906003,apartment,apartment,423500,forsale,9700,,2022,,,,2,,,,,true,,,,,1,10/18/22
10018926,apartment,apartment,424000,forsale,1160,installed,2022,asnew,gas,45,2,,,true,,true,,,,1,1,10/18/22
10123819,apartment,apartment,429000,forsale,1050,installed,2022,asnew,gas,45,2,,,true,,true,,,1,1,1,10/18/22
10007879,apartment,apartment,429000,forsale,1160,installed,2022,asnew,gas,45,2,,,true,,true,,,1,1,1,10/18/22
9853618,apartment,serviceflat,481000,forsale,8300,usahyperequipped,2022,asnew,,,1,,,true,,true,,,1,1,1,10/18/22
9736101,apartment,apartment,515000,forsale,1000,,2022,asnew,,,3,,,,,true,,,,,1,10/18/22
9648935,apartment,penthouse,524043,forsale,8610,hyperequipped,,asnew,gas,,2,,,,,true,,,,,1,10/18/22
10119377,apartment,groundfloor,537500,forsale,9051,hyperequipped,2018,asnew,gas,94,2,,,,,,,,,1,1,10/18/22
9846222,apartment,penthouse,556924,forsale,1410,hyperequipped,2022,,,70,3,,,,,true,,,1,,1,10/18/22
10138715,apartment,apartment,645000,forsale,8300,hyperequipped,1970,justrenovated,gas,234,2,,,true,,true,,,,,,10/18/22
9865164,apartment,duplex,650000,forsale,1180,usahyperequipped,2022,asnew,,55,2,,,true,52,true,,,,1,1,10/18/22
9560387,apartment,penthouse,819900,forsale,8300,usahyperequipped,2020,,,,3,,,true,,true,,,1,,1,10/18/22
10080533,apartment,triplex,1150000,forsale,1030,usahyperequipped,1887,asnew,gas,154,3,,,,,true,true,,,,1,10/18/22
9883257,apartment,apartment,1995000,forsale,1180,usahyperequipped,2018,asnew,,108,3,,,true,,true,true,,1,2,1,10/18/22
9700104,apartmentgroup,apartmentgroup,159681-533111,forsale,4000,,,,,,,,,,,,,,,,1,10/18/22
9185372,apartmentgroup,apartmentgroup,185000-215000,forsale,4500,,,,,,,,,,,,,,,,1,10/18/22
9968849,apartmentgroup,apartmentgroup,189000-359000,forsale,2610,,,,,,,,,,,,,,,,1,10/18/22
9932809,apartmentgroup,apartmentgroup,199500-267500,forsale,9600,,,,,,,,,,,,,,,,1,10/18/22
9286737,apartmentgroup,apartmentgroup,199500-460000,forsale,9600,,,,,,,,,,,,,,,,1,10/18/22
9952995,apartmentgroup,apartmentgroup,199514-325539,forsale,4000,,,,,,,,,,,,,,,,1,10/18/22
9226305,apartmentgroup,apartmentgroup,205000-229000,forsale,9600,,,,,,,,,,,,,,25,25,1,10/18/22
9307746,apartmentgroup,apartmentgroup,215000-315000,forsale,4100,,,,,,,,,,,,,,,,1,10/18/22
9980390,apartmentgroup,apartmentgroup,215000-215000,forsale,4500,,,,,106,,,,,,,,,,,1,10/18/22
8305928,apartmentgroup,apartmentgroup,217000-217000,forsale,3650,,,,,,,,,,,,,,,,1,10/18/22
9467085,apartmentgroup,apartmentgroup,218648-378920,forsale,3300,,,,,,,,,,,,,,,,1,10/18/22
6981865,apartmentgroup,apartmentgroup,243000-702000,forsale,3500,,,,,,,,,,,,,,,,1,10/18/22
9837461,apartmentgroup,apartmentgroup,244000-251000,forsale,5380,,,,,,,,,,,,,,,,1,10/18/22
9432876,apartmentgroup,apartmentgroup,247250-600000,forsale,8370,,,,,,,,,,,,,,,,1,10/18/22
9736519,apartmentgroup,apartmentgroup,247627.8-264262.5,forsale,3840,,,,,,,,,,,,,,,,1,10/18/22
10158182,house,house,240000,forsale,5300,installed,,justrenovated,fueloil,299,2,300,true,true,,true,true,,1,2,,10/18/22
9625357,house,house,131000,forsale,2550,notinstalled,1930,,gas,371,3,1664,,true,1100,true,,,1,,,10/18/22
10158172,apartment,apartment,260000,forsale,8870,installed,2020,good,gas,47,2,,,,,true,,,,,,10/18/22
10158154,house,house,290000,forsale,7900,installed,2021,,gas,,3,515,true,,,,,,,2,1,10/18/22
10158153,house,bungalow,445000,forsale,1410,hyperequipped,1973,good,electric,555,2,681,true,,500,true,,,2,3,,10/18/22
10158149,apartment,flatstudio,59000,forsale,4000,notinstalled,,tobedoneup,,251,1,,,,,,,,,,,10/18/22
9641565,house,house,184000,forsale,2550,,,good,gas,,5,155,,true,,true,,,,1,,10/18/22
10121293,house,house,275000,forsale,1420,,,torenovate,fueloil,515,2,207,,,100,,true,,,,,10/18/22
9327824,apartmentgroup,apartmentgroup,249000-249000,forsale,2110,,,,,,,,,,,,,,,,1,10/18/22
7600281,apartmentgroup,apartmentgroup,250000-310000,forsale,1470,,,,,,,,,,,,,,,,1,10/18/22
8669581,apartmentgroup,apartmentgroup,250400-352400,forsale,1830,,,,,,,,,,,,,,,,1,10/18/22
10115582,apartmentgroup,apartmentgroup,289900-429900,forsale,9700,,,,,,,,,,,,,,,,1,10/18/22
9842602,apartmentgroup,apartmentgroup,291900-359900,forsale,8790,,,,,,,,,,,,,,,,1,10/18/22
10115341,apartmentgroup,apartmentgroup,295000-795000,forsale,1348,,,,,,,,,,,,,,,,1,10/18/22
10026185,apartmentgroup,apartmentgroup,301000-367000,forsale,6750,,,,,,,,,,,,,,,,1,10/18/22
9493969,apartmentgroup,apartmentgroup,308000-340500,forsale,8500,,,,,,,,,,,,,,,,1,10/18/22
9493688,apartmentgroup,apartmentgroup,309000-349900,forsale,1755,,,,,,,,,,,,,,,,1,10/18/22
9129445,apartmentgroup,apartmentgroup,349900-349900,forsale,7750,,,,,,,,,,,,,,,,1,10/18/22
9896595,apartmentgroup,apartmentgroup,362500-362500,forsale,7800,,,,,,,,,,,,,,,,1,10/18/22
10112336,apartmentgroup,apartmentgroup,377000-477000,forsale,1435,,,,,89,,,,,,,,,1,1,1,10/18/22
9772965,apartmentgroup,apartmentgroup,379500-379500,forsale,3118,,,,,,,,,,,,,,,,1,10/18/22
10117706,apartmentgroup,apartmentgroup,420000-490000,forsale,1730,,,,,,,,,,,,,,,,1,10/18/22
9598890,apartmentgroup,apartmentgroup,525000-660001,forsale,1050,,,,,,,,,,,,,,,,1,10/18/22
9223359,apartmentgroup,apartmentgroup,675000-835000,forsale,9000,,,,,,,,,,,,,,,,1,10/18/22
9152629,apartmentgroup,apartmentgroup,1245000-1245000,forsale,9000,,,,,,,,,,,,,,,,1,10/18/22
10080691,apartmentgroup,apartmentgroup,1537000-1950000,forsale,1050,,,,,,,,,,,,,,,,1,10/18/22
10144468,apartment,apartment,248904,forsale,1030,notinstalled,2022,,gas,,1,,,true,,,,,,,,10/18/22
10144467,apartment,apartment,248904,forsale,1030,installed,2022,,gas,,1,,,true,,,,,,,,10/18/22
10142760,apartment,apartment,445000,forsale,9000,,1930,justrenovated,gas,155,2,,,,,,,,,,,10/18/22
10130818,apartment,apartment,130000,forsale,7970,semiequipped,,good,gas,389,1,,,,,,,,,,,10/18/22
10131751,apartment,duplex,135000,forsale,3300,installed,1949,good,gas,372,3,,,,,,,,,,,10/18/22
10131985,apartment,apartment,365000,forsale,9300,usainstalled,2000,asnew,gas,191,3,,,,,,,,,,,10/18/22
10130462,apartment,apartment,499000,forsale,1050,,1938,justrenovated,gas,160,2,,,true,,,,,,,,10/18/22
10146343,apartment,apartment,365000,forsale,8400,hyperequipped,2022,,gas,54,2,,,,,true,,,,1,,10/18/22
9792074,apartment,apartment,439000,forsale,8400,,1962,,gas,195,3,,,,,true,,,,,,10/18/22
10133629,apartment,apartment,329000,forsale,3000,installed,1977,good,electric,,2,,,true,,true,,,,,,10/18/22
10149367,apartment,apartment,235000,forsale,1180,hyperequipped,1965,good,gas,192,2,,,true,,true,,,1,1,,10/18/22
10149707,apartment,apartment,295000,forsale,1030,semiequipped,,good,gas,190,2,,,true,,,,,,,,10/18/22
10158182,house,house,240000,forsale,5300,installed,,justrenovated,fueloil,299,2,300,true,true,,true,true,,1,2,,10/18/22
9625357,house,house,131000,forsale,2550,notinstalled,1930,,gas,371,3,1664,,true,1100,true,,,1,,,10/18/22
10158172,apartment,apartment,260000,forsale,8870,installed,2020,good,gas,47,2,,,,,true,,,,,,10/18/22
10158154,house,house,290000,forsale,7900,installed,2021,,gas,,3,515,true,,,,,,,2,1,10/18/22
10158153,house,bungalow,445000,forsale,1410,hyperequipped,1973,good,electric,555,2,681,true,,500,true,,,2,3,,10/18/22
10158149,apartment,flatstudio,59000,forsale,4000,notinstalled,,tobedoneup,,251,1,,,,,,,,,,,10/18/22
9641565,house,house,184000,forsale,2550,,,good,gas,,5,155,,true,,true,,,,1,,10/18/22
10121293,house,house,275000,forsale,1420,,,torenovate,fueloil,515,2,207,,,100,,true,,,,,10/18/22
10149808,apartment,apartment,359500,forsale,8380,,,asnew,,,2,,,,,true,,,1,,,10/18/22
10150673,apartment,apartment,365000,forsale,8380,,,asnew,,,2,,,,,true,,,1,,,10/18/22
10149783,apartment,apartment,365000,forsale,8380,,,asnew,,,2,,,,,true,,,1,,,10/18/22
10150426,apartment,apartment,375000,forsale,8380,,,asnew,,,2,,,,,true,,,1,,,10/18/22
10149804,apartment,apartment,379000,forsale,8380,,,asnew,,,2,,,,,true,,,1,,,10/18/22
10149801,apartment,apartment,389000,forsale,8380,,,asnew,,,2,,,,,true,,,1,,,10/18/22
10149000,apartment,apartment,435000,forsale,1050,usahyperequipped,,asnew,gas,84,1,,,true,,,,,,,,10/18/22
10149001,apartment,apartment,470000,forsale,1050,usahyperequipped,,asnew,gas,93,1,,,true,,true,,,,,,10/18/22
10149043,apartment,apartment,1495000,forsale,8301,hyperequipped,1966,,gas,244,3,,,true,,true,,,,,,10/18/22
10136823,apartment,apartment,199000,forsale,1070,semiequipped,,good,gas,347,1,,,,100,true,,,,,,10/18/22
10136036,apartment,apartment,285000,forsale,1081,usahyperequipped,1968,good,fueloil,206,3,,,true,,true,,,,,,10/18/22
10136330,apartment,duplex,349000,forsale,1400,installed,,good,gas,278,3,,,,,true,,,1,,,10/18/22
10136460,apartment,apartment,385000,forsale,9000,installed,,good,gas,177,2,,,,20,,,,,,,10/18/22
10105287,apartment,apartment,515000,forsale,1180,hyperequipped,1986,asnew,gas,169,2,,,true,,true,,,1,,,10/18/22
10135970,apartment,triplex,1195000,forsale,1000,hyperequipped,,good,gas,251,5,,,true,,true,,,1,,,10/18/22
10136131,apartment,duplex,1975000,forsale,9000,hyperequipped,,asnew,,105,2,,,true,,true,,,,,,10/18/22
10155119,apartment,apartment,139000,forsale,9150,,1992,good,electric,391,2,,,,,,,,,,,10/18/22
10154614,apartment,apartment,185000,forsale,9340,installed,,good,gas,167,2,,,,,true,,,1,,,10/18/22
10154414,apartment,apartment,235000,forsale,9200,,2014,asnew,,,2,,,,,true,,,,,,10/18/22
10143231,apartment,apartment,415000,forsale,1300,notinstalled,,asnew,gas,,3,,,true,,true,,,,,1,10/18/22
10154420,apartment,apartment,425000,forsale,3001,,1960,asnew,gas,287,2,,,true,,,,,,,,10/18/22
10141464,apartment,apartment,295000,forsale,2170,installed,1995,good,,146,3,,,true,,true,,,1,,,10/18/22
10142348,apartment,apartment,325000,forsale,9880,installed,2018,asnew,,39,2,,,,,true,,,,1,,10/18/22
10141356,apartment,apartment,415000,forsale,1060,usahyperequipped,,good,gas,209,2,,,true,,true,,,,,,10/18/22
9789251,apartment,flatstudio,99000,forsale,8400,usainstalled,2007,asnew,electric,161,0,,,true,,true,,,,,,10/18/22
9942106,apartment,apartment,124900,forsale,6700,,,,gas,401,1,,,,,,,,,,,10/18/22
9744050,apartment,apartment,125000,forsale,6060,notinstalled,,tobedoneup,fueloil,334,2,,,true,,,,,,,,10/18/22
9820930,apartment,duplex,139000,forsale,7700,installed,,tobedoneup,gas,254,2,,,,,true,,,,,,10/18/22
9843615,apartment,apartment,139000,forsale,8400,installed,2004,good,electric,289,1,,,,,true,,,,,,10/18/22
10113397,apartment,apartment,140000,forsale,8450,installed,,good,,197,1,,,,,,,,,,,10/18/22
10158182,house,house,240000,forsale,5300,installed,,justrenovated,fueloil,299,2,300,true,true,,true,true,,1,2,,10/18/22
9625357,house,house,131000,forsale,2550,notinstalled,1930,,gas,371,3,1664,,true,1100,true,,,1,,,10/18/22
10158172,apartment,apartment,260000,forsale,8870,installed,2020,good,gas,47,2,,,,,true,,,,,,10/18/22
10158154,house,house,290000,forsale,7900,installed,2021,,gas,,3,515,true,,,,,,,2,1,10/18/22
10158153,house,bungalow,445000,forsale,1410,hyperequipped,1973,good,electric,555,2,681,true,,500,true,,,2,3,,10/18/22
10158149,apartment,flatstudio,59000,forsale,4000,notinstalled,,tobedoneup,,251,1,,,,,,,,,,,10/18/22
9641565,house,house,184000,forsale,2550,,,good,gas,,5,155,,true,,true,,,,1,,10/18/22
10121293,house,house,275000,forsale,1420,,,torenovate,fueloil,515,2,207,,,100,,true,,,,,10/18/22
9967313,apartment,apartment,147500,forsale,5060,installed,,torenovate,fueloil,169,2,,,true,,true,true,,,,,10/18/22
9832390,apartment,apartment,148000,forsale,1080,semiequipped,,torenovate,gas,216,1,,,true,,true,,,,,,10/18/22
10124482,apartment,apartment,160000,forsale,1180,installed,1975,justrenovated,gas,185,1,,,true,,,,,,,,10/18/22
9920741,apartment,apartment,165000,forsale,7110,installed,1984,good,gas,209,2,,,true,,true,,,1,,,10/18/22
9789305,apartment,loft,169000,forsale,4880,installed,2000,good,fueloil,238,1,,,,,,,,,1,,10/18/22
10087839,apartment,apartment,172500,forsale,3300,installed,1986,tobedoneup,gas,337,2,,,,,true,,,1,,,10/18/22
10070639,apartment,apartment,175000,forsale,2660,installed,2013,asnew,,121,1,,,true,,true,,,1,,,10/18/22
10088912,apartment,penthouse,189000,forsale,1090,hyperequipped,1968,good,,715,1,,,,,true,,,,,,10/18/22
9971036,apartment,duplex,189000,forsale,9470,installed,1995,good,gas,120,1,,,,,true,,,1,1,,10/18/22
9961879,apartment,apartment,189500,forsale,1780,semiequipped,1955,tobedoneup,gas,261,1,,,,,true,,,,,,10/18/22
10125738,apartment,apartment,191000,forsale,9000,installed,1969,tobedoneup,,257,3,,,,,true,,,,,,10/18/22
9778213,apartment,apartment,195000,forsale,1440,installed,,good,gas,218,1,,,true,,true,,,,,,10/18/22
10092576,apartment,apartment,195000,forsale,1770,semiequipped,1992,good,electric,469,2,,,,,true,,,1,,,10/18/22
9637323,apartment,groundfloor,195000,forsale,6700,,,tobedoneup,gas,252,2,,,true,,,,,,,,10/18/22
10021312,apartment,apartment,200000,forsale,9240,hyperequipped,1964,asnew,gas,123,3,,,,,,,,1,,,10/18/22
10092258,apartment,apartment,215000,forsale,1030,semiequipped,,,,279,1,,,true,,,,,,,,10/18/22
10007387,apartment,apartment,220000,forsale,1180,,,justrenovated,gas,128,1,,,true,,true,,,,,,10/18/22
10025061,apartment,triplex,225000,forsale,7110,installed,2008,asnew,gas,88,5,,true,,,true,true,,,,,10/18/22
10075601,apartment,apartment,229500,forsale,9900,installed,1995,asnew,,222,2,,,,,,,,1,,,10/18/22
10034972,apartment,apartment,230000,forsale,4000,installed,1962,good,gas,223,2,,,true,,,,,,,,10/18/22
10018995,apartment,apartment,230000,forsale,7190,usahyperequipped,1996,asnew,electric,227,2,,,,,true,true,,,,,10/18/22
10032522,apartment,apartment,235000,forsale,4041,installed,2013,asnew,gas,66,2,,,,,true,,,1,1,,10/18/22
8153955,apartment,apartment,235000,forsale,8400,installed,1958,asnew,gas,175,2,,,true,,true,,,,,,10/18/22
10112476,apartment,apartment,239000,forsale,2560,installed,2008,asnew,,217,2,,,,,true,,,1,1,,10/18/22
9875952,apartment,apartment,245000,forsale,1040,installed,1997,good,gas,392,1,,,true,,true,,,2,2,,10/18/22
9941026,apartment,apartment,249000,forsale,8400,installed,1979,asnew,gas,113,2,,,,,true,,,,,,10/18/22
9965762,apartment,penthouse,250000,forsale,1070,usahyperequipped,1904,,,958,2,,,true,,true,true,,,,,10/18/22
10048996,apartment,apartment,250000,forsale,4620,installed,2014,asnew,,73,1,,,true,,true,,,1,1,,10/18/22
8993659,apartment,apartment,252000,forsale,4100,hyperequipped,2021,,gas,50,1,,,true,,true,,,,,,10/18/22
10106725,apartment,apartment,255000,forsale,8620,installed,1979,justrenovated,electric,599,1,,,,,,,,,,,10/18/22
10158182,house,house,240000,forsale,5300,installed,,justrenovated,fueloil,299,2,300,true,true,,true,true,,1,2,,10/18/22
9625357,house,house,131000,forsale,2550,notinstalled,1930,,gas,371,3,1664,,true,1100,true,,,1,,,10/18/22
10158172,apartment,apartment,260000,forsale,8870,installed,2020,good,gas,47,2,,,,,true,,,,,,10/18/22
10158154,house,house,290000,forsale,7900,installed,2021,,gas,,3,515,true,,,,,,,2,1,10/18/22
10158153,house,bungalow,445000,forsale,1410,hyperequipped,1973,good,electric,555,2,681,true,,500,true,,,2,3,,10/18/22
10158149,apartment,flatstudio,59000,forsale,4000,notinstalled,,tobedoneup,,251,1,,,,,,,,,,,10/18/22
9641565,house,house,184000,forsale,2550,,,good,gas,,5,155,,true,,true,,,,1,,10/18/22
10121293,house,house,275000,forsale,1420,,,torenovate,fueloil,515,2,207,,,100,,true,,,,,10/18/22
10107963,apartment,apartment,272000,forsale,1000,installed,2022,asnew,,,1,,,,,true,,,,,,10/18/22
9955001,apartment,groundfloor,275000,forsale,2020,hyperequipped,,good,gas,281,2,,,,,,,,,,,10/18/22
10026171,apartment,duplex,275000,forsale,4400,installed,1999,good,gas,144,4,,,,263,true,,,1,2,,10/18/22
9915858,apartment,loft,279000,forsale,1800,usahyperequipped,2006,asnew,,101,1,,,,,true,,,,,,10/18/22
9939244,apartment,duplex,279000,forsale,4100,installed,1999,good,gas,197,2,,true,,,true,true,,2,2,,10/18/22
10075884,apartment,apartment,279500,forsale,1831,installed,2022,,gas,,2,,,,,true,,,,,,10/18/22
10095020,apartment,apartment,280000,forsale,1050,usahyperequipped,1933,asnew,gas,245,1,,,,,,,,,,,10/18/22
10023381,apartment,apartment,287000,forsale,8380,usainstalled,2005,,,75,3,,,,,true,,,1,1,,10/18/22
10016445,apartment,apartment,289000,forsale,8820,installed,2015,good,gas,110,2,,,,,,,,,2,,10/18/22
8993660,apartment,apartment,294000,forsale,4100,hyperequipped,2021,,gas,50,1,,,true,,true,,,,,,10/18/22
9599288,apartment,apartment,299000,forsale,1080,usahyperequipped,1966,,fueloil,237,3,,,true,,,,,1,,,10/18/22
10054500,apartment,apartment,299000,forsale,1800,hyperequipped,2010,asnew,gas,114,2,,,,,true,,,1,1,,10/18/22
10106630,apartment,apartment,299000,forsale,8430,installed,1959,asnew,electric,259,2,,,,,true,,,,,,10/18/22
10075885,apartment,apartment,299500,forsale,1831,installed,2022,,gas,,2,,,,,true,,,,,,10/18/22
10038600,apartment,apartment,305000,forsale,9000,installed,2010,asnew,gas,102,1,,,,,true,,,1,,,10/18/22
10129675,apartment,apartment,310000,forsale,1390,installed,2006,,gas,96,2,,,true,,,,,,,,10/18/22
10107964,apartment,apartment,314000,forsale,1000,installed,2022,asnew,,,2,,,,,true,,,,,,10/18/22
9922564,apartment,apartment,319500,forsale,8400,installed,2007,good,electric,203,3,,,,,true,,,,,,10/18/22
10091751,apartment,apartment,325000,forsale,1180,semiequipped,1972,,fueloil,124,2,,,true,,true,,,1,,,10/18/22
10022717,apartment,duplex,325000,forsale,5100,notinstalled,,asnew,,277,2,,,,,,,,,3,,10/18/22
9947798,apartment,apartment,327500,forsale,8370,installed,2019,,gas,,3,,,true,,true,,,,,,10/18/22
10129763,apartment,apartment,344000,forsale,8660,installed,1979,asnew,gas,140,2,,,true,,true,,,,,,10/18/22
10119713,apartment,duplex,349000,forsale,1160,installed,,good,gas,822,4,,,true,,true,true,,,1,,10/18/22
10118817,apartment,duplex,349000,forsale,1170,installed,,good,gas,822,4,,,true,,true,true,,,1,,10/18/22
10059421,apartment,serviceflat,350000,forsale,1050,hyperequipped,1972,tobedoneup,,130,2,,,true,,true,,,,1,,10/18/22
9956359,apartment,apartment,350000,forsale,8620,installed,2009,good,electric,241,1,,,true,,true,,,,,,10/18/22
10098419,apartment,apartment,350000,forsale,9600,installed,,good,gas,,3,,,true,,,,,2,,,10/18/22
9948210,apartment,apartment,359000,forsale,8660,installed,1990,asnew,electric,330,2,,,true,,true,,,,1,,10/18/22
10050788,apartment,apartment,365000,forsale,1150,hyperequipped,1978,good,electric,272,2,,,true,,true,,,1,1,,10/18/22
10097748,apartment,apartment,370000,forsale,1000,usahyperequipped,2022,asnew,gas,140,2,,,true,,,,,,1,,10/18/22
10158182,house,house,240000,forsale,5300,installed,,justrenovated,fueloil,299,2,300,true,true,,true,true,,1,2,,10/18/22
9625357,house,house,131000,forsale,2550,notinstalled,1930,,gas,371,3,1664,,true,1100,true,,,1,,,10/18/22
10158172,apartment,apartment,260000,forsale,8870,installed,2020,good,gas,47,2,,,,,true,,,,,,10/18/22
10158154,house,house,290000,forsale,7900,installed,2021,,gas,,3,515,true,,,,,,,2,1,10/18/22
10158153,house,bungalow,445000,forsale,1410,hyperequipped,1973,good,electric,555,2,681,true,,500,true,,,2,3,,10/18/22
10158149,apartment,flatstudio,59000,forsale,4000,notinstalled,,tobedoneup,,251,1,,,,,,,,,,,10/18/22
9641565,house,house,184000,forsale,2550,,,good,gas,,5,155,,true,,true,,,,1,,10/18/22
10121293,house,house,275000,forsale,1420,,,torenovate,fueloil,515,2,207,,,100,,true,,,,,10/18/22
9817233,apartment,apartment,370000,forsale,1000,installed,1969,tobedoneup,gas,220,2,,,true,,true,,,,,,10/18/22
10097750,apartment,apartment,370000,forsale,1030,usahyperequipped,2022,asnew,gas,140,2,,,true,,,,,,1,,10/18/22
9995156,apartment,apartment,375000,forsale,8400,installed,1968,asnew,electric,232,2,,,,,,,,,1,,10/18/22
9938686,apartment,triplex,375000,forsale,9240,usahyperequipped,2007,good,gas,160,4,,,,,true,true,,,1,,10/18/22
9798944,apartment,apartment,385000,forsale,8660,installed,1990,asnew,electric,297,2,,,true,,true,,,1,,,10/18/22
9876589,apartment,duplex,395000,forsale,1090,installed,,good,,446,3,,,true,147,true,,,,,,10/18/22
10069385,apartment,loft,395000,forsale,2050,hyperequipped,1976,good,,157,3,,,,,true,true,,1,,,10/18/22
10106170,apartment,apartment,395000,forsale,8000,usahyperequipped,2013,asnew,,103,2,,,true,,true,,,1,1,,10/18/22
10114438,apartment,apartment,395000,forsale,9000,installed,1939,asnew,,240,3,,,,,true,,,,,,10/18/22
10078664,apartment,apartment,395500,forsale,8620,installed,,asnew,,387,0,,,,,true,,,,,,10/18/22
10110306,apartment,apartment,398000,forsale,2000,hyperequipped,1971,asnew,,153,2,,,,,true,,,,,,10/18/22
10127139,apartment,apartment,399000,forsale,1180,usahyperequipped,,asnew,fueloil,180,2,,,true,,true,,,1,,,10/18/22
9984928,apartment,apartment,399000,forsale,2580,semiequipped,,good,gas,274,3,,,true,,true,true,,4,1,,10/18/22
10122727,apartment,apartment,399000,forsale,8400,installed,2012,asnew,gas,85,3,,,,,true,,,,,,10/18/22
10100385,apartment,apartment,399000,forsale,9000,installed,1971,good,gas,111,3,,,true,,true,,,,,,10/18/22
10116350,apartment,penthouse,400000,forsale,1320,installed,2012,asnew,,126,2,,,,,true,,,1,,,10/18/22
10116349,apartment,apartment,400000,forsale,1320,installed,2012,asnew,,126,2,,,,,true,,,1,,,10/18/22
9891399,apartment,apartment,410000,forsale,9300,hyperequipped,2002,good,gas,138,3,,,true,,true,,,1,1,,10/18/22
10112532,apartment,apartment,425000,forsale,1180,installed,,good,,179,2,,,true,,true,,,1,1,,10/18/22
10005372,apartment,apartment,425000,forsale,1190,notinstalled,,tobedoneup,,359,2,,,,,,,,,,,10/18/22
10124319,apartment,penthouse,449000,forsale,3090,usainstalled,1937,good,gas,708,3,,,true,,true,true,,,,,10/18/22
9959496,apartment,apartment,469500,forsale,8790,installed,2022,asnew,,,3,,,,,true,,,,,,10/18/22
10099975,apartment,groundfloor,479000,forsale,1190,installed,1987,good,gas,186,3,,,,55,,true,,2,,,10/18/22
10088252,apartment,loft,545000,forsale,1000,installed,,good,gas,102,3,,,,60,true,,,,,,10/18/22
9921454,apartment,apartment,570000,forsale,1180,hyperequipped,1968,asnew,gas,93,2,,,true,,true,,,1,,,10/18/22
10023875,apartment,penthouse,595000,forsale,1560,installed,,good,gas,170,2,,,true,,true,,,4,,,10/18/22
9905339,apartment,apartment,595000,forsale,8300,usahyperequipped,2004,asnew,gas,103,2,,,,,true,,,,,,10/18/22
9912931,apartment,penthouse,600000,forsale,8400,hyperequipped,,asnew,electric,,2,,,true,,true,,,1,1,,10/18/22
9912930,apartment,penthouse,600000,forsale,8400,hyperequipped,,asnew,electric,,2,,,true,,true,,,1,1,,10/18/22
10063393,apartment,apartment,609000,forsale,2000,hyperequipped,,asnew,gas,,3,,,,,true,,,,,,10/18/22
10158182,house,house,240000,forsale,5300,installed,,justrenovated,fueloil,299,2,300,true,true,,true,true,,1,2,,10/18/22
9625357,house,house,131000,forsale,2550,notinstalled,1930,,gas,371,3,1664,,true,1100,true,,,1,,,10/18/22
10158172,apartment,apartment,260000,forsale,8870,installed,2020,good,gas,47,2,,,,,true,,,,,,10/18/22
10158154,house,house,290000,forsale,7900,installed,2021,,gas,,3,515,true,,,,,,,2,1,10/18/22
10158153,house,bungalow,445000,forsale,1410,hyperequipped,1973,good,electric,555,2,681,true,,500,true,,,2,3,,10/18/22
10158149,apartment,flatstudio,59000,forsale,4000,notinstalled,,tobedoneup,,251,1,,,,,,,,,,,10/18/22
9641565,house,house,184000,forsale,2550,,,good,gas,,5,155,,true,,true,,,,1,,10/18/22
10121293,house,house,275000,forsale,1420,,,torenovate,fueloil,515,2,207,,,100,,true,,,,,10/18/22
9981200,apartment,apartment,645000,forsale,2018,usahyperequipped,1937,asnew,,216,3,,,,,true,,,,,,10/18/22
10118203,apartment,apartment,665000,forsale,2000,hyperequipped,,asnew,gas,,3,,,,,true,,,,,,10/18/22
10124396,apartment,apartment,671000,forsale,8000,,,asnew,,229,2,,,,,,,,,,,10/18/22
10048472,apartment,apartment,675000,forsale,8400,installed,1964,asnew,gas,148,3,,,,,true,,,,,,10/18/22
10111475,apartment,loft,695000,forsale,8580,,1999,asnew,,182,4,,,,,true,true,,1,,,10/18/22
10105386,apartment,apartment,699000,forsale,8620,installed,1998,good,electric,168,2,,,,,,,,1,,,10/18/22
10111776,apartment,penthouse,725000,forsale,9000,installed,2020,asnew,gas,85,3,,,,,,,,,2,,10/18/22
9498630,apartment,apartment,749000,forsale,2000,installed,,asnew,gas,,3,,,,,true,,,,,,10/18/22
10053659,apartment,apartment,850000,forsale,8301,installed,1993,asnew,electric,288,2,,,true,,true,,,,,,10/18/22
9931823,apartment,apartment,895000,forsale,1200,hyperequipped,1910,good,,232,3,,,,,true,,,,,,10/18/22
9630107,apartment,apartment,925000,forsale,8300,hyperequipped,1992,good,electric,340,3,,,,,true,,,,,,10/18/22
9511368,apartment,apartment,925000,forsale,8301,hyperequipped,1992,good,electric,340,3,,,,,true,,,,,,10/18/22
10103036,apartment,loft,1045000,forsale,8300,installed,2007,good,gas,87,3,,,true,,true,,,,,,10/18/22
9975099,apartment,penthouse,1095000,forsale,8300,,1991,,,191,2,,,true,,,,,,,,10/18/22
9974573,apartment,apartment,1175000,forsale,8300,usahyperequipped,1978,asnew,gas,157,2,,,,,true,,,,,,10/18/22
10112306,apartment,apartment,1195000,forsale,8300,usahyperequipped,1981,justrenovated,,84,3,,,,,true,,,,,,10/18/22
10042904,apartment,apartment,1195000,forsale,8300,hyperequipped,1985,asnew,gas,104,2,,,true,,true,,,1,,,10/18/22
9978683,apartment,apartment,1195000,forsale,8300,hyperequipped,1985,asnew,gas,104,2,,,true,,true,,,1,,,10/18/22
10122517,apartment,penthouse,1200000,forsale,1050,hyperequipped,,asnew,gas,637,4,,,true,809,true,,,,,,10/18/22
10106136,apartment,apartment,1550000,forsale,8301,hyperequipped,2003,asnew,gas,86,3,,,,,true,,,1,,,10/18/22
9961641,apartment,duplex,2100000,forsale,8300,usainstalled,1998,good,gas,131,3,,,true,,true,,,,,,10/18/22
9541583,apartment,apartment,2200000,forsale,1000,hyperequipped,1930,asnew,gas,202,5,,,true,,true,true,,2,,,10/18/22
10146619,apartment,apartment,395000,forsale,2830,,2020,asnew,gas,55,3,,,,,true,,,1,,1,10/18/22
10145560,apartment,apartment,419000,forsale,2600,usainstalled,1993,good,gas,247,3,,,true,70,true,,,1,1,,10/18/22
10145064,apartment,apartment,745000,forsale,8300,,2002,asnew,gas,168,3,,,,,,,,,,,10/18/22
10132084,apartment,apartment,142000,forsale,2600,,1969,torenovate,gas,499,1,,,true,,true,,,,,,10/18/22
10132808,apartment,apartment,385000,forsale,1000,usahyperequipped,,good,gas,176,2,,,,,true,true,,1,,,10/18/22
10089125,apartment,penthouse,385000,forsale,4030,hyperequipped,2019,asnew,gas,,3,,,true,,true,,,1,,,10/18/22
10132512,apartment,apartment,569000,forsale,1030,usahyperequipped,,justrenovated,gas,205,2,,,,,,,,,,,10/18/22
10147274,apartment,apartment,123000,forsale,2140,,1969,tobedoneup,,128,1,,,,,true,,,,,,10/18/22
10158182,house,house,240000,forsale,5300,installed,,justrenovated,fueloil,299,2,300,true,true,,true,true,,1,2,,10/18/22
9625357,house,house,131000,forsale,2550,notinstalled,1930,,gas,371,3,1664,,true,1100,true,,,1,,,10/18/22
10158172,apartment,apartment,260000,forsale,8870,installed,2020,good,gas,47,2,,,,,true,,,,,,10/18/22
10158154,house,house,290000,forsale,7900,installed,2021,,gas,,3,515,true,,,,,,,2,1,10/18/22
10158153,house,bungalow,445000,forsale,1410,hyperequipped,1973,good,electric,555,2,681,true,,500,true,,,2,3,,10/18/22
10158149,apartment,flatstudio,59000,forsale,4000,notinstalled,,tobedoneup,,251,1,,,,,,,,,,,10/18/22
9641565,house,house,184000,forsale,2550,,,good,gas,,5,155,,true,,true,,,,1,,10/18/22
10121293,house,house,275000,forsale,1420,,,torenovate,fueloil,515,2,207,,,100,,true,,,,,10/18/22
9962963,apartment,groundfloor,183000,forsale,9700,installed,1976,good,electric,613,3,,,true,,true,,,1,,,10/18/22
10148296,apartment,apartment,265000,forsale,1180,installed,1978,asnew,gas,280,1,,,true,,,,,,,,10/18/22
10147610,apartment,apartment,319000,forsale,9000,installed,2014,good,gas,169,2,,,,25,true,,,,1,,10/18/22
10147317,apartment,penthouse,3000000,forsale,1180,,2012,good,gas,,3,,,true,,true,,,2,,,10/18/22
10135379,apartment,flatstudio,180000,forsale,1020,hyperequipped,1950,asnew,electric,149,0,,,true,,,,,,,,10/18/22
10135202,apartment,apartment,299000,forsale,9000,installed,1978,asnew,fueloil,150,2,,,,,true,,,1,,,10/18/22
10135619,apartment,apartment,575000,forsale,1050,installed,,asnew,gas,234,2,,,,,,true,,,,,10/18/22
10135617,apartment,apartment,625000,forsale,1050,usahyperequipped,,asnew,gas,273,3,,,,,true,,,,,,10/18/22
10135121,apartment,apartment,1890000,forsale,1000,hyperequipped,,,gas,173,3,,,true,300,true,true,,,4,,10/18/22
10154202,apartment,apartment,295000,forsale,2180,hyperequipped,1979,asnew,gas,,2,,,true,100,true,,,,,,10/18/22
10141049,apartment,apartment,318500,forsale,2230,,2021,asnew,gas,,2,,,,,true,,,,,1,10/18/22
10140561,apartment,apartment,436150,forsale,1410,usahyperequipped,2022,asnew,gas,,2,,,true,202,true,,,,1,1,10/18/22
10140564,apartment,apartment,491150,forsale,1410,usahyperequipped,2022,asnew,gas,,3,,,true,272,true,,,,1,1,10/18/22
10140556,apartment,apartment,491150,forsale,1420,usahyperequipped,2022,asnew,gas,,3,,,true,272,true,,,,1,1,10/18/22
10140555,apartment,apartment,491150,forsale,1420,usahyperequipped,2022,asnew,gas,,3,,,true,272,true,,,,1,1,10/18/22
10151427,apartment,apartment,495000,forsale,8300,,1967,justrenovated,,268,2,,,,,,,,,,,10/18/22
9135039,apartment,apartment,210000,forsale,1325,installed,2020,,gas,,1,,,true,,true,,,,1,1,10/18/22
10001137,apartment,serviceflat,215000,forsale,1600,installed,2022,asnew,gas,,1,,,,,true,,,,,1,10/18/22
9009615,apartment,groundfloor,218000,forsale,4100,semiequipped,,,gas,,2,,,true,,true,,,,1,1,10/18/22
9765906,apartment,apartment,219000,forsale,2830,installed,2022,,,,2,,,,,true,,,,,1,10/18/22
10001138,apartment,serviceflat,230000,forsale,1600,installed,2022,asnew,gas,,1,,,,,true,,,,1,1,10/18/22
9212877,apartment,duplex,265000,forsale,1325,installed,2020,,gas,,2,,,true,,true,,,,1,1,10/18/22
9182433,apartment,duplex,265000,forsale,1325,installed,2020,,gas,,2,,,true,,true,,,,1,1,10/18/22
9165517,apartment,duplex,265000,forsale,1325,installed,2020,,gas,,2,,,true,,true,,,,1,1,10/18/22
9163342,apartment,duplex,265000,forsale,1325,installed,2020,,gas,,2,,,true,,true,,,,1,1,10/18/22
9153423,apartment,duplex,265000,forsale,1325,installed,2020,,gas,,2,,,true,,true,,,,1,1,10/18/22
9984213,apartment,apartment,265000,forsale,3270,installed,2022,good,gas,,2,,,true,41,true,,,1,,1,10/18/22
10001139,apartment,serviceflat,275000,forsale,1600,installed,2022,asnew,gas,,2,,,,,true,,,,1,1,10/18/22
10127987,apartment,apartment,295000,forsale,3300,installed,2021,asnew,gas,,2,,,,,true,,,,,1,10/18/22
10127986,apartment,apartment,300000,forsale,3300,installed,2021,asnew,gas,,2,,,,,true,,,,,1,10/18/22
10158182,house,house,240000,forsale,5300,installed,,justrenovated,fueloil,299,2,300,true,true,,true,true,,1,2,,10/18/22
9625357,house,house,131000,forsale,2550,notinstalled,1930,,gas,371,3,1664,,true,1100,true,,,1,,,10/18/22
10158172,apartment,apartment,260000,forsale,8870,installed,2020,good,gas,47,2,,,,,true,,,,,,10/18/22
10158154,house,house,290000,forsale,7900,installed,2021,,gas,,3,515,true,,,,,,,2,1,10/18/22
10158153,house,bungalow,445000,forsale,1410,hyperequipped,1973,good,electric,555,2,681,true,,500,true,,,2,3,,10/18/22
10158149,apartment,flatstudio,59000,forsale,4000,notinstalled,,tobedoneup,,251,1,,,,,,,,,,,10/18/22
9641565,house,house,184000,forsale,2550,,,good,gas,,5,155,,true,,true,,,,1,,10/18/22
10121293,house,house,275000,forsale,1420,,,torenovate,fueloil,515,2,207,,,100,,true,,,,,10/18/22
10124714,apartment,apartment,339500,forsale,8380,,,asnew,gas,,2,,,true,,true,,,1,,1,10/18/22
10124643,apartment,apartment,339500,forsale,8380,,,asnew,gas,,2,,,true,,true,,,1,,1,10/18/22
10124394,apartment,apartment,349000,forsale,8380,,,asnew,gas,,2,,,true,,true,,,1,,1,10/18/22
10124318,apartment,apartment,349000,forsale,8380,,,asnew,gas,,2,,,true,,true,,,1,,1,10/18/22
9595839,apartment,penthouse,410000,forsale,8490,installed,2020,,gas,,2,,,,,true,,,,,1,10/18/22
10123648,apartment,apartment,425000,forsale,1300,usasemiequipped,2023,,gas,,2,,,,,true,,,1,,1,10/18/22
10127223,apartment,apartment,445000,forsale,8380,,,asnew,gas,,3,,,true,,true,,,1,,1,10/18/22
10127237,apartment,apartment,474000,forsale,8380,,,asnew,gas,,3,,,true,,true,,,1,,1,10/18/22
9638044,apartment,apartment,500000,forsale,4430,installed,2020,asnew,,86,2,,,,,true,true,,2,2,1,10/18/22
10066854,apartment,apartment,500000,forsale,4431,installed,2020,asnew,,86,2,,,,,true,true,,2,2,1,10/18/22
10117100,apartment,apartment,625000,forsale,8400,hyperequipped,2023,asnew,gas,,2,,,true,,true,,,1,1,1,10/18/22
9724142,apartment,apartment,827000,forsale,9052,installed,2022,,gas,,3,,,true,,true,,,,,1,10/18/22
8789102,apartment,apartment,1149000,forsale,8400,hyperequipped,2022,asnew,gas,,2,,,true,,true,,true,1,1,1,10/18/22
10064913,apartment,penthouse,1990000,forsale,1180,hyperequipped,2020,asnew,gas,,3,,,true,,true,,,2,,1,10/18/22
10089642,apartment,apartment,2370000,forsale,9000,hyperequipped,2021,asnew,gas,,3,,,,,true,,,,2,1,10/18/22
10158012,apartment,apartment,215000,forsale,9240,installed,,justrenovated,,193,2,,,,,,,,1,1,,10/18/22
10157188,apartment,flatstudio,229000,forsale,8370,,2007,,,80,0,,,,,true,,,1,,,10/18/22
10123580,apartment,apartment,249000,forsale,5030,installed,,,gas,87,2,,,true,,,,,2,,,10/18/22
10144884,apartment,apartment,430000,forsale,9051,installed,2022,asnew,gas,,2,,,,,,,,,,1,10/18/22
10144190,apartment,apartment,148000,forsale,1400,,,torenovate,gas,251,2,,,true,,true,,,1,1,,10/18/22
10143147,apartment,apartment,150000,forsale,9470,hyperequipped,1997,,gas,192,1,,,,,true,,,1,1,,10/18/22
10144447,apartment,apartment,169750,forsale,8500,installed,,good,,,1,,,,,,,,,,,10/18/22
10142698,apartment,apartment,530000,forsale,9000,hyperequipped,,justrenovated,gas,138,2,,,,,,,,,,,10/18/22
10142699,apartment,apartment,535000,forsale,9000,hyperequipped,,justrenovated,gas,107,1,,,,,,,,,,,10/18/22
10142851,apartment,apartment,549000,forsale,8301,usahyperequipped,2005,,gas,192,2,,,true,,true,,,1,,,10/18/22
10143712,apartment,penthouse,595000,forsale,8200,,2018,,gas,97.9,2,,,true,,true,,,1,2,,10/18/22
10143054,apartment,apartment,790000,forsale,2000,hyperequipped,1990,asnew,gas,108,3,,,true,,true,,,1,,,10/18/22
10131517,apartment,flatstudio,165000,forsale,8400,usainstalled,1970,good,electric,293,0,,,,,true,true,,,,,10/18/22
9958872,apartment,apartment,205000,forsale,8500,installed,1967,,gas,275,2,,,,,,,,1,,,10/18/22
10130007,apartment,flatstudio,85000,forsale,8620,installed,1979,torenovate,electric,305,0,,,,,,,,,,,10/18/22
10158182,house,house,240000,forsale,5300,installed,,justrenovated,fueloil,299,2,300,true,true,,true,true,,1,2,,10/18/22
9625357,house,house,131000,forsale,2550,notinstalled,1930,,gas,371,3,1664,,true,1100,true,,,1,,,10/18/22
10158172,apartment,apartment,260000,forsale,8870,installed,2020,good,gas,47,2,,,,,true,,,,,,10/18/22
10158154,house,house,290000,forsale,7900,installed,2021,,gas,,3,515,true,,,,,,,2,1,10/18/22
10158153,house,bungalow,445000,forsale,1410,hyperequipped,1973,good,electric,555,2,681,true,,500,true,,,2,3,,10/18/22
10158149,apartment,flatstudio,59000,forsale,4000,notinstalled,,tobedoneup,,251,1,,,,,,,,,,,10/18/22
9641565,house,house,184000,forsale,2550,,,good,gas,,5,155,,true,,true,,,,1,,10/18/22
10121293,house,house,275000,forsale,1420,,,torenovate,fueloil,515,2,207,,,100,,true,,,,,10/18/22
10106429,apartment,apartment,365000,forsale,9000,installed,1979,justrenovated,,104,2,,,,,,,,,,,10/18/22
10150571,apartment,apartment,139000,forsale,8420,,1968,,gas,205,2,,,,,,,,3,,,10/18/22
10150778,apartment,apartment,185000,forsale,1070,,1964,,gas,311,2,,,true,,true,,,1,,,10/18/22
10149050,apartment,apartment,240000,forsale,8400,,1936,,electric,304,2,,,true,,true,true,,,,,10/18/22
10150718,apartment,apartment,257500,forsale,8380,,,asnew,,,1,,,,,true,,,1,,,10/18/22
10149309,apartment,apartment,260000,forsale,1020,,,good,gas,173,2,,,true,,true,,,,,,10/18/22
10139401,apartment,apartment,285000,forsale,1210,hyperequipped,,asnew,gas,,2,,,true,,,,,,,1,10/18/22
10148613,apartment,apartment,285000,forsale,2070,,1994,asnew,gas,241,2,,,,,true,,,1,,,10/18/22
10150599,apartment,apartment,315000,forsale,8380,,,asnew,,,2,,,,,true,,,1,,,10/18/22
10151177,apartment,apartment,589000,forsale,1040,usahyperequipped,,asnew,gas,,3,,,true,,true,,,1,,,10/18/22
10150439,apartment,apartment,595000,forsale,8420,,,asnew,gas,,3,,,true,,true,,,1,,,10/18/22
10150434,apartment,apartment,610000,forsale,8420,,,asnew,gas,,3,,,true,,true,,,1,,,10/18/22
10150392,apartment,apartment,625000,forsale,8420,,,asnew,gas,,3,,,true,,true,,,1,,,10/18/22
10150422,apartment,apartment,635000,forsale,8420,,,asnew,gas,,3,,,true,,true,,,1,,,10/18/22
10150419,apartment,apartment,645000,forsale,8420,,,asnew,gas,,3,,,true,,true,,,1,,,10/18/22
10151078,apartment,apartment,650000,forsale,8300,,1985,good,gas,315,2,,,true,,,,,,1,,10/18/22
10042677,apartment,apartment,219000,forsale,8620,,1970,tobedoneup,,143,1,,,,,true,,,,,,10/18/22
10155319,apartment,apartment,95000,forsale,6950,,,good,,172,1,,,,,,,,,1,,10/18/22
10155690,apartment,apartment,155000,forsale,1480,installed,,good,gas,250,1,,,true,,,,,,,,10/18/22
10155689,apartment,apartment,160000,forsale,1480,installed,,good,gas,310,2,,,true,,,,,,,,10/18/22
10155260,apartment,apartment,175000,forsale,5561,,,asnew,,281,1,,,,,,,,,,,10/18/22
10155292,apartment,apartment,185000,forsale,9140,installed,2021,,,18,1,,,,,true,,,1,,,10/18/22
10155558,apartment,apartment,245000,forsale,6950,,,asnew,electric,189,1,,,,,true,,,,1,,10/18/22
10156026,apartment,apartment,279000,forsale,2220,installed,2013,asnew,gas,123,2,,,true,6,true,,,1,,,10/18/22
10088492,apartment,penthouse,279000,forsale,8490,,2005,good,,169,2,,,,,,,,,1,,10/18/22
10155451,apartment,apartment,330000,forsale,1150,,1961,good,gas,218,2,,,true,,true,,,,,,10/18/22
10156195,apartment,groundfloor,395000,forsale,2520,hyperequipped,2018,,gas,94.71,3,,,true,,true,,,1,1,,10/18/22
10156358,apartment,apartment,715000,forsale,8300,hyperequipped,1999,torenovate,gas,134,2,,,true,,true,,,,,,10/18/22
10141285,apartment,apartment,190000,forsale,1020,,1910,,,483,2,,,,,,,,,,,10/18/22
10142591,apartment,apartment,195000,forsale,9600,,2001,asnew,,330,2,,,,,true,,,1,,,10/18/22
10158182,house,house,240000,forsale,5300,installed,,justrenovated,fueloil,299,2,300,true,true,,true,true,,1,2,,10/18/22
9625357,house,house,131000,forsale,2550,notinstalled,1930,,gas,371,3,1664,,true,1100,true,,,1,,,10/18/22
10158172,apartment,apartment,260000,forsale,8870,installed,2020,good,gas,47,2,,,,,true,,,,,,10/18/22
10158154,house,house,290000,forsale,7900,installed,2021,,gas,,3,515,true,,,,,,,2,1,10/18/22
10158153,house,bungalow,445000,forsale,1410,hyperequipped,1973,good,electric,555,2,681,true,,500,true,,,2,3,,10/18/22
10158149,apartment,flatstudio,59000,forsale,4000,notinstalled,,tobedoneup,,251,1,,,,,,,,,,,10/18/22
9641565,house,house,184000,forsale,2550,,,good,gas,,5,155,,true,,true,,,,1,,10/18/22
10121293,house,house,275000,forsale,1420,,,torenovate,fueloil,515,2,207,,,100,,true,,,,,10/18/22
10142566,apartment,duplex,250000,forsale,5100,semiequipped,1895,torenovate,gas,216,4,,,,,,,,,,,10/18/22
10140505,apartment,apartment,269000,forsale,3730,installed,2014,,gas,122,2,,,,,true,,,,,,10/18/22
9961165,apartment,apartment,269000,forsale,8210,installed,1985,good,gas,236,3,,,,38,true,,,1,1,,10/18/22
10141173,apartment,groundfloor,355000,forsale,1410,hyperequipped,,asnew,gas,292,2,,,true,350,true,,,,,,10/18/22
10140712,apartment,apartment,369000,forsale,9470,usahyperequipped,2014,good,gas,122,2,,,true,,true,,,1,1,,10/18/22
10140486,apartment,apartment,389000,forsale,3000,,1999,asnew,,151,3,,,true,,,,,,1,,10/18/22
9903784,apartment,apartment,75000,forsale,1640,,1992,,,,1,,,,,,,,,,,10/18/22
9973945,apartment,flatstudio,85000,forsale,8400,,1975,tobedoneup,gas,213,0,,,,,,,,,,,10/18/22
9932864,apartment,apartment,89000,forsale,4020,semiequipped,,good,,415,2,,,true,,,,,,,,10/18/22
9444872,apartment,groundfloor,99000,forsale,4430,,,,electric,440,1,,,,,true,,,1,,,10/18/22
10064136,apartment,flatstudio,99500,forsale,8434,,1969,tobedoneup,fueloil,222,0,,,,,,,,,,,10/18/22
9956296,apartment,flatstudio,99900,forsale,4000,,,,,578,0,,,,,,,,,,,10/18/22
8824081,apartment,apartment,125000,forsale,3530,,2015,good,electric,123,1,,,,,true,,,,,,10/18/22
10105246,apartment,apartment,125000,forsale,5020,installed,2008,good,electric,713,1,,,,,,,,,1,,10/18/22
10098863,apartment,flatstudio,135000,forsale,8620,installed,1978,tobedoneup,gas,217,0,,,true,,true,,,,,,10/18/22
9092235,apartment,apartment,138000,forsale,3530,,2017,good,electric,98,2,,,,,true,,,,,,10/18/22
10094038,apartment,flatstudio,139500,forsale,8620,,1979,asnew,gas,226,1,,,true,,true,,,,,,10/18/22
9911444,apartment,flatstudio,144000,forsale,8434,,2008,good,gas,87,0,,,,,,,,,,,10/18/22
10091118,apartment,apartment,145000,forsale,1080,,1950,torenovate,gas,244,1,,,,,,,,1,,,10/18/22
9959119,apartment,duplex,145000,forsale,4840,,,,gas,384,2,,,true,,,,,,,,10/18/22
10013288,apartment,apartment,149000,forsale,1190,installed,1970,asnew,gas,305,1,,,,,true,,,,,,10/18/22
10022166,apartment,apartment,155000,forsale,8434,hyperequipped,1931,good,gas,1001,2,,,,,,,,,,,10/18/22
10106014,apartment,flatstudio,159000,forsale,2060,semiequipped,2014,good,gas,111,0,,,true,,true,,,,,,10/18/22
10113745,apartment,flatstudio,165000,forsale,1030,notinstalled,,,gas,151,0,,,true,,,,,,,,10/18/22
10118076,apartment,flatstudio,165000,forsale,2018,,1975,good,gas,160,0,,,true,,true,,,,,,10/18/22
9837450,apartment,apartment,165000,forsale,2060,,,tobedoneup,,,1,,,,,,,,,,,10/18/22
10112015,apartment,flatstudio,165000,forsale,8400,installed,1979,good,gas,137,0,,,,,true,,,,,,10/18/22
9824933,apartment,groundfloor,170000,forsale,6740,,,,fueloil,299,1,,,true,,,,,,,,10/18/22
9841730,apartment,apartment,172000,forsale,9890,,1978,asnew,gas,295,1,,,,,true,,,,,,10/18/22
10066009,apartment,apartment,179000,forsale,8380,hyperequipped,,asnew,gas,,1,,,,,true,,,1,,,10/18/22
10158182,house,house,240000,forsale,5300,installed,,justrenovated,fueloil,299,2,300,true,true,,true,true,,1,2,,10/18/22
9625357,house,house,131000,forsale,2550,notinstalled,1930,,gas,371,3,1664,,true,1100,true,,,1,,,10/18/22
10158172,apartment,apartment,260000,forsale,8870,installed,2020,good,gas,47,2,,,,,true,,,,,,10/18/22
10158154,house,house,290000,forsale,7900,installed,2021,,gas,,3,515,true,,,,,,,2,1,10/18/22
10158153,house,bungalow,445000,forsale,1410,hyperequipped,1973,good,electric,555,2,681,true,,500,true,,,2,3,,10/18/22
10158149,apartment,flatstudio,59000,forsale,4000,notinstalled,,tobedoneup,,251,1,,,,,,,,,,,10/18/22
9641565,house,house,184000,forsale,2550,,,good,gas,,5,155,,true,,true,,,,1,,10/18/22
10121293,house,house,275000,forsale,1420,,,torenovate,fueloil,515,2,207,,,100,,true,,,,,10/18/22
10123239,apartment,apartment,180000,forsale,1780,,1966,torenovate,fueloil,201,2,,,true,,true,,,,,,10/18/22
10111941,apartment,apartment,180000,forsale,8500,hyperequipped,1974,asnew,gas,128,1,,,,,true,,,,,,10/18/22
10085090,apartment,apartment,185000,forsale,3300,installed,1970,good,gas,,2,,,true,,true,,,,,,10/18/22
10093054,apartment,flatstudio,185000,forsale,8400,,1981,justrenovated,gas,203,0,,,,,true,,,,1,,10/18/22
9836335,apartment,serviceflat,189000,forsale,9420,installed,2017,asnew,gas,100,1,,,,,,,,,,,10/18/22
10013793,apartment,apartment,195000,forsale,1000,semiequipped,1970,good,gas,389,1,,,,,,,,,,,10/18/22
10076680,apartment,apartment,195000,forsale,6224,notinstalled,,,gas,93,2,,,true,,,,,,1,,10/18/22
10057238,apartment,apartment,195000,forsale,8430,,1970,justrenovated,electric,441,1,,,,,true,,,,,,10/18/22
10127244,apartment,kot,198000,forsale,3000,,1930,justrenovated,gas,72,1,,,,,,,,,,,10/18/22
9353855,apartment,serviceflat,199000,forsale,1800,installed,2017,asnew,,,1,,,,,true,,,,,,10/18/22
10030223,apartment,apartment,199000,forsale,2020,installed,1957,good,fueloil,,2,,,true,,true,,,,,,10/18/22
9873018,apartment,apartment,200000,forsale,1400,installed,1970,justrenovated,gas,,1,,,true,,true,,,,,,10/18/22
10060577,apartment,apartment,205000,forsale,1090,,2012,asnew,gas,110,1,,,true,,,,,,,,10/18/22
9965122,apartment,apartment,205000,forsale,8400,,2019,good,gas,42,1,,,,,,,,,,,10/18/22
10119207,apartment,apartment,209000,forsale,8380,hyperequipped,,asnew,gas,,2,,,true,,true,,,1,,,10/18/22
9979810,apartment,apartment,210000,forsale,1630,,1971,asnew,gas,,2,,,true,,true,,,,,,10/18/22
10013815,apartment,apartment,215000,forsale,1000,semiequipped,1970,good,gas,412,2,,,,,,,,,,,10/18/22
10035303,apartment,apartment,215000,forsale,1780,,1991,good,gas,269,2,,,,,,,,,,,10/18/22
10129283,apartment,apartment,215000,forsale,2620,,1976,good,gas,178,3,,,true,,,,,,,,10/18/22
10119205,apartment,apartment,219000,forsale,8380,hyperequipped,,asnew,gas,,2,,,true,,true,,,1,,,10/18/22
10024265,apartment,flatstudio,225000,forsale,1050,hyperequipped,1954,,gas,294,0,,,true,,true,,,,,,10/18/22
10105399,apartment,apartment,225000,forsale,1083,,1966,good,gas,603,2,,,true,,true,,,,,,10/18/22
10118454,apartment,apartment,225000,forsale,1160,installed,,,gas,,1,,,,,,,,1,,,10/18/22
10124324,apartment,apartment,229000,forsale,9900,,1970,tobedoneup,gas,591,2,,,,,true,,,,,,10/18/22
9958588,apartment,apartment,230000,forsale,1090,,1979,good,gas,295,2,,,true,,true,,,,,,10/18/22
10111940,apartment,apartment,231000,forsale,8500,hyperequipped,1974,asnew,gas,78,1,,,,,true,,,,,,10/18/22
10081266,apartment,apartment,234000,forsale,9600,,2021,good,,,2,,,,102,true,,,,,,10/18/22
10066072,apartment,apartment,239000,forsale,8380,hyperequipped,,asnew,gas,,2,,,,,true,,,1,,,10/18/22
10103264,apartment,apartment,240000,forsale,1000,,2009,good,gas,253,1,,,,,true,true,,,,,10/18/22
10158182,house,house,240000,forsale,5300,installed,,justrenovated,fueloil,299,2,300,true,true,,true,true,,1,2,,10/18/22
9625357,house,house,131000,forsale,2550,notinstalled,1930,,gas,371,3,1664,,true,1100,true,,,1,,,10/18/22
10158172,apartment,apartment,260000,forsale,8870,installed,2020,good,gas,47,2,,,,,true,,,,,,10/18/22
10158154,house,house,290000,forsale,7900,installed,2021,,gas,,3,515,true,,,,,,,2,1,10/18/22
10158153,house,bungalow,445000,forsale,1410,hyperequipped,1973,good,electric,555,2,681,true,,500,true,,,2,3,,10/18/22
10158149,apartment,flatstudio,59000,forsale,4000,notinstalled,,tobedoneup,,251,1,,,,,,,,,,,10/18/22
9641565,house,house,184000,forsale,2550,,,good,gas,,5,155,,true,,true,,,,1,,10/18/22
10121293,house,house,275000,forsale,1420,,,torenovate,fueloil,515,2,207,,,100,,true,,,,,10/18/22
10113992,apartment,apartment,240000,forsale,1090,installed,1933,good,gas,,2,,,true,,true,,,,,,10/18/22
9986017,apartment,apartment,245000,forsale,8430,hyperequipped,1963,tobedoneup,gas,236,3,,,,,true,,,,,,10/18/22
9794558,apartment,apartment,245000,forsale,8800,installed,2002,asnew,electric,234,2,,,,,,,,,,,10/18/22
9678036,apartment,apartment,245200,forsale,1140,usahyperequipped,2020,,gas,,1,,,,,,,,,1,,10/18/22
9717209,apartment,apartment,250000,forsale,1040,usahyperequipped,,asnew,gas,162,1,,,true,,,true,,,,,10/18/22
10076323,apartment,apartment,250000,forsale,1090,,1962,good,gas,307,2,,,true,,true,,,,,,10/18/22
10064038,apartment,apartment,250000,forsale,1090,,1962,good,gas,307,2,,,true,,true,,,,,,10/18/22
9871328,apartment,apartment,265000,forsale,8400,hyperequipped,,asnew,,,1,,,true,,true,,,1,,,10/18/22
9934371,apartment,groundfloor,266000,forsale,8460,hyperequipped,,asnew,gas,,2,,,,13,true,,,,1,,10/18/22
10082890,apartment,apartment,269000,forsale,2600,hyperequipped,1973,asnew,gas,,2,,,,,true,,,,,,10/18/22
9617555,apartment,apartment,269000,forsale,8800,,2003,asnew,gas,103,2,,,,,true,,,,,,10/18/22
10105715,apartment,apartment,275000,forsale,1160,,1962,tobedoneup,gas,143,2,,,,,true,,,1,,,10/18/22
10118245,apartment,apartment,275000,forsale,2018,,1974,good,gas,156,3,,,true,,true,,,,,,10/18/22
10096467,apartment,apartment,275000,forsale,2550,,2001,asnew,gas,118,2,,,,,true,,,1,,,10/18/22
10125826,apartment,apartment,275000,forsale,8400,,1959,justrenovated,gas,227,2,,,true,,true,,,,,,10/18/22
10089776,apartment,apartment,275000,forsale,9100,installed,2008,asnew,gas,131,2,,,,,true,,,1,,,10/18/22
9888006,apartment,penthouse,275000,forsale,9990,,1996,good,gas,221,2,,,,,true,,,,,,10/18/22
10028515,apartment,groundfloor,277441,forsale,8791,hyperequipped,,asnew,gas,,1,,,,74,,,,,,,10/18/22
9985287,apartment,apartment,279000,forsale,1140,,1976,good,gas,186,3,,,true,,true,,,,,,10/18/22
10066068,apartment,apartment,279000,forsale,8380,hyperequipped,,asnew,gas,,3,,,,,true,,,1,,,10/18/22
10067868,apartment,groundfloor,279488,forsale,2200,usainstalled,2020,,,,2,,,true,,true,,,,,,10/18/22
10110682,apartment,apartment,285000,forsale,1780,installed,1977,good,gas,155,2,,,true,,true,,,1,1,,10/18/22
10102540,apartment,apartment,285000,forsale,3000,,1974,good,electric,395,2,,,,,true,,,,,,10/18/22
10118606,apartment,apartment,285000,forsale,8434,hyperequipped,1966,good,gas,277,2,,,,,true,,,,,,10/18/22
9628541,apartment,apartment,285000,forsale,8870,hyperequipped,,asnew,gas,,2,,,,,true,,,,,,10/18/22
10127026,apartment,apartment,289000,forsale,2270,installed,2022,,gas,,2,,,true,,true,,,,,,10/18/22
10031398,apartment,apartment,290000,forsale,1560,,1970,tobedoneup,fueloil,261,3,,,,,true,,,,,,10/18/22
9523536,apartment,apartment,294462,forsale,2400,installed,2022,,,,2,,,true,59,true,,,,,,10/18/22
9907500,apartment,apartment,298500,forsale,8790,installed,,good,,,2,,,true,,true,,,,,,10/18/22
10108270,apartment,apartment,299000,forsale,1000,hyperequipped,2025,asnew,,,1,,,,,true,,,,,,10/18/22
10158182,house,house,240000,forsale,5300,installed,,justrenovated,fueloil,299,2,300,true,true,,true,true,,1,2,,10/18/22
9625357,house,house,131000,forsale,2550,notinstalled,1930,,gas,371,3,1664,,true,1100,true,,,1,,,10/18/22
10158172,apartment,apartment,260000,forsale,8870,installed,2020,good,gas,47,2,,,,,true,,,,,,10/18/22
10158154,house,house,290000,forsale,7900,installed,2021,,gas,,3,515,true,,,,,,,2,1,10/18/22
10158153,house,bungalow,445000,forsale,1410,hyperequipped,1973,good,electric,555,2,681,true,,500,true,,,2,3,,10/18/22
10158149,apartment,flatstudio,59000,forsale,4000,notinstalled,,tobedoneup,,251,1,,,,,,,,,,,10/18/22
9641565,house,house,184000,forsale,2550,,,good,gas,,5,155,,true,,true,,,,1,,10/18/22
10121293,house,house,275000,forsale,1420,,,torenovate,fueloil,515,2,207,,,100,,true,,,,,10/18/22
9952409,apartment,apartment,300000,forsale,1480,,2014,,electric,126,3,,,,,true,,,1,,,10/18/22
10049009,apartment,duplex,310000,forsale,1070,,1995,asnew,gas,172,3,,,,,true,,,,1,,10/18/22
10068752,apartment,apartment,310000,forsale,1160,,1962,tobedoneup,gas,143,2,,,,,true,,,1,,,10/18/22
10028245,apartment,apartment,339000,forsale,8400,,2019,asnew,gas,82,2,,,,,true,,,1,,,10/18/22
10002007,apartment,groundfloor,350000,forsale,1190,installed,1920,good,fueloil,,1,,,true,154,true,,,,,,10/18/22
9961597,apartment,apartment,350000,forsale,2050,usainstalled,2000,asnew,gas,159,3,,,true,,true,,,,,,10/18/22
9920701,apartment,apartment,350000,forsale,9160,usahyperequipped,2014,asnew,gas,82,2,,,,,true,,true,,,,10/18/22
9678037,apartment,apartment,357000,forsale,1140,usahyperequipped,2020,,gas,,2,,,,188,true,,,,1,,10/18/22
10007918,apartment,apartment,370000,forsale,1348,usahyperequipped,2009,good,electric,,2,,,true,,true,,,1,,,10/18/22
9900463,apartment,apartment,370000,forsale,3010,,2010,good,gas,113,2,,,true,,true,,,,,,10/18/22
10101338,apartment,apartment,380000,forsale,2018,,1954,asnew,gas,178,2,,,,,true,,,,1,,10/18/22
9937390,apartment,apartment,380000,forsale,8400,,1978,tobedoneup,gas,345,2,,,,,true,,,,,,10/18/22
9871329,apartment,apartment,389000,forsale,8400,hyperequipped,,asnew,,,2,,,true,,true,,,1,,,10/18/22
10118188,apartment,groundfloor,395000,forsale,1080,,1950,torenovate,gas,244,3,,,,,,,,1,,,10/18/22
9937733,apartment,apartment,395000,forsale,9900,,1970,good,gas,174,3,,,,,true,,,,,,10/18/22
10076944,apartment,duplex,397103,forsale,4020,,,asnew,,122,3,,,true,,true,,,,,,10/18/22
10120302,apartment,duplex,399000,forsale,8434,,2010,good,gas,134,3,,,,,,,,,,,10/18/22
9780380,apartment,penthouse,399000,forsale,8434,,2004,good,gas,255,2,,,,,true,,,,,,10/18/22
10117973,apartment,groundfloor,400000,forsale,1050,,,,gas,185,2,,,,,,,,,,,10/18/22
10108269,apartment,apartment,406000,forsale,1000,hyperequipped,2025,asnew,,,2,,,,,true,,,,,,10/18/22
10126102,apartment,apartment,420000,forsale,2000,usahyperequipped,2007,good,gas,93,2,,,,,true,,,,,,10/18/22
10124069,apartment,penthouse,445000,forsale,1080,,2006,tobedoneup,gas,276,3,,,true,,true,,,,,,10/18/22
9912436,apartment,apartment,449000,forsale,1050,,1979,good,gas,264,3,,,true,,true,,,,1,,10/18/22
10000773,apartment,penthouse,460000,forsale,2000,,2017,asnew,gas,94,2,,,,,true,,,,,,10/18/22
9932430,apartment,apartment,480000,forsale,1050,hyperequipped,,asnew,gas,135,2,,,true,,true,,,,,,10/18/22
9871330,apartment,apartment,495000,forsale,8400,hyperequipped,,asnew,,,2,,,true,,true,,,1,,,10/18/22
10023593,apartment,duplex,499000,forsale,1160,,1920,justrenovated,gas,247,3,,,,,true,true,,,,,10/18/22
9309582,apartment,apartment,500000,forsale,2000,usahyperequipped,2020,asnew,gas,,2,,,true,,true,,,,,,10/18/22
10124811,apartment,groundfloor,515000,forsale,1000,hyperequipped,,asnew,gas,,3,,,,24,true,,,,,,10/18/22
10124813,apartment,groundfloor,515000,forsale,1080,hyperequipped,,asnew,gas,,3,,,,24,true,,,,,,10/18/22
10158182,house,house,240000,forsale,5300,installed,,justrenovated,fueloil,299,2,300,true,true,,true,true,,1,2,,10/18/22
9625357,house,house,131000,forsale,2550,notinstalled,1930,,gas,371,3,1664,,true,1100,true,,,1,,,10/18/22
10158172,apartment,apartment,260000,forsale,8870,installed,2020,good,gas,47,2,,,,,true,,,,,,10/18/22
10158154,house,house,290000,forsale,7900,installed,2021,,gas,,3,515,true,,,,,,,2,1,10/18/22
10158153,house,bungalow,445000,forsale,1410,hyperequipped,1973,good,electric,555,2,681,true,,500,true,,,2,3,,10/18/22
10158149,apartment,flatstudio,59000,forsale,4000,notinstalled,,tobedoneup,,251,1,,,,,,,,,,,10/18/22
9641565,house,house,184000,forsale,2550,,,good,gas,,5,155,,true,,true,,,,1,,10/18/22
10121293,house,house,275000,forsale,1420,,,torenovate,fueloil,515,2,207,,,100,,true,,,,,10/18/22
9871332,apartment,apartment,555000,forsale,8400,hyperequipped,,asnew,,,2,,,true,,true,,,1,,,10/18/22
10066433,apartment,apartment,565000,forsale,8400,,1961,asnew,,,3,,,,,true,,,,,,10/18/22
9199122,apartment,serviceflat,626000,forsale,8300,usahyperequipped,2021,asnew,,,1,,,true,,true,,,1,1,,10/18/22
10066488,apartment,penthouse,645000,forsale,8660,,1990,asnew,electric,443,3,,,,,true,,,,,,10/18/22
10118581,apartment,penthouse,680000,forsale,3090,,2004,good,gas,146,3,,,true,,true,,,,,,10/18/22
9646691,apartment,apartment,710000,forsale,1180,,,good,gas,163,2,,,true,,true,true,,1,,,10/18/22
10108267,apartment,apartment,720000,forsale,1000,hyperequipped,2025,asnew,,,3,,,,,true,,,,,,10/18/22
10108268,apartment,apartment,745000,forsale,1000,hyperequipped,2025,asnew,,,3,,,,,true,,,,,,10/18/22
10108266,apartment,apartment,745000,forsale,1000,hyperequipped,2025,asnew,,,3,,,,,true,,,,,,10/18/22
9982278,apartment,penthouse,749000,forsale,2018,,1981,good,gas,201,3,,,true,,true,,,,,,10/18/22
9942082,apartment,apartment,750000,forsale,1050,hyperequipped,1947,asnew,gas,,3,,,true,,true,,,1,1,,10/18/22
10123162,apartment,apartment,880000,forsale,1050,usahyperequipped,1939,asnew,gas,,3,,,true,,true,true,,,,,10/18/22
10038608,apartment,apartment,950000,forsale,1050,hyperequipped,1900,,gas,,4,,,,95,true,true,,,,,10/18/22
10055145,apartment,penthouse,950000,forsale,1180,hyperequipped,1970,asnew,fueloil,,4,,,true,,true,true,,3,,,10/18/22
10123918,apartment,apartment,975000,forsale,8300,usahyperequipped,1958,asnew,gas,130,3,,,true,,,,,,,,10/18/22
9674088,apartment,apartment,1140000,forsale,8300,installed,1970,good,gas,195,2,,,,,,,,,,,10/18/22
10099782,apartment,apartment,1880000,forsale,1050,usahyperequipped,,asnew,gas,155,4,,,true,,true,true,,,2,,10/18/22
9520234,apartment,penthouse,1950000,forsale,2000,hyperequipped,2020,asnew,,,2,,,,,true,true,,3,3,,10/18/22
9883185,apartment,apartment,1995000,forsale,1180,usahyperequipped,2018,asnew,,,3,,,,,true,,,2,2,,10/18/22
10093479,apartment,apartment,2490000,forsale,8300,,1975,justrenovated,gas,244,4,,,,,true,,,,,,10/18/22
10146070,apartment,duplex,2850000,forsale,8300,hyperequipped,1991,asnew,,90,3,,,true,,true,true,,,,,10/18/22
10133303,apartment,apartment,119000,forsale,7500,installed,1975,good,gas,123,1,,,,,true,,,1,,,10/18/22
10132226,apartment,apartment,198000,forsale,9160,installed,1992,good,gas,158,2,,,,,true,,,,,,10/18/22
10133075,apartment,apartment,220000,forsale,4020,,2011,good,gas,145,1,,,true,,true,,,,,,10/18/22
10132257,apartment,apartment,235000,forsale,8400,installed,2014,,gas,113.12,2,,,,,true,,,,,,10/18/22
10133223,apartment,apartment,237000,forsale,3000,installed,,asnew,gas,239,1,,,,,,,,,,,10/18/22
10132811,apartment,groundfloor,272000,forsale,9280,installed,2018,asnew,gas,90,1,,,,,true,,,,1,,10/18/22
10132748,apartment,duplex,468000,forsale,3360,hyperequipped,2018,asnew,gas,73,4,,,,,true,,,,2,,10/18/22
10057894,apartment,apartment,625000,forsale,1040,installed,1927,asnew,gas,213,3,,,true,,true,,,,,,10/18/22
9989669,apartmentgroup,apartmentgroup,269000-309000,forsale,1785,,,,,,,,,,,,,,,,1,10/18/22
10158182,house,house,240000,forsale,5300,installed,,justrenovated,fueloil,299,2,300,true,true,,true,true,,1,2,,10/18/22
9625357,house,house,131000,forsale,2550,notinstalled,1930,,gas,371,3,1664,,true,1100,true,,,1,,,10/18/22
10158172,apartment,apartment,260000,forsale,8870,installed,2020,good,gas,47,2,,,,,true,,,,,,10/18/22
10158154,house,house,290000,forsale,7900,installed,2021,,gas,,3,515,true,,,,,,,2,1,10/18/22
10158153,house,bungalow,445000,forsale,1410,hyperequipped,1973,good,electric,555,2,681,true,,500,true,,,2,3,,10/18/22
10158149,apartment,flatstudio,59000,forsale,4000,notinstalled,,tobedoneup,,251,1,,,,,,,,,,,10/18/22
9641565,house,house,184000,forsale,2550,,,good,gas,,5,155,,true,,true,,,,1,,10/18/22
10121293,house,house,275000,forsale,1420,,,torenovate,fueloil,515,2,207,,,100,,true,,,,,10/18/22
10148079,apartment,apartment,279000,forsale,1600,,1975,,,,2,,,,,,,,,,,10/18/22
10082918,apartment,apartment,298000,forsale,2600,,,good,gas,181,2,,,true,,true,,,,,,10/18/22
10136274,apartment,apartment,350000,forsale,2000,hyperequipped,2021,asnew,,,2,,,,,true,true,,,,1,10/18/22
10106462,apartment,apartment,380000,forsale,1200,hyperequipped,1978,,gas,,2,,,true,,true,,,1,1,,10/18/22
10135048,apartment,apartment,115000,forsale,2100,installed,1965,torenovate,,113,2,,,,,true,,,,,,10/18/22
10134681,apartment,apartment,225000,forsale,9800,installed,1998,good,gas,173,2,,,true,,true,,,,,,10/18/22
10102017,apartment,apartment,254000,forsale,8630,,1998,good,gas,,2,,,true,,true,,,1,,,10/18/22
10133993,apartment,loft,835000,forsale,9000,notinstalled,,asnew,,,3,,,,,true,,,1,1,,10/18/22
10151622,apartment,apartment,69900,forsale,2600,installed,,asnew,gas,96,2,,,true,,true,,,,,,10/18/22
10151989,apartment,apartment,179000,forsale,2800,usainstalled,,good,gas,117,1,,,,,,,,,,,10/18/22
10141048,apartment,apartment,317750,forsale,2230,,2021,asnew,gas,,2,,,,,true,,,,,1,10/18/22
10152131,apartment,apartment,335000,forsale,2610,hyperequipped,,justrenovated,,137,1,,,,,,,,,,,10/18/22
10153955,apartment,apartment,359000,forsale,8400,installed,1965,asnew,,144,2,,,true,20,,,,,,,10/18/22
10035454,apartment,apartment,495000,forsale,1180,installed,1970,good,gas,313,3,,,true,340,true,,,2,,,10/18/22
9878820,apartment,apartment,145000,forsale,7134,installed,2022,,gas,88,1,,,,,true,,,,42,1,10/18/22
9735138,apartment,apartment,162500,forsale,6141,hyperequipped,2021,asnew,gas,72,2,,,,,,,,1,1,1,10/18/22
9735144,apartment,apartment,165000,forsale,6141,hyperequipped,2021,asnew,gas,107,2,,,,,,,,,1,1,10/18/22
10139388,apartment,flatstudio,175000,forsale,1450,installed,,tobedoneup,gas,249,1,,,true,,,,,,,,10/18/22
10016157,apartment,apartment,179000,forsale,4500,installed,2018,good,gas,326,2,,,,,true,,,,,1,10/18/22
9735139,apartment,apartment,179900,forsale,6141,hyperequipped,2021,asnew,gas,103,2,,,,,,,,1,1,1,10/18/22
10100925,apartment,apartment,185000,forsale,8940,installed,,,gas,106,1,,,,,true,,,,,1,10/18/22
9735137,apartment,apartment,192500,forsale,6141,installed,2021,asnew,gas,100,2,,,,,,,,1,1,1,10/18/22
9735140,apartment,apartment,195000,forsale,6141,hyperequipped,2021,asnew,gas,70,2,,,,,,,,1,1,1,10/18/22
9706583,apartment,apartment,235000,forsale,6060,hyperequipped,2021,asnew,gas,90,2,,,true,,true,,,1,,1,10/18/22
10139897,apartment,apartment,235000,forsale,7500,semiequipped,,,gas,157,2,,,,,,,,,,,10/18/22
10140116,apartment,apartment,249000,forsale,2640,installed,1972,,gas,137,2,,,,,true,,,,,,10/18/22
10138548,apartment,apartment,259000,forsale,8501,installed,,asnew,gas,119,2,,,,,true,,,1,,,10/18/22
9888156,apartment,apartment,275000,forsale,1380,notinstalled,2018,,gas,170,1,,,true,,true,,,1,,1,10/18/22
9921215,apartment,apartment,290000,forsale,8211,installed,2021,,gas,60,3,,true,,,true,,,,,1,10/18/22
10031919,apartment,apartment,299000,forsale,1180,notinstalled,,,,,3,,,,,true,,,,,1,10/18/22
10158182,house,house,240000,forsale,5300,installed,,justrenovated,fueloil,299,2,300,true,true,,true,true,,1,2,,10/18/22
9625357,house,house,131000,forsale,2550,notinstalled,1930,,gas,371,3,1664,,true,1100,true,,,1,,,10/18/22
10158172,apartment,apartment,260000,forsale,8870,installed,2020,good,gas,47,2,,,,,true,,,,,,10/18/22
10158154,house,house,290000,forsale,7900,installed,2021,,gas,,3,515,true,,,,,,,2,1,10/18/22
10158153,house,bungalow,445000,forsale,1410,hyperequipped,1973,good,electric,555,2,681,true,,500,true,,,2,3,,10/18/22
10158149,apartment,flatstudio,59000,forsale,4000,notinstalled,,tobedoneup,,251,1,,,,,,,,,,,10/18/22
9641565,house,house,184000,forsale,2550,,,good,gas,,5,155,,true,,true,,,,1,,10/18/22
10121293,house,house,275000,forsale,1420,,,torenovate,fueloil,515,2,207,,,100,,true,,,,,10/18/22
9778501,apartment,apartment,299000,forsale,2275,installed,2021,,,,3,,,,,true,,,,,1,10/18/22
9528363,apartment,apartment,309000,forsale,8530,installed,,,gas,,2,,,,,true,,,,,1,10/18/22
10067026,apartment,apartment,322500,forsale,3300,usahyperequipped,2022,,,,2,,,,,true,,,,1,1,10/18/22
9968747,apartment,apartment,359000,forsale,9000,,2022,,,,1,,,,,true,,,,,1,10/18/22
9863146,apartment,apartment,395000,forsale,1180,usahyperequipped,,asnew,,55,1,,,true,,true,,,,1,1,10/18/22
9968765,apartment,apartment,419000,forsale,9000,,2022,,,,2,,,true,,true,,,,,1,10/18/22
9968749,apartment,apartment,419000,forsale,9000,,2022,,,,2,,,true,,true,,,,,1,10/18/22
10138975,apartment,duplex,500000,forsale,1190,installed,1935,tobedoneup,gas,192,4,,,true,183,true,,,,,,10/18/22
9899433,apartment,apartment,595000,forsale,1000,,2022,,gas,43,1,,,true,,true,,,,,1,10/18/22
10139922,apartment,apartment,790000,forsale,1180,usahyperequipped,1992,justrenovated,gas,249,3,,,true,300,true,,,3,,,10/18/22
10009934,apartment,penthouse,1264000,forsale,1050,usasemiequipped,2021,,gas,45,4,,,true,,true,,,1,1,1,10/18/22
9717511,apartment,apartment,4750000,forsale,8300,usahyperequipped,2022,asnew,gas,,2,,,,,true,,true,,,1,10/18/22
10157145,apartment,apartment,255000,forsale,9000,,1967,,gas,167,2,,,,,,,,,,,10/18/22
10157144,apartment,apartment,255000,forsale,9000,,1967,,gas,167,2,,,,,,,,,,,10/18/22
10144158,apartment,flatstudio,185000,forsale,1150,usasemiequipped,,torenovate,gas,331,0,,,,,,,,,1,,10/18/22
10144463,apartment,apartment,253295,forsale,1030,notinstalled,2022,,gas,,1,,,true,,,,,,,,10/18/22
10144459,apartment,apartment,253330,forsale,1030,notinstalled,2022,,gas,,1,,,true,,,,,,,,10/18/22
10130816,apartment,flatstudio,75000,forsale,4020,notinstalled,,tobedoneup,gas,372,0,,,,,,,,,,,10/18/22
10130925,apartment,apartment,395000,forsale,1150,installed,1965,tobedoneup,gas,305,2,,,,,true,true,,,,,10/18/22
10130083,apartment,apartment,585000,forsale,8790,hyperequipped,2013,asnew,gas,105,2,,,,,true,,,,1,,10/18/22
9914980,apartmentgroup,apartmentgroup,199000-348000,forsale,1190,,,,,,,,,,,,,,,,1,10/18/22
10157688,apartmentgroup,apartmentgroup,239000-342000,forsale,1490,,,,,74,,,,,,,,,,8,1,10/18/22
10157730,apartmentgroup,apartmentgroup,289000-349000,forsale,1300,,,,,,,,,,,,,,,14,1,10/18/22
10146765,apartment,apartment,139000,forsale,8430,installed,1954,good,gas,600,3,,,,,,,,,,,10/18/22
10133659,apartment,apartment,189000,forsale,2500,hyperequipped,2007,good,gas,,2,,,,,true,,,,,,10/18/22
10133646,apartment,apartment,349000,forsale,2018,hyperequipped,1958,asnew,fueloil,,2,,,true,,true,,,2,2,,10/18/22
10106260,apartment,apartment,397000,forsale,2000,hyperequipped,2016,asnew,gas,,2,,,true,300,true,,,1,,,10/18/22
10153525,apartment,apartment,365000,forsale,6900,,,asnew,gas,,3,,,true,,true,,,,1,1,10/18/22
10152212,apartment,apartment,371850,forsale,1420,,2022,good,,,3,,,,,true,,,,,1,10/18/22
10152422,apartment,apartment,422100,forsale,1420,,2022,good,,,2,,,,,true,,,,,1,10/18/22
10158182,house,house,240000,forsale,5300,installed,,justrenovated,fueloil,299,2,300,true,true,,true,true,,1,2,,10/18/22
9625357,house,house,131000,forsale,2550,notinstalled,1930,,gas,371,3,1664,,true,1100,true,,,1,,,10/18/22
10158172,apartment,apartment,260000,forsale,8870,installed,2020,good,gas,47,2,,,,,true,,,,,,10/18/22
10158154,house,house,290000,forsale,7900,installed,2021,,gas,,3,515,true,,,,,,,2,1,10/18/22
10158153,house,bungalow,445000,forsale,1410,hyperequipped,1973,good,electric,555,2,681,true,,500,true,,,2,3,,10/18/22
10158149,apartment,flatstudio,59000,forsale,4000,notinstalled,,tobedoneup,,251,1,,,,,,,,,,,10/18/22
9641565,house,house,184000,forsale,2550,,,good,gas,,5,155,,true,,true,,,,1,,10/18/22
10121293,house,house,275000,forsale,1420,,,torenovate,fueloil,515,2,207,,,100,,true,,,,,10/18/22
10150882,apartment,apartment,249000,forsale,2800,usasemiequipped,,tobedoneup,gas,108,2,,,,,true,,,,,,10/18/22
10151054,apartment,apartment,260000,forsale,8830,,2001,good,,207,2,,,true,39,true,,,1,,,10/18/22
10149533,apartment,groundfloor,710000,forsale,1050,usahyperequipped,2011,,gas,108,2,,,true,,true,,,2,,,10/18/22
10136127,apartment,apartment,255000,forsale,2610,,1979,,gas,236,2,,,,,true,,,1,1,,10/18/22
10136312,apartment,apartment,299000,forsale,9500,hyperequipped,2022,justrenovated,gas,101.76,2,,,,,true,,,,,,10/18/22
10136957,apartment,apartment,489000,forsale,9000,hyperequipped,2019,,,57,2,,,,,,,,,1,,10/18/22
10136887,apartment,penthouse,650000,forsale,9120,installed,2022,,,28,2,,,,,true,,,2,,,10/18/22
10135843,apartment,apartment,1150000,forsale,8300,installed,1968,asnew,gas,133,3,,,,,,,,,,,10/18/22
10143232,apartment,apartment,292000,forsale,1300,notinstalled,,asnew,gas,,2,,,true,,true,,,,,1,10/18/22
10144209,apartment,duplex,620000,forsale,2600,installed,,asnew,gas,,2,,,,1840,true,,,,,1,10/18/22
10140503,apartment,duplex,235000,forsale,3740,installed,,asnew,gas,146,2,,,,,,,,,,,10/18/22
10142194,apartment,apartment,250000,forsale,1030,installed,,torenovate,gas,267,1,,,true,120,,,,,,,10/18/22
10060081,apartment,groundfloor,299000,forsale,1430,installed,2010,asnew,electric,175,2,,,,450,true,,,,2,,10/18/22
10140590,apartment,apartment,375000,forsale,2018,hyperequipped,1970,,,134,2,,,true,,true,true,,,,,10/18/22
10102619,apartment,apartment,40000,forsale,9160,installed,2019,,,69,2,,,,,true,,true,1,,,10/18/22
10102618,apartment,serviceflat,40000,forsale,9160,installed,2019,,,69,2,,,,,true,,true,1,,,10/18/22
10112858,apartment,apartment,45000,forsale,4000,,1975,tobedoneup,,532,1,,,,,,,,,,,10/18/22
10118287,apartment,flatstudio,119000,forsale,1080,notinstalled,1973,torenovate,,808,0,,,true,26,,,,,,,10/18/22
10028019,apartment,apartment,119000,forsale,8430,installed,1975,torenovate,electric,377,1,,,,,,,,,,,10/18/22
9783455,apartment,serviceflat,125000,forsale,1850,,2009,asnew,gas,141,1,,,,,true,,,,,,10/18/22
9971268,apartment,apartment,125000,forsale,5190,semiequipped,2010,good,fueloil,167,1,,,,,,,,,,,10/18/22
10103748,apartment,apartment,125000,forsale,8800,,1972,tobedoneup,,194,1,,,,,true,,,,,,10/18/22
9824409,apartment,apartment,129500,forsale,4000,installed,,good,gas,220,2,,,,,,true,,,,,10/18/22
9822826,apartment,apartment,129500,forsale,4000,installed,,good,gas,220,2,,,,,,true,,,,,10/18/22
10119402,apartment,apartment,135000,forsale,6940,hyperequipped,2007,asnew,electric,228,1,,,,,,,,,,,10/18/22
10084848,apartment,apartment,143500,forsale,1080,,2000,good,electric,267,2,,,true,,true,,,,,,10/18/22
10125949,apartment,apartment,149000,forsale,4020,installed,,tobedoneup,gas,130,2,,,true,,true,,,1,,,10/18/22
9890467,apartment,groundfloor,149500,forsale,8400,usainstalled,1989,good,electric,305,2,,,,,,,,,,,10/18/22
9961647,apartment,apartment,150000,forsale,8870,installed,1968,asnew,,472,2,,,,,true,,,,,,10/18/22
10119850,apartment,flatstudio,157500,forsale,2060,semiequipped,2014,good,gas,146,0,,,true,,true,,,,,,10/18/22
10158182,house,house,240000,forsale,5300,installed,,justrenovated,fueloil,299,2,300,true,true,,true,true,,1,2,,10/18/22
9625357,house,house,131000,forsale,2550,notinstalled,1930,,gas,371,3,1664,,true,1100,true,,,1,,,10/18/22
10158172,apartment,apartment,260000,forsale,8870,installed,2020,good,gas,47,2,,,,,true,,,,,,10/18/22
10158154,house,house,290000,forsale,7900,installed,2021,,gas,,3,515,true,,,,,,,2,1,10/18/22
10158153,house,bungalow,445000,forsale,1410,hyperequipped,1973,good,electric,555,2,681,true,,500,true,,,2,3,,10/18/22
10158149,apartment,flatstudio,59000,forsale,4000,notinstalled,,tobedoneup,,251,1,,,,,,,,,,,10/18/22
9641565,house,house,184000,forsale,2550,,,good,gas,,5,155,,true,,true,,,,1,,10/18/22
10121293,house,house,275000,forsale,1420,,,torenovate,fueloil,515,2,207,,,100,,true,,,,,10/18/22
10114087,apartment,apartment,160000,forsale,2140,semiequipped,1973,torenovate,gas,179,2,,,true,,true,,,,,,10/18/22
9986753,apartment,apartment,164500,forsale,4000,semiequipped,,good,gas,181,2,,,,,,,,,,,10/18/22
10055842,apartment,apartment,165000,forsale,4300,installed,,good,fueloil,409,1,,,true,,,,,1,1,,10/18/22
10129963,apartment,apartment,167500,forsale,8573,,1992,asnew,,239,1,,,,,,,,2,,,10/18/22
10089014,apartment,apartment,169000,forsale,9400,hyperequipped,2003,asnew,gas,359,1,,,,,true,,,1,1,,10/18/22
9592771,apartment,apartment,170000,forsale,1330,notinstalled,,,,,1,,,,,,,,,,,10/18/22
10096886,apartment,apartment,174000,forsale,9620,semiequipped,1974,asnew,gas,315,1,,,true,,true,,,,,,10/18/22
10096885,apartment,apartment,174000,forsale,9620,semiequipped,1974,asnew,gas,315,1,,,true,,true,,,,,,10/18/22
9812204,apartment,flatstudio,175000,forsale,1000,installed,,good,electric,697,1,,,true,,,,,,,,10/18/22
10105247,apartment,apartment,175000,forsale,5310,,1989,good,,114,2,,,,,true,,,1,1,,10/18/22
10067651,apartment,apartment,175000,forsale,5310,installed,1989,good,,114,2,,,true,,true,,,1,1,,10/18/22
9896280,apartment,apartment,175000,forsale,7370,hyperequipped,2018,asnew,gas,96,2,,,,,,,,,1,,10/18/22
9944988,apartment,groundfloor,175000,forsale,8400,installed,,good,,,3,,,,,,,,,,,10/18/22
10002743,apartment,apartment,178000,forsale,8660,usainstalled,2015,asnew,electric,186,1,,,,,true,,,1,,,10/18/22
9976019,apartment,apartment,179000,forsale,7700,installed,2008,good,gas,149,1,,,true,,true,,,,,,10/18/22
10092470,apartment,apartment,179000,forsale,8370,,1963,torenovate,,262,2,,,,,,,,,,,10/18/22
10114688,apartment,apartment,179000,forsale,9300,installed,2012,good,gas,158,1,,,,,true,,,,1,,10/18/22
9946398,apartment,duplex,179000,forsale,9300,semiequipped,2008,good,gas,162,2,,true,,,,,,,,,10/18/22
10102280,apartment,apartment,180000,forsale,1420,notinstalled,,tobedoneup,gas,448,1,,,true,,true,,,1,,,10/18/22
10082727,apartment,apartment,180000,forsale,4101,installed,1967,good,gas,170,2,,,true,,true,,,,,,10/18/22
10103571,apartment,apartment,180000,forsale,4420,installed,2014,asnew,gas,208,5,,,true,,,,,1,,,10/18/22
10127843,apartment,apartment,180000,forsale,8450,installed,2000,asnew,electric,265,2,,,,,,,true,,1,,10/18/22
10086238,apartment,apartment,180000,forsale,8530,installed,1971,justrenovated,gas,194,3,,,,,true,,,2,1,,10/18/22
10122911,apartment,triplex,185000,forsale,5590,installed,,,fueloil,488,1,,,,,true,,,,1,,10/18/22
9896279,apartment,apartment,185000,forsale,7370,hyperequipped,2018,asnew,gas,112,2,,,,,true,,,,,,10/18/22
10024668,apartment,flatstudio,190000,forsale,1470,,,torenovate,,81314,2,,,true,142,,,,3,,,10/18/22
9999591,apartment,groundfloor,195000,forsale,9300,notinstalled,1978,,gas,269,3,,,true,,true,,,1,,,10/18/22
10083221,apartment,apartment,199000,forsale,1170,installed,1968,good,fueloil,247,1,,,true,,true,,,,,,10/18/22
10083957,apartment,serviceflat,199000,forsale,3360,,1991,asnew,gas,303,1,,,,,true,,,,,,10/18/22
9899910,apartment,groundfloor,199000,forsale,4280,installed,1962,good,pellet,505,2,,,true,,true,true,,1,2,,10/18/22
10158182,house,house,240000,forsale,5300,installed,,justrenovated,fueloil,299,2,300,true,true,,true,true,,1,2,,10/18/22
9625357,house,house,131000,forsale,2550,notinstalled,1930,,gas,371,3,1664,,true,1100,true,,,1,,,10/18/22
10158172,apartment,apartment,260000,forsale,8870,installed,2020,good,gas,47,2,,,,,true,,,,,,10/18/22
10158154,house,house,290000,forsale,7900,installed,2021,,gas,,3,515,true,,,,,,,2,1,10/18/22
10158153,house,bungalow,445000,forsale,1410,hyperequipped,1973,good,electric,555,2,681,true,,500,true,,,2,3,,10/18/22
10158149,apartment,flatstudio,59000,forsale,4000,notinstalled,,tobedoneup,,251,1,,,,,,,,,,,10/18/22
9641565,house,house,184000,forsale,2550,,,good,gas,,5,155,,true,,true,,,,1,,10/18/22
10121293,house,house,275000,forsale,1420,,,torenovate,fueloil,515,2,207,,,100,,true,,,,,10/18/22
9592642,apartment,apartment,199900,forsale,4100,installed,,,gas,98,2,,,true,,true,,,1,,,10/18/22
10072883,apartment,apartment,200000,forsale,1000,semiequipped,1960,,fueloil,164,1,,,true,,,,,,,,10/18/22
10028566,apartment,apartment,200000,forsale,6220,notinstalled,,,gas,310,2,,,true,,,,,1,,,10/18/22
10023051,apartment,apartment,200000,forsale,8400,installed,1958,tobedoneup,gas,124,2,,,true,,true,,,,,,10/18/22
10129885,apartment,apartment,200000,forsale,8930,semiequipped,,good,gas,384,2,,,true,,true,,,,,,10/18/22
9948496,apartment,apartment,200000,forsale,9340,installed,1994,,electric,279,2,,,true,,,,,1,1,,10/18/22
10091960,apartment,apartment,205000,forsale,1083,installed,,good,fueloil,204,2,,,true,,true,,,,,,10/18/22
10121796,apartment,apartment,209000,forsale,8400,,1965,torenovate,fueloil,182,2,,,,,true,,,,,,10/18/22
9960233,apartment,apartment,209000,forsale,8870,installed,1968,asnew,,430,2,,,,,true,,,,,,10/18/22
9973088,apartment,apartment,210000,forsale,4000,installed,,good,gas,206,2,,,true,,true,,,,,,10/18/22
10111791,apartment,apartment,210000,forsale,9400,installed,1985,good,gas,343,2,,,,,,,,,,,10/18/22
10111790,apartment,apartment,210000,forsale,9406,installed,1985,good,gas,343,2,,,,,,,,,,,10/18/22
9619221,apartment,apartment,214000,forsale,4040,,,,,147,2,,,true,,true,true,,2,,,10/18/22
10124135,apartment,apartment,215000,forsale,1070,notinstalled,1933,good,gas,223,1,,,true,44,true,true,,,,,10/18/22
10044214,apartment,apartment,215000,forsale,1082,notinstalled,1960,tobedoneup,,363,2,,,,,true,,,1,20,,10/18/22
10048991,apartment,apartment,215000,forsale,4620,installed,,good,gas,65,1,,,true,,true,,,,1,,10/18/22
10118192,apartment,groundfloor,215000,forsale,5590,installed,2006,,gas,180,1,,,true,,true,,,,1,,10/18/22
10040333,apartment,apartment,215000,forsale,8420,,2005,asnew,,486,2,,,,,true,,,,,,10/18/22
9506426,apartment,apartment,215000,forsale,8660,installed,,asnew,electric,314,2,,,,,true,,,,,,10/18/22
10075497,apartment,apartment,219000,forsale,8800,,2005,good,gas,115,2,,,,8,,,,1,,,10/18/22
9961786,apartment,apartment,219000,forsale,9700,,2005,asnew,electric,223,2,,,true,,true,,,,,,10/18/22
9658964,apartment,groundfloor,220000,forsale,1090,installed,1967,good,fueloil,254,2,,,,,true,,,,,,10/18/22
10047215,apartment,apartment,220000,forsale,1400,installed,1972,good,gas,153,2,,,true,,true,,,,,,10/18/22
9988749,apartment,apartment,220000,forsale,4041,installed,2014,asnew,gas,96,2,,,,150,true,,,1,1,,10/18/22
10121412,apartment,apartment,220000,forsale,9400,installed,1993,good,electric,499,2,,,,,,,,1,1,,10/18/22
10080153,apartment,apartment,225000,forsale,8400,installed,1969,,gas,108,2,,,true,,true,,,,1,,10/18/22
10042883,apartment,apartment,225000,forsale,8800,usainstalled,1975,justrenovated,gas,223,2,,,,,,,,,1,,10/18/22
9693228,apartment,serviceflat,228000,forsale,3111,installed,2016,asnew,,101,1,,,,,true,,,,,,10/18/22
10041184,apartment,apartment,235000,forsale,1081,usainstalled,2003,asnew,,146,2,,,true,,true,,,,1,,10/18/22
10045500,apartment,apartment,235000,forsale,1410,usahyperequipped,,asnew,fueloil,201,1,,,,,true,,,1,,,10/18/22
10158182,house,house,240000,forsale,5300,installed,,justrenovated,fueloil,299,2,300,true,true,,true,true,,1,2,,10/18/22
9625357,house,house,131000,forsale,2550,notinstalled,1930,,gas,371,3,1664,,true,1100,true,,,1,,,10/18/22
10158172,apartment,apartment,260000,forsale,8870,installed,2020,good,gas,47,2,,,,,true,,,,,,10/18/22
10158154,house,house,290000,forsale,7900,installed,2021,,gas,,3,515,true,,,,,,,2,1,10/18/22
10158153,house,bungalow,445000,forsale,1410,hyperequipped,1973,good,electric,555,2,681,true,,500,true,,,2,3,,10/18/22
10158149,apartment,flatstudio,59000,forsale,4000,notinstalled,,tobedoneup,,251,1,,,,,,,,,,,10/18/22
9641565,house,house,184000,forsale,2550,,,good,gas,,5,155,,true,,true,,,,1,,10/18/22
10121293,house,house,275000,forsale,1420,,,torenovate,fueloil,515,2,207,,,100,,true,,,,,10/18/22
10065793,apartment,apartment,235000,forsale,8820,installed,2007,justrenovated,gas,104,2,,,,,true,,,,,,10/18/22
9430975,apartment,apartment,240000,forsale,1060,usasemiequipped,,asnew,gas,151,1,,,true,,true,,,,,,10/18/22
9524454,apartment,apartment,240000,forsale,1080,usahyperequipped,2021,asnew,gas,,2,,,true,,true,,,,,,10/18/22
10028195,apartment,apartment,240000,forsale,8580,,1950,justrenovated,,100,3,,,,,,,,,,,10/18/22
10107129,apartment,apartment,245000,forsale,1040,usahyperequipped,,asnew,gas,167,1,,,true,,true,,,,,,10/18/22
9737334,apartment,apartment,247900,forsale,2018,installed,,good,gas,300,2,,,true,,,,,,,,10/18/22
10125491,apartment,apartment,249000,forsale,1090,installed,1960,,gas,189,2,,,true,,true,,,1,,,10/18/22
10058153,apartment,apartment,249000,forsale,8380,installed,2003,asnew,,204,2,,,,,true,,,,,,10/18/22
10075498,apartment,apartment,249000,forsale,8800,,2005,good,gas,115,2,,,,8,,,,1,,,10/18/22
9855105,apartment,apartment,249500,forsale,9290,installed,1980,justrenovated,gas,301,3,,,,,true,,,,,,10/18/22
10122132,apartment,groundfloor,250000,forsale,1410,installed,2007,asnew,gas,382,2,,,,191,,,,1,,,10/18/22
10069730,apartment,groundfloor,250000,forsale,2610,installed,1958,good,gas,263,1,,,true,156,true,,,,,,10/18/22
9866054,apartment,apartment,255000,forsale,5590,usasemiequipped,,good,fueloil,119,4,,,,,true,,,,3,,10/18/22
10047129,apartment,apartment,259000,forsale,1020,usahyperequipped,1962,good,gas,464,2,,,true,,true,,,1,,,10/18/22
10004525,apartment,apartment,259000,forsale,4910,usahyperequipped,,good,pellet,38,3,,,,,true,,,,2,,10/18/22
10023567,apartment,duplex,259000,forsale,5537,installed,1938,asnew,fueloil,247,2,,,true,,true,,,,1,,10/18/22
10126993,apartment,apartment,259000,forsale,8400,installed,1990,,electric,423,2,,,,,true,,,,,,10/18/22
9872981,apartment,apartment,265000,forsale,1410,notinstalled,1980,torenovate,gas,141,3,,,,,true,,,1,1,,10/18/22
10103860,apartment,apartment,269000,forsale,9950,installed,2010,asnew,,111.36,2,,,,,true,,,,,,10/18/22
9987545,apartment,duplex,270000,forsale,1861,installed,2009,asnew,gas,160,2,,,,,true,,,1,,,10/18/22
9932922,apartment,apartment,275000,forsale,1140,,1990,,electric,278,2,,,true,,true,,,,,,10/18/22
10066825,apartment,apartment,279000,forsale,2610,installed,,asnew,gas,109,2,,,,,true,,,1,1,,10/18/22
10085103,apartment,apartment,280000,forsale,9050,,1970,good,,186,2,,,true,,true,,,1,,,10/18/22
10054052,apartment,apartment,280000,forsale,9230,usainstalled,1960,asnew,gas,293,2,,,,,true,,,,1,,10/18/22
10121457,apartment,apartment,285000,forsale,1000,hyperequipped,2008,asnew,gas,114,2,,,true,,true,,,1,,,10/18/22
10112702,apartment,groundfloor,285000,forsale,3600,usahyperequipped,2009,asnew,gas,283,2,,,,,true,,,,1,,10/18/22
9818432,apartment,apartment,285000,forsale,4287,installed,2015,asnew,gas,115,3,,,,,true,,,,,,10/18/22
10106657,apartment,apartment,285000,forsale,7000,semiequipped,,tobedoneup,gas,132,5,,,true,,,,,3,3,,10/18/22
10071789,apartment,apartment,289900,forsale,2650,installed,,justrenovated,gas,90,2,,,,,true,,,1,1,,10/18/22
10029253,apartment,duplex,290000,forsale,1080,hyperequipped,1950,asnew,,242,2,,,true,,true,true,,,,,10/18/22
10158182,house,house,240000,forsale,5300,installed,,justrenovated,fueloil,299,2,300,true,true,,true,true,,1,2,,10/18/22
9625357,house,house,131000,forsale,2550,notinstalled,1930,,gas,371,3,1664,,true,1100,true,,,1,,,10/18/22
10158172,apartment,apartment,260000,forsale,8870,installed,2020,good,gas,47,2,,,,,true,,,,,,10/18/22
10158154,house,house,290000,forsale,7900,installed,2021,,gas,,3,515,true,,,,,,,2,1,10/18/22
10158153,house,bungalow,445000,forsale,1410,hyperequipped,1973,good,electric,555,2,681,true,,500,true,,,2,3,,10/18/22
10158149,apartment,flatstudio,59000,forsale,4000,notinstalled,,tobedoneup,,251,1,,,,,,,,,,,10/18/22
9641565,house,house,184000,forsale,2550,,,good,gas,,5,155,,true,,true,,,,1,,10/18/22
10121293,house,house,275000,forsale,1420,,,torenovate,fueloil,515,2,207,,,100,,true,,,,,10/18/22
10064752,apartment,penthouse,290000,forsale,1300,usahyperequipped,2019,asnew,gas,86,2,,,,,true,,,1,1,,10/18/22
10066800,apartment,penthouse,290000,forsale,1301,usahyperequipped,2019,asnew,gas,86,2,,,,,true,,,1,1,,10/18/22
10106526,apartment,apartment,290000,forsale,1780,usainstalled,1990,,gas,116,2,,,true,,true,,,,,,10/18/22
10016161,apartment,apartment,295000,forsale,1000,usainstalled,1991,good,gas,242,1,,,true,,true,,,1,,,10/18/22
10123652,apartment,apartment,295000,forsale,1300,installed,,,gas,,1,,,,,true,,,1,,,10/18/22
9947801,apartment,duplex,295000,forsale,8370,,2019,,gas,,1,,,,,true,,,,,,10/18/22
10110468,apartment,apartment,295000,forsale,9000,,1968,torenovate,gas,197,2,,,true,,true,,,,,,10/18/22
10086819,apartment,apartment,295000,forsale,9000,installed,1975,justrenovated,gas,263,2,,,,60,true,true,,,,,10/18/22
10040856,apartment,apartment,297000,forsale,8400,,2004,asnew,gas,141,2,,,true,,true,,,,1,,10/18/22
9975984,apartment,groundfloor,299000,forsale,1800,usainstalled,,good,gas,254,2,,,true,,true,,,1,,,10/18/22
10111186,apartment,groundfloor,299000,forsale,2610,installed,1994,asnew,gas,316,3,,,true,180,true,,,1,,,10/18/22
9744646,apartment,apartment,299000,forsale,4000,installed,1956,good,gas,166,2,,,true,,true,true,,,,,10/18/22
9985823,apartment,apartment,299000,forsale,5310,installed,2009,good,electric,227,3,,,,800,true,true,,,1,,10/18/22
10125598,apartment,apartment,299000,forsale,8620,,2001,asnew,,264,2,,,true,,true,,,,,,10/18/22
9970496,apartment,apartment,299500,forsale,1030,hyperequipped,2014,asnew,gas,144,2,,,true,,true,,,1,,,10/18/22
10085212,apartment,penthouse,300000,forsale,1853,,1989,,,208,3,,,true,,true,true,,1,,,10/18/22
10074743,apartment,duplex,300000,forsale,4000,notinstalled,1961,good,gas,161,4,,,true,,true,true,,1,,,10/18/22
10096409,apartment,apartment,300000,forsale,8300,installed,1975,torenovate,gas,166,1,,,true,,,,,1,,,10/18/22
9978520,apartment,apartment,300000,forsale,8370,installed,1967,good,gas,172,2,,,true,,true,,,1,,,10/18/22
9898820,apartment,apartment,300000,forsale,8380,hyperequipped,2004,,electric,251,3,,,true,,true,,,1,1,,10/18/22
10035867,apartment,apartment,300000,forsale,8620,installed,2006,good,,251,3,,,,,true,,,,,,10/18/22
10085466,apartment,penthouse,310000,forsale,9500,installed,2017,asnew,gas,88,2,,,,,true,,,1,,,10/18/22
10094972,apartment,apartment,314000,forsale,8800,installed,2006,good,gas,113,3,,,,6,true,,,1,,,10/18/22
9917963,apartment,duplex,315000,forsale,8370,,2016,asnew,,78,2,,,,,true,,,,,,10/18/22
10096504,apartment,apartment,320000,forsale,1170,usahyperequipped,1958,asnew,gas,564,1,,,,,true,,,,,,10/18/22
10080871,apartment,duplex,325000,forsale,1180,installed,,good,gas,324,2,,,true,,,true,,,1,,10/18/22
10089991,apartment,apartment,325000,forsale,2000,usainstalled,1937,,gas,255,3,,,true,,true,,,,,,10/18/22
10109509,apartment,apartment,325000,forsale,2018,semiequipped,1936,,gas,251,3,,,true,,true,,,,,,10/18/22
10016745,apartment,apartment,325000,forsale,8340,,2016,asnew,,114,2,,,,,,,,,1,,10/18/22
9974126,apartment,apartment,329000,forsale,1090,installed,2008,asnew,gas,111,3,,,true,,true,,,,,,10/18/22
10158182,house,house,240000,forsale,5300,installed,,justrenovated,fueloil,299,2,300,true,true,,true,true,,1,2,,10/18/22
9625357,house,house,131000,forsale,2550,notinstalled,1930,,gas,371,3,1664,,true,1100,true,,,1,,,10/18/22
10158172,apartment,apartment,260000,forsale,8870,installed,2020,good,gas,47,2,,,,,true,,,,,,10/18/22
10158154,house,house,290000,forsale,7900,installed,2021,,gas,,3,515,true,,,,,,,2,1,10/18/22
10158153,house,bungalow,445000,forsale,1410,hyperequipped,1973,good,electric,555,2,681,true,,500,true,,,2,3,,10/18/22
10158149,apartment,flatstudio,59000,forsale,4000,notinstalled,,tobedoneup,,251,1,,,,,,,,,,,10/18/22
9641565,house,house,184000,forsale,2550,,,good,gas,,5,155,,true,,true,,,,1,,10/18/22
10121293,house,house,275000,forsale,1420,,,torenovate,fueloil,515,2,207,,,100,,true,,,,,10/18/22
9837803,apartment,loft,330000,forsale,1030,usasemiequipped,,good,gas,387,1,,,true,,true,true,,,,,10/18/22
10064101,apartment,apartment,330000,forsale,1300,usahyperequipped,2019,asnew,gas,77,2,,,,500,true,,,1,1,,10/18/22
10064751,apartment,apartment,330000,forsale,1301,usahyperequipped,2019,asnew,gas,77,2,,,,500,true,,,1,1,,10/18/22
10129924,apartment,apartment,335000,forsale,8370,,1987,asnew,,112,2,,,,,true,,,,,,10/18/22
10117409,apartment,groundfloor,339000,forsale,1150,installed,1972,tobedoneup,fueloil,425,2,,,true,,,,,,,,10/18/22
10058257,apartment,apartment,339000,forsale,8300,installed,1995,asnew,electric,290,1,,,true,,,,,1,,,10/18/22
10106549,apartment,apartment,340000,forsale,8400,hyperequipped,2010,asnew,gas,73,2,,,true,,true,,,,,,10/18/22
10093467,apartment,flatstudio,340000,forsale,8400,installed,1958,asnew,gas,116,2,,,,,,,,,,,10/18/22
10007182,apartment,apartment,345000,forsale,9000,,1965,asnew,,192,2,,,,,true,,,,,,10/18/22
10080475,apartment,apartment,348000,forsale,2200,hyperequipped,2001,asnew,gas,115,3,,,true,,true,true,,2,3,,10/18/22
10120317,apartment,apartment,349000,forsale,1050,,1964,asnew,,331,3,,,,,true,true,,,,,10/18/22
10057215,apartment,apartment,349000,forsale,8370,,1970,asnew,,131,2,,,true,,,,,,,,10/18/22
10102807,apartment,duplex,350000,forsale,1040,installed,1956,good,fueloil,390,2,,,true,100,true,true,,,,,10/18/22
10068857,apartment,apartment,350000,forsale,1090,installed,,asnew,gas,137,3,,,true,,true,,,2,2,,10/18/22
10057631,apartment,apartment,350000,forsale,1200,usainstalled,2015,asnew,gas,78,2,,,true,,true,,,,1,,10/18/22
10065271,apartment,apartment,350000,forsale,3960,,1960,good,gas,337,3,,,,,,true,,,,,10/18/22
10079656,apartment,loft,350000,forsale,4031,installed,,tobedoneup,gas,367,2,,,,,true,true,,1,,,10/18/22
9947807,apartment,duplex,355000,forsale,8370,,2019,,gas,,2,,,,,true,,,,,,10/18/22
10085032,apartment,triplex,359000,forsale,7500,usainstalled,2008,asnew,gas,303,3,,,true,,,true,,1,1,,10/18/22
10051173,apartment,apartment,360000,forsale,1160,hyperequipped,1990,good,gas,107,2,,,true,,true,,,1,,,10/18/22
10111980,apartment,apartment,360000,forsale,3000,installed,1997,asnew,gas,153,2,,,true,,true,,,,,,10/18/22
9947808,apartment,duplex,365000,forsale,8370,,2019,,gas,,2,,,,,true,,,,,,10/18/22
10104934,apartment,apartment,380000,forsale,4000,hyperequipped,,good,gas,170,2,,,true,,true,,,,,,10/18/22
9991724,apartment,apartment,385000,forsale,1410,installed,1980,good,gas,120,2,,,true,,true,,,1,,,10/18/22
9947810,apartment,duplex,385000,forsale,8370,,2019,,gas,,2,,,,,true,,,,,,10/18/22
9332792,apartment,apartment,385000,forsale,8430,installed,2004,asnew,electric,205,2,,,true,,true,,,,,,10/18/22
9975218,apartment,apartment,385000,forsale,8490,installed,,good,gas,181,2,,,,800,true,,,1,,,10/18/22
9652110,apartment,apartment,389000,forsale,1420,usahyperequipped,2022,asnew,gas,,2,,,true,112,true,,,2,2,,10/18/22
10120900,apartment,triplex,389000,forsale,1785,hyperequipped,2005,asnew,gas,108,3,,,,,true,,,,,,10/18/22
10097040,apartment,apartment,389000,forsale,2630,hyperequipped,1997,,gas,175,2,,,,,true,,,,,,10/18/22
10158182,house,house,240000,forsale,5300,installed,,justrenovated,fueloil,299,2,300,true,true,,true,true,,1,2,,10/18/22
9625357,house,house,131000,forsale,2550,notinstalled,1930,,gas,371,3,1664,,true,1100,true,,,1,,,10/18/22
10158172,apartment,apartment,260000,forsale,8870,installed,2020,good,gas,47,2,,,,,true,,,,,,10/18/22
10158154,house,house,290000,forsale,7900,installed,2021,,gas,,3,515,true,,,,,,,2,1,10/18/22
10158153,house,bungalow,445000,forsale,1410,hyperequipped,1973,good,electric,555,2,681,true,,500,true,,,2,3,,10/18/22
10158149,apartment,flatstudio,59000,forsale,4000,notinstalled,,tobedoneup,,251,1,,,,,,,,,,,10/18/22
9641565,house,house,184000,forsale,2550,,,good,gas,,5,155,,true,,true,,,,1,,10/18/22
10121293,house,house,275000,forsale,1420,,,torenovate,fueloil,515,2,207,,,100,,true,,,,,10/18/22
10119050,apartment,apartment,395000,forsale,3000,installed,1989,good,electric,209,2,,,,,,,,,,,10/18/22
9996182,apartment,duplex,395000,forsale,3000,installed,1990,good,gas,192,2,,,,,,,,,,,10/18/22
10112013,apartment,apartment,395000,forsale,8300,usahyperequipped,1966,justrenovated,,137,1,,,true,,,,,,,,10/18/22
10123285,apartment,apartment,395000,forsale,9000,,1971,asnew,,143,2,,,true,,,,,,,,10/18/22
10116930,apartment,apartment,395000,forsale,9000,,1964,asnew,,119,3,,,true,,true,,,,,,10/18/22
10119966,apartment,apartment,398000,forsale,3360,usahyperequipped,2015,asnew,gas,121,2,,,true,,true,,,2,2,,10/18/22
9826670,apartment,apartment,399000,forsale,2018,installed,,asnew,gas,231,2,,,true,,true,,,,,,10/18/22
10117641,apartment,apartment,399000,forsale,9300,,2023,good,,,2,,,,,true,,,,,,10/18/22
10112694,apartment,apartment,430000,forsale,1180,installed,,,gas,,2,,,true,,,,,,,,10/18/22
10119388,apartment,apartment,435000,forsale,9000,,1970,asnew,,211,2,,,,,true,,,,,,10/18/22
10024880,apartment,groundfloor,449000,forsale,1040,hyperequipped,1958,asnew,,393,2,,,,55,true,,,1,2,,10/18/22
10058235,apartment,apartment,449000,forsale,8300,installed,1964,asnew,gas,226,1,,,true,,,,,,,,10/18/22
10002726,apartment,apartment,449000,forsale,9000,,1848,asnew,,202,3,,,,,,,,,,,10/18/22
9932749,apartment,duplex,449000,forsale,9000,installed,1918,good,gas,198,2,,,true,,,,,,,,10/18/22
10012180,apartment,apartment,450000,forsale,1050,notinstalled,1950,,gas,135,3,,,true,,true,,,,,,10/18/22
9828745,apartment,apartment,465000,forsale,8370,,1978,justrenovated,,173,2,,,,,true,,,,1,,10/18/22
10073915,apartment,apartment,495000,forsale,2018,,1961,asnew,gas,149,3,,,,,true,,,,1,,10/18/22
10129682,apartment,apartment,495000,forsale,8430,installed,,asnew,gas,131,2,,,,,,,,,,,10/18/22
10078003,apartment,apartment,498000,forsale,3111,installed,2010,asnew,gas,123,2,,,,,true,true,,,,,10/18/22
7675486,apartment,apartment,499000,forsale,7700,semiequipped,,tobedoneup,gas,345,5,,,,,true,true,,,,,10/18/22
9244810,apartment,apartment,525000,forsale,1332,usainstalled,2012,asnew,gas,117,3,,,true,,true,,,,2,,10/18/22
10049615,apartment,apartment,548000,forsale,1050,installed,1952,,gas,272,3,,,true,104,,,,,,,10/18/22
9948806,apartment,duplex,549000,forsale,2000,hyperequipped,,asnew,gas,140,2,,,true,,true,true,,2,2,,10/18/22
9935856,apartment,apartment,555000,forsale,1050,installed,1957,asnew,fueloil,286,2,,,,,true,,,,,,10/18/22
9772173,apartment,groundfloor,565000,forsale,8500,installed,2009,asnew,gas,166,2,,,,,,,,,,,10/18/22
10094054,apartment,apartment,575000,forsale,8300,installed,1980,justrenovated,gas,113,2,,,,,,,,,,,10/18/22
10114518,apartment,penthouse,585000,forsale,3000,installed,,asnew,gas,220,2,,,true,,true,true,,1,,,10/18/22
10003248,apartment,apartment,595000,forsale,1150,notinstalled,1956,torenovate,gas,461,4,,,true,,true,true,,,1,,10/18/22
9955198,apartment,apartment,595000,forsale,9000,installed,,asnew,gas,289,2,,,,,true,,,,1,,10/18/22
10084586,apartment,apartment,615000,forsale,9000,installed,,good,gas,260,2,,,,,true,,,,,,10/18/22
10158182,house,house,240000,forsale,5300,installed,,justrenovated,fueloil,299,2,300,true,true,,true,true,,1,2,,10/18/22
9625357,house,house,131000,forsale,2550,notinstalled,1930,,gas,371,3,1664,,true,1100,true,,,1,,,10/18/22
10158172,apartment,apartment,260000,forsale,8870,installed,2020,good,gas,47,2,,,,,true,,,,,,10/18/22
10158154,house,house,290000,forsale,7900,installed,2021,,gas,,3,515,true,,,,,,,2,1,10/18/22
10158153,house,bungalow,445000,forsale,1410,hyperequipped,1973,good,electric,555,2,681,true,,500,true,,,2,3,,10/18/22
10158149,apartment,flatstudio,59000,forsale,4000,notinstalled,,tobedoneup,,251,1,,,,,,,,,,,10/18/22
9641565,house,house,184000,forsale,2550,,,good,gas,,5,155,,true,,true,,,,1,,10/18/22
10121293,house,house,275000,forsale,1420,,,torenovate,fueloil,515,2,207,,,100,,true,,,,,10/18/22
10058245,apartment,apartment,625000,forsale,8300,usainstalled,2001,asnew,gas,84,2,,,true,,true,,,,,,10/18/22
10061062,apartment,apartment,629000,forsale,8300,,1976,justrenovated,,113,3,,,,,,,,,,,10/18/22
10027836,apartment,duplex,630000,forsale,1410,usahyperequipped,1969,asnew,gas,195,3,,,true,400,true,,,2,2,,10/18/22
10107874,apartment,apartment,650000,forsale,1180,installed,2007,asnew,,349,3,,,,,true,,,,,,10/18/22
10107837,apartment,apartment,650000,forsale,1180,installed,2007,asnew,,349,3,,,,,true,,,,,,10/18/22
9784182,apartment,apartment,650000,forsale,1200,installed,1980,good,,125,5,,,true,,true,,,,,,10/18/22
10062537,apartment,apartment,659000,forsale,9000,installed,1979,asnew,gas,182,3,,,,,,,,1,,,10/18/22
10058262,apartment,apartment,669000,forsale,8300,installed,1967,asnew,gas,169,3,,,,,true,,,,,,10/18/22
10007858,apartment,apartment,675000,forsale,8400,hyperequipped,1964,,gas,148,3,,,true,,true,,,,,,10/18/22
10002725,apartment,apartment,675000,forsale,9000,installed,1884,asnew,gas,160,5,,,,,true,,,,1,,10/18/22
10063835,apartment,apartment,690000,forsale,1180,hyperequipped,2016,asnew,gas,58,3,,,true,,true,,,1,,,10/18/22
9325783,apartment,penthouse,690000,forsale,7050,usahyperequipped,,good,,187,3,,,true,,true,,,3,,,10/18/22
9946229,apartment,apartment,695000,forsale,1050,usahyperequipped,2021,asnew,gas,,2,,,true,,true,,,7,,,10/18/22
9939034,apartment,apartment,695000,forsale,1050,usahyperequipped,,asnew,,110,1,,,,,true,,,1,,,10/18/22
9924301,apartment,apartment,725000,forsale,1160,hyperequipped,,asnew,gas,213,2,,,true,,true,true,,,,,10/18/22
10025166,apartment,duplex,730000,forsale,1180,semiequipped,1997,good,,213,3,,,true,,,true,true,1,1,,10/18/22
10016315,apartment,apartment,790000,forsale,1050,usahyperequipped,2013,good,gas,150,4,,,true,100,true,,,,1,,10/18/22
10078000,apartment,apartment,790000,forsale,8300,installed,1966,asnew,gas,105,1,,,,,true,,,1,,,10/18/22
9194880,apartment,apartment,799000,forsale,4000,hyperequipped,,asnew,gas,127,4,,,true,,true,true,,1,1,,10/18/22
9638764,apartment,apartment,800000,forsale,1050,,1954,asnew,fueloil,,3,,,,,true,,,1,,,10/18/22
10042161,apartment,apartment,850000,forsale,1180,installed,2002,,gas,150,3,,,true,,true,true,,2,,,10/18/22
9930825,apartment,apartment,895000,forsale,8300,hyperequipped,2017,asnew,gas,92,3,,,true,,true,,,,,,10/18/22
9591039,apartment,apartment,895000,forsale,8300,hyperequipped,2017,asnew,gas,92,3,,,true,,true,,,,,,10/18/22
10058686,apartment,apartment,930000,forsale,8300,usahyperequipped,1977,justrenovated,fueloil,162,2,,,true,,,,,,,,10/18/22
9462597,apartment,apartment,940000,forsale,8300,,1971,justrenovated,,153,2,,,,,,,,,,,10/18/22
9931650,apartment,penthouse,950000,forsale,1080,usahyperequipped,2015,asnew,gas,199,3,,,true,,true,,,2,,,10/18/22
10020821,apartment,apartment,995000,forsale,8300,usahyperequipped,1999,justrenovated,gas,112,2,,,true,,true,,,,,,10/18/22
10126240,apartment,apartment,1195000,forsale,8300,usahyperequipped,1985,asnew,gas,104,2,,,,,true,,,,,,10/18/22
10028694,apartment,apartment,1195000,forsale,8300,,1981,asnew,,84,3,,,,,true,,,,,,10/18/22
9907315,apartment,apartment,1350000,forsale,1000,hyperequipped,1951,torenovate,,250,5,,,true,1200,true,,,2,3,,10/18/22
10158182,house,house,240000,forsale,5300,installed,,justrenovated,fueloil,299,2,300,true,true,,true,true,,1,2,,10/18/22
9625357,house,house,131000,forsale,2550,notinstalled,1930,,gas,371,3,1664,,true,1100,true,,,1,,,10/18/22
10158172,apartment,apartment,260000,forsale,8870,installed,2020,good,gas,47,2,,,,,true,,,,,,10/18/22
10158154,house,house,290000,forsale,7900,installed,2021,,gas,,3,515,true,,,,,,,2,1,10/18/22
10158153,house,bungalow,445000,forsale,1410,hyperequipped,1973,good,electric,555,2,681,true,,500,true,,,2,3,,10/18/22
10158149,apartment,flatstudio,59000,forsale,4000,notinstalled,,tobedoneup,,251,1,,,,,,,,,,,10/18/22
9641565,house,house,184000,forsale,2550,,,good,gas,,5,155,,true,,true,,,,1,,10/18/22
10121293,house,house,275000,forsale,1420,,,torenovate,fueloil,515,2,207,,,100,,true,,,,,10/18/22
9866343,apartment,penthouse,1395000,forsale,2000,hyperequipped,,asnew,gas,,3,,,true,,true,,,,,,10/18/22
9873764,apartment,apartment,1495000,forsale,8300,usahyperequipped,1967,justrenovated,,244,3,,,,,,,,,,,10/18/22
9338572,apartment,apartment,1695000,forsale,1180,hyperequipped,2022,asnew,gas,55,3,,,true,674,true,,,,1,,10/18/22
9867896,apartment,penthouse,1995000,forsale,1180,hyperequipped,,asnew,gas,108,3,,,true,,true,,,2,2,,10/18/22
10023448,apartment,duplex,2125000,forsale,1050,hyperequipped,1960,asnew,gas,207,4,,,true,,true,,,2,2,,10/18/22
9891855,apartment,duplex,2490000,forsale,1050,hyperequipped,1960,asnew,gas,211,5,,true,true,60,true,true,,2,2,,10/18/22
10154653,apartmentgroup,apartmentgroup,182000-390000,forsale,9340,,,,,,,,,,,,,,,,1,10/18/22
10155045,apartmentgroup,apartmentgroup,242295-512980,forsale,2570,,,,,,,,,,,,,,,,1,10/18/22
10155023,apartmentgroup,apartmentgroup,245000-578500,forsale,2580,,,,,,,,,,,,,,,,1,10/18/22
9889176,apartmentgroup,apartmentgroup,299000-430000,forsale,2140,,,,,,,,,,,,,,11,11,1,10/18/22
10154860,apartmentgroup,apartmentgroup,299500-584500,forsale,2801,,,,,,,,,,,,,,,,1,10/18/22
10154948,apartmentgroup,apartmentgroup,310000-390000,forsale,2800,,,,,,,,,,,,,,,,1,10/18/22
10154922,apartmentgroup,apartmentgroup,315000-849500,forsale,2800,,,,,,,,,,,,,,,,1,10/18/22
10155124,apartmentgroup,apartmentgroup,337500-380000,forsale,9000,,,,,40,,,,,,,,,,,1,10/18/22
10155131,apartmentgroup,apartmentgroup,337500-380000,forsale,9032,,,,,40,,,,,,,,,,,1,10/18/22
10154990,apartmentgroup,apartmentgroup,439500-439500,forsale,2800,,,,,,,,,,,,,,,,1,10/18/22
10155081,apartmentgroup,apartmentgroup,568000-595000,forsale,2800,,,,,,,,,,,,,,,,1,10/18/22
10154878,apartmentgroup,apartmentgroup,839475-879638,forsale,2550,,,,,,,,,,,,,,77,,1,10/18/22
10145583,apartment,apartment,215000,forsale,1081,usahyperequipped,,justrenovated,gas,603,2,,,,,true,,,,,,10/18/22
10026631,apartment,apartment,265000,forsale,1420,installed,1990,good,gas,169,3,,,,,,,,1,,,10/18/22
10133466,apartment,apartment,295000,forsale,9800,usainstalled,2022,asnew,gas,,2,,,,,true,,,,1,1,10/18/22
10145063,apartment,apartment,675000,forsale,8300,installed,,justrenovated,gas,98,2,,,,,,,,,,,10/18/22
10132453,apartment,apartment,320000,forsale,2018,usahyperequipped,1960,asnew,electric,388,2,,,true,,true,,,,,,10/18/22
10009221,apartment,apartment,182500,forsale,8553,,,asnew,,312,2,,,true,,,,,1,,,10/18/22
10146996,apartment,apartment,560000,forsale,1000,usahyperequipped,2015,asnew,gas,63,2,,,,,true,,,1,1,,10/18/22
10135378,apartment,flatstudio,179000,forsale,1020,hyperequipped,1950,asnew,electric,143,0,,,true,,,,,,,,10/18/22
10059793,apartment,apartment,230000,forsale,2170,,,asnew,gas,251,2,,,,,true,,,,1,,10/18/22
10134722,apartment,apartment,249000,forsale,3010,,1967,good,,263,3,,,,,,,,1,,,10/18/22
10134226,apartment,apartment,315000,forsale,2610,,1964,,gas,390,3,,,true,,true,,,,,,10/18/22
10134084,apartment,triplex,330000,forsale,1653,installed,,good,fueloil,397,4,,,true,,true,true,,,,,10/18/22
10158182,house,house,240000,forsale,5300,installed,,justrenovated,fueloil,299,2,300,true,true,,true,true,,1,2,,10/18/22
9625357,house,house,131000,forsale,2550,notinstalled,1930,,gas,371,3,1664,,true,1100,true,,,1,,,10/18/22
10158172,apartment,apartment,260000,forsale,8870,installed,2020,good,gas,47,2,,,,,true,,,,,,10/18/22
10158154,house,house,290000,forsale,7900,installed,2021,,gas,,3,515,true,,,,,,,2,1,10/18/22
10158153,house,bungalow,445000,forsale,1410,hyperequipped,1973,good,electric,555,2,681,true,,500,true,,,2,3,,10/18/22
10158149,apartment,flatstudio,59000,forsale,4000,notinstalled,,tobedoneup,,251,1,,,,,,,,,,,10/18/22
9641565,house,house,184000,forsale,2550,,,good,gas,,5,155,,true,,true,,,,1,,10/18/22
10121293,house,house,275000,forsale,1420,,,torenovate,fueloil,515,2,207,,,100,,true,,,,,10/18/22
10135404,apartment,apartment,495000,forsale,8000,installed,1994,tobedoneup,gas,,4,,,,,true,,,1,,,10/18/22
10153427,apartment,kot,129000,forsale,1000,hyperequipped,2018,asnew,,,1,,,,,,,,,,,10/18/22
10152681,apartment,duplex,165000,forsale,3300,installed,1899,good,,330,1,,,,,,,,,,,10/18/22
10141045,apartment,apartment,230500,forsale,2230,,2021,asnew,gas,,1,,,,,true,,,,,1,10/18/22
10151700,apartment,duplex,259000,forsale,8820,usainstalled,2007,asnew,,132,2,,,,,true,,,1,1,,10/18/22
10152680,apartment,apartment,320000,forsale,3020,installed,2010,good,,158,2,,,,,true,,,1,,,10/18/22
10138486,apartment,apartment,150000,forsale,4000,notinstalled,1965,torenovate,gas,171,2,,,true,,,,,,,,10/18/22
10138261,apartment,apartment,159000,forsale,9500,installed,1963,asnew,gas,144,2,,,,,true,,,,1,,10/18/22
9980477,apartment,apartment,185000,forsale,4500,installed,2022,,gas,66,1,,,true,250,true,,,,1,1,10/18/22
9846090,apartment,apartment,185000,forsale,9600,installed,2019,asnew,gas,,1,,,,,true,,,,,1,10/18/22
9932803,apartment,apartment,199500,forsale,9600,installed,2022,,gas,69,1,,,,,true,,,,,1,10/18/22
9009618,apartment,groundfloor,213000,forsale,4100,semiequipped,,,gas,,2,,,true,,true,,,,1,1,10/18/22
9009631,apartment,groundfloor,218000,forsale,4100,semiequipped,,,gas,,2,,,true,,true,,,,1,1,10/18/22
9009630,apartment,groundfloor,218000,forsale,4100,semiequipped,,,gas,,2,,,true,,true,,,,1,1,10/18/22
9681244,apartment,apartment,219000,forsale,9600,,2022,,gas,,3,,,,,,,,,,1,10/18/22
10138383,apartment,apartment,219900,forsale,2600,installed,,justrenovated,gas,341,2,,,true,,true,,,,,,10/18/22
9009632,apartment,groundfloor,229500,forsale,4100,semiequipped,,,gas,,2,,,true,,true,,,,1,1,10/18/22
9009617,apartment,groundfloor,235000,forsale,4100,semiequipped,,,gas,,2,,,true,,true,,,,1,1,10/18/22
9765902,apartment,apartment,249000,forsale,2830,installed,2022,,,,2,,,,29,true,,,,,1,10/18/22
9009616,apartment,groundfloor,251000,forsale,4100,semiequipped,,,gas,,2,,,true,,true,,,,1,1,10/18/22
10082333,apartment,apartment,298000,forsale,9950,installed,2022,asnew,solar,,2,,,,,true,,,,,1,10/18/22
9763244,apartment,apartment,319000,forsale,2950,installed,2022,asnew,gas,,2,,,true,,true,,,,1,1,10/18/22
10127624,apartment,penthouse,377000,forsale,1435,installed,2022,,gas,,2,,,true,174,true,,,,1,1,10/18/22
10125343,apartment,penthouse,377000,forsale,1435,installed,2022,,gas,,2,,,true,174,true,,,,1,1,10/18/22
9829360,apartment,apartment,395000,forsale,2140,hyperequipped,2021,asnew,gas,,3,,,,,true,,,,1,1,10/18/22
9758065,apartment,penthouse,427000,forsale,9950,installed,2022,asnew,solar,,3,,,,,true,,,,,1,10/18/22
9758059,apartment,penthouse,475000,forsale,9950,installed,2022,asnew,solar,,3,,,,,true,,,,,1,10/18/22
9995359,apartment,apartment,496150,forsale,1410,usahyperequipped,2022,asnew,gas,,3,,,true,,true,,,,1,1,10/18/22
9758087,apartment,penthouse,545000,forsale,9950,installed,2022,asnew,solar,,3,,,,,true,,,,,1,10/18/22
9059585,apartment,apartment,3297000,forsale,1000,,2018,,gas,63,3,,,,,true,,,4,50,1,10/18/22
10158182,house,house,240000,forsale,5300,installed,,justrenovated,fueloil,299,2,300,true,true,,true,true,,1,2,,10/18/22
9625357,house,house,131000,forsale,2550,notinstalled,1930,,gas,371,3,1664,,true,1100,true,,,1,,,10/18/22
10158172,apartment,apartment,260000,forsale,8870,installed,2020,good,gas,47,2,,,,,true,,,,,,10/18/22
10158154,house,house,290000,forsale,7900,installed,2021,,gas,,3,515,true,,,,,,,2,1,10/18/22
10158153,house,bungalow,445000,forsale,1410,hyperequipped,1973,good,electric,555,2,681,true,,500,true,,,2,3,,10/18/22
10158149,apartment,flatstudio,59000,forsale,4000,notinstalled,,tobedoneup,,251,1,,,,,,,,,,,10/18/22
9641565,house,house,184000,forsale,2550,,,good,gas,,5,155,,true,,true,,,,1,,10/18/22
10121293,house,house,275000,forsale,1420,,,torenovate,fueloil,515,2,207,,,100,,true,,,,,10/18/22
10151742,apartmentgroup,apartmentgroup,112000-291000,forsale,1360,,,,,,,,,,,,,,,,1,10/18/22
10152249,apartmentgroup,apartmentgroup,226000-287000,forsale,6792,,,,,,,,,,,,,,,,1,10/18/22
10151936,apartmentgroup,apartmentgroup,262000-377000,forsale,2830,,,,,,,,,,,,,,,,1,10/18/22
10152494,apartmentgroup,apartmentgroup,280000-635000,forsale,8450,,,,,,,,,,,,,,,,1,10/18/22
10157968,apartment,apartment,180000,forsale,7000,,1980,good,gas,112,3,,,true,,,,,,2,,10/18/22
10100374,apartment,duplex,449000,forsale,2000,usainstalled,1988,good,electric,,2,,,true,,,true,,1,,,10/18/22
10118624,apartment,duplex,290000,forsale,2310,semiequipped,1994,good,electric,,3,,,,,true,,,,,,10/18/22
10142794,apartment,apartment,379000,forsale,8370,,1990,,electric,187,2,,,,,true,,,,,,10/18/22
10144507,apartment,apartment,425000,forsale,1030,,2021,,,,3,,,,,,,,,,,10/18/22
10143008,apartment,apartment,550000,forsale,2600,,1977,asnew,gas,196,3,,,true,,true,,,1,1,,10/18/22
10143010,apartment,apartment,595000,forsale,2018,,1938,asnew,,180,3,,,true,,true,,,1,1,,10/18/22
10144262,apartment,apartment,675000,forsale,8300,,,asnew,gas,98,2,,,true,,,true,,,,,10/18/22
10131512,apartment,duplex,260000,forsale,1390,usainstalled,1998,good,fueloil,308,2,,,,,,,,,1,,10/18/22
10057961,apartment,apartment,690000,forsale,8300,installed,2020,asnew,,51,2,,,true,,true,,,1,,,10/18/22
10146792,apartment,apartment,189000,forsale,5080,semiequipped,,torenovate,gas,420,2,,true,,531,,true,,,2,,10/18/22
10146292,apartment,apartment,395000,forsale,8300,,1966,asnew,,212,1,,,true,,,,,,,,10/18/22
10146788,apartment,apartment,419000,forsale,8400,,1998,,,182,2,,,true,,true,,,,,,10/18/22
10134212,apartment,penthouse,432500,forsale,9150,hyperequipped,2023,asnew,electric,,2,,,,,true,,,,,1,10/18/22
10146521,apartment,apartment,675000,forsale,8300,hyperequipped,1958,,gas,98,2,,,true,,,,,,,,10/18/22
10133603,apartment,duplex,331000,forsale,9620,hyperequipped,,good,gas,136,4,,true,true,,true,,,,,,10/18/22
10133694,apartment,apartment,489000,forsale,8300,hyperequipped,1976,justrenovated,gas,160,1,,,true,,,,,,,,10/18/22
9961962,apartment,apartment,161879,forsale,9600,,2016,asnew,gas,,2,,,,,,,,1,,,10/18/22
9961960,apartment,apartment,175257,forsale,9600,,2016,asnew,gas,,2,,,,,,,,1,,,10/18/22
10137446,apartment,flatstudio,75000,forsale,1070,,1990,good,,483,1,,,true,,,,,,,,10/18/22
10136868,apartment,apartment,145000,forsale,4020,usainstalled,,asnew,gas,144,1,,,,,true,,,1,,,10/18/22
10136694,apartment,apartment,279000,forsale,8420,installed,1998,good,,436,2,,,,,true,,,1,,,10/18/22
10137836,apartment,penthouse,510000,forsale,1500,,2010,good,,144,3,,,true,,true,,,,1,,10/18/22
9875288,apartmentgroup,apartmentgroup,285000-285000,forsale,8020,,,,,,,,,,,,,,,,1,10/18/22
10150449,apartmentgroup,apartmentgroup,445000-445000,forsale,9080,,,,,,,,,,,,,,,,1,10/18/22
10154794,apartment,apartment,130000,forsale,7370,,,good,gas,434,2,,,,,,,,,1,,10/18/22
10158182,house,house,240000,forsale,5300,installed,,justrenovated,fueloil,299,2,300,true,true,,true,true,,1,2,,10/18/22
9625357,house,house,131000,forsale,2550,notinstalled,1930,,gas,371,3,1664,,true,1100,true,,,1,,,10/18/22
10158172,apartment,apartment,260000,forsale,8870,installed,2020,good,gas,47,2,,,,,true,,,,,,10/18/22
10158154,house,house,290000,forsale,7900,installed,2021,,gas,,3,515,true,,,,,,,2,1,10/18/22
10158153,house,bungalow,445000,forsale,1410,hyperequipped,1973,good,electric,555,2,681,true,,500,true,,,2,3,,10/18/22
10158149,apartment,flatstudio,59000,forsale,4000,notinstalled,,tobedoneup,,251,1,,,,,,,,,,,10/18/22
9641565,house,house,184000,forsale,2550,,,good,gas,,5,155,,true,,true,,,,1,,10/18/22
10121293,house,house,275000,forsale,1420,,,torenovate,fueloil,515,2,207,,,100,,true,,,,,10/18/22
10155691,apartment,apartment,160000,forsale,1480,installed,,good,gas,148,1,,,true,,,,,,,,10/18/22
10155366,apartment,apartment,234000,forsale,5500,,,good,gas,373,3,,,true,100,true,,,1,,,10/18/22
10143222,apartment,apartment,360000,forsale,1390,hyperequipped,,asnew,gas,67,2,,,,,true,,,,1,1,10/18/22
10143223,apartment,duplex,380000,forsale,1390,hyperequipped,,asnew,gas,83,2,,,,,true,true,,,1,1,10/18/22
10143224,apartment,duplex,390000,forsale,1390,hyperequipped,,asnew,gas,76,3,,,,,true,true,,,1,1,10/18/22
10140717,apartment,flatstudio,115000,forsale,2060,hyperequipped,,good,gas,462,1,,,,,,,,,,,10/18/22
10140718,apartment,flatstudio,117500,forsale,2060,installed,,good,gas,437,1,,,,,,,,,,,10/18/22
10142474,apartment,apartment,139000,forsale,8434,installed,1954,good,gas,600,3,,,,,,,,,,,10/18/22
10122927,apartment,apartment,125000,forsale,5000,semiequipped,,good,gas,134,1,,,true,,,,,,,,10/18/22
10102810,apartment,flatstudio,129000,forsale,8434,hyperequipped,2011,good,electric,,0,,,,,true,,,,,,10/18/22
10026126,apartment,apartment,134000,forsale,7080,semiequipped,,good,gas,198,2,,,,,,,,,,,10/18/22
10091346,apartment,serviceflat,135000,forsale,1160,usainstalled,2012,good,electric,268,1,,,,,,,,,,,10/18/22
10122759,apartment,apartment,135000,forsale,2018,installed,2018,good,,79,2,,,,,true,,,,,,10/18/22
9747509,apartment,serviceflat,135000,forsale,9120,installed,1999,good,gas,123,1,,,,,true,,,,,,10/18/22
10063833,apartment,apartment,137000,forsale,2830,installed,2009,good,gas,167,1,,,,,,,,,,,10/18/22
10105464,apartment,flatstudio,137500,forsale,8420,,2005,asnew,,,0,,,,,true,,true,,,,10/18/22
9560986,apartment,flatstudio,138000,forsale,8434,,1967,tobedoneup,fueloil,507,0,,,,,true,,,,,,10/18/22
9778917,apartment,apartment,149000,forsale,8400,installed,1970,good,,598,2,,,true,,,,,,,,10/18/22
9645964,apartment,apartment,168000,forsale,3300,installed,1966,good,,460,2,,,true,,,,,,,,10/18/22
10058150,apartment,apartment,169000,forsale,8380,installed,1961,tobedoneup,gas,174,2,,,,,,,,,,,10/18/22
10073183,apartment,apartment,169000,forsale,9700,,,,gas,94,1,,,,,true,,,,,,10/18/22
9872069,apartment,apartment,169500,forsale,8450,,1996,asnew,gas,143,1,,,,,,,,,,,10/18/22
9180596,apartment,flatstudio,178000,forsale,8400,installed,1980,asnew,electric,159,0,,,,,true,,,,,,10/18/22
10028516,apartment,groundfloor,192139,forsale,8790,hyperequipped,,asnew,gas,,1,,,,,true,,,,,,10/18/22
9818433,apartment,apartment,195500,forsale,1090,installed,1973,tobedoneup,fueloil,148,2,,,,,true,,,,,,10/18/22
10046507,apartment,groundfloor,200000,forsale,1082,,1961,torestore,gas,,2,,,true,,true,,,,,,10/18/22
10095979,apartment,apartment,210946,forsale,8791,installed,,,gas,,2,,,,,true,,,,,,10/18/22
10072997,apartment,kot,219000,forsale,1000,installed,2017,good,,,2,,,,,,,,,,,10/18/22
10072995,apartment,apartment,219000,forsale,1000,installed,2017,good,,,2,,,,,,,,,,,10/18/22
9617221,apartment,groundfloor,219500,forsale,8860,hyperequipped,,asnew,gas,,1,,,,4,true,,,,,,10/18/22
10158182,house,house,240000,forsale,5300,installed,,justrenovated,fueloil,299,2,300,true,true,,true,true,,1,2,,10/18/22
9625357,house,house,131000,forsale,2550,notinstalled,1930,,gas,371,3,1664,,true,1100,true,,,1,,,10/18/22
10158172,apartment,apartment,260000,forsale,8870,installed,2020,good,gas,47,2,,,,,true,,,,,,10/18/22
10158154,house,house,290000,forsale,7900,installed,2021,,gas,,3,515,true,,,,,,,2,1,10/18/22
10158153,house,bungalow,445000,forsale,1410,hyperequipped,1973,good,electric,555,2,681,true,,500,true,,,2,3,,10/18/22
10158149,apartment,flatstudio,59000,forsale,4000,notinstalled,,tobedoneup,,251,1,,,,,,,,,,,10/18/22
9641565,house,house,184000,forsale,2550,,,good,gas,,5,155,,true,,true,,,,1,,10/18/22
10121293,house,house,275000,forsale,1420,,,torenovate,fueloil,515,2,207,,,100,,true,,,,,10/18/22
10097052,apartment,apartment,225000,forsale,5590,installed,2010,asnew,gas,130,2,,,,,true,,,,,,10/18/22
9483884,apartment,apartment,225500,forsale,4100,notinstalled,,,,,2,,,,,true,,,,,,10/18/22
10010142,apartment,flatstudio,229000,forsale,8670,installed,2001,good,,425,0,,,,,true,,,,,,10/18/22
9483883,apartment,apartment,232750,forsale,4100,notinstalled,,,,,2,,,,,true,,,,,,10/18/22
9954910,apartment,apartment,233500,forsale,8200,installed,1965,good,,397,3,,,true,,true,,,,,,10/18/22
10063609,apartment,apartment,239000,forsale,8790,installed,1990,good,,120,2,,,,,true,,,1,,,10/18/22
10114955,apartment,duplex,240000,forsale,9800,hyperequipped,2009,asnew,,213,1,,,,,true,,,,,,10/18/22
9483886,apartment,apartment,243750,forsale,4100,notinstalled,,,,,2,,,,,true,,,,,,10/18/22
9483885,apartment,apartment,243750,forsale,4100,notinstalled,,,,,2,,,,,true,,,,,,10/18/22
10007679,apartment,apartment,249000,forsale,1190,hyperequipped,1953,tobedoneup,fueloil,320,2,,,,,true,,,,,,10/18/22
10022266,apartment,apartment,254000,forsale,6222,notinstalled,,,gas,,2,,,true,,true,,,1,1,,10/18/22
9877438,apartment,groundfloor,259000,forsale,1020,semiequipped,1959,,gas,287,1,,,true,245,true,,,,,,10/18/22
10119726,apartment,apartment,259000,forsale,2940,,1997,good,gas,158,3,,,,,true,,,1,1,,10/18/22
10098628,apartment,apartment,259000,forsale,9100,installed,,,,,1,,,true,,true,,,,,,10/18/22
10108660,apartment,apartment,259000,forsale,9600,,,,gas,,2,,,,,true,,,,,,10/18/22
9750637,apartment,apartment,260000,forsale,8660,installed,2011,asnew,,93.09,2,,,true,,true,,,,,,10/18/22
10018370,apartment,apartment,263000,forsale,8570,installed,2021,asnew,gas,,2,,,,,true,,,,,,10/18/22
10079806,apartment,apartment,264000,forsale,8790,installed,2019,good,,79,1,,,,,true,,,1,,,10/18/22
9865554,apartment,apartment,264885,forsale,8380,usahyperequipped,2019,asnew,gas,,2,,,true,,true,,,,1,,10/18/22
9672274,apartment,apartment,265000,forsale,9700,,2015,asnew,gas,83.24,1,,,,,true,,,,,,10/18/22
9671325,apartment,serviceflat,265000,forsale,9700,,2015,asnew,gas,83.24,1,,,,,true,,,,,,10/18/22
10125295,apartment,apartment,269000,forsale,8400,installed,1979,good,,110,2,,,,,true,,,,,,10/18/22
10053536,apartment,apartment,275000,forsale,9990,installed,2004,good,,81,2,,,,,true,,,1,,,10/18/22
9483878,apartment,apartment,279000,forsale,4100,notinstalled,,,,,2,,,,,true,,,,,,10/18/22
10107279,apartment,apartment,282000,forsale,1000,hyperequipped,2025,asnew,,,1,,,,,true,,,,,,10/18/22
9975522,apartment,apartment,285000,forsale,8370,,1964,asnew,gas,,1,,,true,,true,,,,,,10/18/22
9645972,apartment,apartment,285000,forsale,8460,installed,2009,good,,103,2,,,,,true,,,,,,10/18/22
9937209,apartment,apartment,287500,forsale,8530,installed,2017,asnew,,58,2,,,true,17,true,,,1,1,,10/18/22
10021469,apartment,apartment,289000,forsale,1420,,1933,tobedoneup,gas,351,3,,,,,,,,,,,10/18/22
10035123,apartment,apartment,289900,forsale,2220,semiequipped,2022,,gas,,2,,,,,true,,,,,,10/18/22
10158182,house,house,240000,forsale,5300,installed,,justrenovated,fueloil,299,2,300,true,true,,true,true,,1,2,,10/18/22
9625357,house,house,131000,forsale,2550,notinstalled,1930,,gas,371,3,1664,,true,1100,true,,,1,,,10/18/22
10158172,apartment,apartment,260000,forsale,8870,installed,2020,good,gas,47,2,,,,,true,,,,,,10/18/22
10158154,house,house,290000,forsale,7900,installed,2021,,gas,,3,515,true,,,,,,,2,1,10/18/22
10158153,house,bungalow,445000,forsale,1410,hyperequipped,1973,good,electric,555,2,681,true,,500,true,,,2,3,,10/18/22
10158149,apartment,flatstudio,59000,forsale,4000,notinstalled,,tobedoneup,,251,1,,,,,,,,,,,10/18/22
9641565,house,house,184000,forsale,2550,,,good,gas,,5,155,,true,,true,,,,1,,10/18/22
10121293,house,house,275000,forsale,1420,,,torenovate,fueloil,515,2,207,,,100,,true,,,,,10/18/22
10092591,apartment,penthouse,290000,forsale,1200,hyperequipped,1936,good,,694,2,,,,,true,,,,,,10/18/22
10024775,apartment,apartment,290000,forsale,8570,installed,2021,asnew,gas,,2,,,,,true,,,1,,,10/18/22
9956406,apartment,apartment,295000,forsale,1120,installed,1993,,electric,299,2,,,,,true,,,1,1,,10/18/22
10112719,apartment,groundfloor,295000,forsale,1180,semiequipped,1969,tobedoneup,gas,419,1,,,true,20,true,,,,1,,10/18/22
10096016,apartment,apartment,299000,forsale,1600,installed,2014,good,,71,2,,,true,,true,,,1,,,10/18/22
10072304,apartment,loft,299000,forsale,9620,hyperequipped,,good,gas,,2,,,true,,,,,,1,,10/18/22
9793857,apartment,apartment,300000,forsale,1160,hyperequipped,1965,,fueloil,297,2,,,true,,true,,,,,,10/18/22
7961536,apartment,apartment,305000,forsale,8700,installed,2016,good,gas,70.94,2,,,true,,,,,,,,10/18/22
10058944,apartment,apartment,315000,forsale,1785,installed,2011,good,,119,2,,,true,,true,,,1,1,,10/18/22
9865555,apartment,apartment,316202,forsale,8380,usahyperequipped,2019,asnew,gas,,2,,,true,,true,,,,1,,10/18/22
10056996,apartment,apartment,319000,forsale,1830,hyperequipped,2005,good,,180,2,,,true,,true,,,1,,,10/18/22
10022719,apartment,apartment,334000,forsale,8400,installed,1964,good,,200,3,,,true,,true,,,,,,10/18/22
10008556,apartment,duplex,342000,forsale,3920,hyperequipped,2021,asnew,gas,,2,,true,true,,true,true,,1,,,10/18/22
10027889,apartment,apartment,348740,forsale,2270,installed,2022,,,,3,,,true,69,true,,,1,,,10/18/22
9982866,apartment,apartment,349000,forsale,8660,installed,1962,asnew,,582,2,,,true,,,,,,,,10/18/22
10107758,apartment,apartment,349000,forsale,9600,installed,2022,,gas,,2,,,,,true,,,,,,10/18/22
10085125,apartment,penthouse,350000,forsale,1000,usainstalled,2011,asnew,gas,,1,,,true,,,,,,,,10/18/22
9483887,apartment,apartment,353500,forsale,4100,notinstalled,,,,,3,,,,,true,,,,,,10/18/22
10107962,apartment,apartment,355000,forsale,1000,installed,2022,asnew,,,2,,,,,true,,,,,,10/18/22
10091211,apartment,apartment,355000,forsale,8750,installed,2019,asnew,,67,2,,,,,true,,,1,,,10/18/22
10116631,apartment,apartment,359000,forsale,2600,hyperequipped,1974,justrenovated,gas,,2,,,,,true,,,,,,10/18/22
9973414,apartment,apartment,359500,forsale,2500,usahyperequipped,2021,asnew,gas,,3,,,,,true,,,2,,,10/18/22
9977270,apartment,apartment,359500,forsale,8380,hyperequipped,,asnew,,,2,,,,,true,,,1,,,10/18/22
10107278,apartment,apartment,364000,forsale,1000,hyperequipped,2025,asnew,,,2,,,,,true,,,,,,10/18/22
10126699,apartment,duplex,365000,forsale,1180,usahyperequipped,,justrenovated,gas,,2,,,,,,true,,,,,10/18/22
9977254,apartment,apartment,365000,forsale,8380,hyperequipped,,asnew,,,2,,,,,true,,,1,,,10/18/22
9977253,apartment,apartment,365000,forsale,8380,hyperequipped,,asnew,,,2,,,,,true,,,1,,,10/18/22
9911675,apartment,apartment,365000,forsale,8400,installed,1996,good,,98,2,,,true,,true,,,1,,,10/18/22
10105159,apartment,apartment,365000,forsale,9000,installed,2012,good,,101,2,,,true,,true,,,,2,,10/18/22
9950446,apartment,apartment,375000,forsale,8000,,1972,good,gas,29,2,,,,,,,,,,,10/18/22
10158182,house,house,240000,forsale,5300,installed,,justrenovated,fueloil,299,2,300,true,true,,true,true,,1,2,,10/18/22
9625357,house,house,131000,forsale,2550,notinstalled,1930,,gas,371,3,1664,,true,1100,true,,,1,,,10/18/22
10158172,apartment,apartment,260000,forsale,8870,installed,2020,good,gas,47,2,,,,,true,,,,,,10/18/22
10158154,house,house,290000,forsale,7900,installed,2021,,gas,,3,515,true,,,,,,,2,1,10/18/22
10158153,house,bungalow,445000,forsale,1410,hyperequipped,1973,good,electric,555,2,681,true,,500,true,,,2,3,,10/18/22
10158149,apartment,flatstudio,59000,forsale,4000,notinstalled,,tobedoneup,,251,1,,,,,,,,,,,10/18/22
9641565,house,house,184000,forsale,2550,,,good,gas,,5,155,,true,,true,,,,1,,10/18/22
10121293,house,house,275000,forsale,1420,,,torenovate,fueloil,515,2,207,,,100,,true,,,,,10/18/22
9977273,apartment,apartment,375000,forsale,8380,hyperequipped,,asnew,,,2,,,,,true,,,1,,,10/18/22
9977271,apartment,apartment,379000,forsale,8380,hyperequipped,,asnew,,,2,,,,,true,,,1,,,10/18/22
9977272,apartment,apartment,385000,forsale,8380,hyperequipped,,asnew,,,2,,,,,true,,,1,,,10/18/22
9977179,apartment,apartment,385000,forsale,9000,installed,1972,justrenovated,,438,2,,,,,true,,,1,,,10/18/22
9957841,apartment,apartment,386000,forsale,1050,installed,1970,asnew,,295,2,,,true,,true,,,1,1,,10/18/22
9977276,apartment,apartment,389000,forsale,8380,hyperequipped,,asnew,,,2,,,,,true,,,1,,,10/18/22
10073300,apartment,apartment,395000,forsale,1050,installed,1967,good,,176,2,,,true,,true,true,,,,,10/18/22
10046561,apartment,apartment,395000,forsale,1050,installed,1967,good,,176,2,,,true,,true,true,,,,,10/18/22
9977275,apartment,apartment,395000,forsale,8380,hyperequipped,,asnew,,,2,,,,,true,,,1,,,10/18/22
9977274,apartment,apartment,395000,forsale,8380,hyperequipped,,asnew,,,2,,,,,true,,,1,,,10/18/22
9861673,apartment,penthouse,395000,forsale,8380,installed,,justrenovated,gas,459,2,,,true,,true,,,1,,,10/18/22
10056215,apartment,penthouse,400000,forsale,1325,,2005,,gas,200,3,,,true,,true,,,1,1,,10/18/22
10096583,apartment,apartment,410000,forsale,2600,,1966,asnew,gas,135,3,,,true,,true,,,1,1,,10/18/22
10091155,apartment,apartment,415000,forsale,2018,,1960,good,fueloil,387,4,,,true,,true,,,,,,10/18/22
9974060,apartment,loft,440000,forsale,1020,,,asnew,gas,,3,,,,,true,,,1,,,10/18/22
10122177,apartment,apartment,440000,forsale,8434,,2009,good,gas,72,2,,,,,,,,,,,10/18/22
10126026,apartment,duplex,460000,forsale,2600,,1925,good,gas,189,2,,,true,,true,,,,,,10/18/22
10106217,apartment,penthouse,465000,forsale,1080,,2013,asnew,gas,,3,,,true,,true,true,,2,,,10/18/22
9884767,apartment,apartment,525000,forsale,8300,,1992,asnew,gas,175,2,,,,,,,,,,,10/18/22
10107377,apartment,apartment,539000,forsale,1000,hyperequipped,2025,asnew,,,2,,,,,true,,,,,,10/18/22
10110467,apartment,apartment,545000,forsale,8420,installed,2014,asnew,,85.56,2,,,true,,true,,,1,,,10/18/22
10106950,apartment,penthouse,565000,forsale,1200,,1935,asnew,fueloil,2356,2,,,,,true,,,,,,10/18/22
10129754,apartment,apartment,570500,forsale,9000,,2022,,,,2,,,,,true,,,,,,10/18/22
10078594,apartment,apartment,595000,forsale,2000,,,,gas,115,3,,,,,true,,,1,,,10/18/22
10099623,apartment,duplex,597500,forsale,1050,usahyperequipped,,good,gas,,2,,,,23,true,,,,,,10/18/22
10062143,apartment,duplex,597500,forsale,1050,usahyperequipped,,good,gas,,2,,,,23,true,,,,,,10/18/22
10066830,apartment,apartment,625000,forsale,8300,usahyperequipped,1989,asnew,gas,164,2,,,true,,,,,,,,10/18/22
9978684,apartment,apartment,650000,forsale,8300,hyperequipped,1964,asnew,,200,2,,,true,,true,,,,,,10/18/22
9416390,apartment,apartment,669000,forsale,8300,,1967,asnew,gas,169,3,,,,,,,,,,,10/18/22
9912153,apartment,apartment,675000,forsale,8300,,1967,justrenovated,gas,102,2,,,,,,,,,1,,10/18/22
10158182,house,house,240000,forsale,5300,installed,,justrenovated,fueloil,299,2,300,true,true,,true,true,,1,2,,10/18/22
9625357,house,house,131000,forsale,2550,notinstalled,1930,,gas,371,3,1664,,true,1100,true,,,1,,,10/18/22
10158172,apartment,apartment,260000,forsale,8870,installed,2020,good,gas,47,2,,,,,true,,,,,,10/18/22
10158154,house,house,290000,forsale,7900,installed,2021,,gas,,3,515,true,,,,,,,2,1,10/18/22
10158153,house,bungalow,445000,forsale,1410,hyperequipped,1973,good,electric,555,2,681,true,,500,true,,,2,3,,10/18/22
10158149,apartment,flatstudio,59000,forsale,4000,notinstalled,,tobedoneup,,251,1,,,,,,,,,,,10/18/22
9641565,house,house,184000,forsale,2550,,,good,gas,,5,155,,true,,true,,,,1,,10/18/22
10121293,house,house,275000,forsale,1420,,,torenovate,fueloil,515,2,207,,,100,,true,,,,,10/18/22
9945284,apartment,penthouse,685000,forsale,2547,,2016,asnew,gas,,3,,,true,,true,,,2,,,10/18/22
9076398,apartment,groundfloor,695000,forsale,1150,hyperequipped,2015,asnew,gas,,2,,,true,,true,,,2,1,,10/18/22
9983625,apartment,duplex,695000,forsale,8300,hyperequipped,1992,asnew,gas,204,2,,,true,,true,,,,,,10/18/22
10029749,apartment,apartment,718000,forsale,1000,usahyperequipped,1900,asnew,gas,,2,,,true,,true,,,,,,10/18/22
10079633,apartment,apartment,740000,forsale,1050,,2000,good,gas,423,2,,,,,true,,,,,,10/18/22
10096773,apartment,duplex,945000,forsale,2000,,1900,asnew,gas,129,3,,,true,,true,,,1,1,,10/18/22
10011962,apartment,apartment,999000,forsale,8420,installed,2018,asnew,,129.18,3,,,true,,true,,,1,,,10/18/22
10096196,apartment,penthouse,1050000,forsale,9000,hyperequipped,2022,asnew,gas,,3,,,,,true,,,1,,,10/18/22
10042472,apartment,apartment,1195000,forsale,8301,installed,2007,asnew,gas,74,2,,,,,true,,,,,,10/18/22
9030758,apartment,penthouse,1200000,forsale,2000,,2020,asnew,gas,,3,,,,,true,,,,,,10/18/22
10091674,apartment,penthouse,1390000,forsale,1050,hyperequipped,,asnew,,168,3,,,true,,true,,,,,,10/18/22
10118385,apartment,penthouse,1600000,forsale,8400,installed,1974,good,,144,2,,,true,,true,,,1,,,10/18/22
9863390,apartment,apartment,1900000,forsale,1050,,1903,asnew,gas,,4,,,true,126,true,true,,,,,10/18/22
8951225,apartment,groundfloor,1950000,forsale,1180,hyperequipped,1998,asnew,gas,,4,,,true,1150,true,true,,3,,,10/18/22
10081112,apartment,duplex,2375000,forsale,8300,usahyperequipped,2012,asnew,gas,140,3,,,,,true,,,,,,10/18/22
10145600,apartment,penthouse,150000,forsale,9900,installed,,good,gas,523,1,,,,,true,,,,,,10/18/22
10144916,apartment,apartment,254000,forsale,9000,,1999,asnew,,122,2,,,,,,true,,,,,10/18/22
10145580,apartment,apartment,795000,forsale,8300,usahyperequipped,1992,asnew,gas,256,3,,,,,true,,,,,,10/18/22
10079013,apartment,apartment,249500,forsale,2800,installed,1978,asnew,gas,,2,,,,,true,,,1,,,10/18/22
10132366,apartment,apartment,299000,forsale,2940,hyperequipped,2013,asnew,gas,139,2,,,,,true,,,1,1,,10/18/22
10132923,apartment,apartment,495000,forsale,9052,,2005,asnew,gas,174,3,,,,160,true,,,1,,,10/18/22
10133362,apartment,apartment,749000,forsale,8420,,,asnew,,186,2,,,,,true,,true,,,,10/18/22
10057779,apartment,apartment,890000,forsale,1190,usahyperequipped,1920,asnew,gas,143,2,,,true,,,true,,2,,,10/18/22
10132862,apartment,duplex,1700000,forsale,1180,hyperequipped,2005,asnew,gas,194,3,,,true,,true,true,,2,2,,10/18/22
10149483,apartment,apartment,169000,forsale,6183,hyperequipped,2022,,gas,,1,,,,,true,,,,1,1,10/18/22
10149444,apartment,apartment,169000,forsale,6183,hyperequipped,2022,,gas,,1,,,,,true,,,,1,1,10/18/22
10149484,apartment,apartment,214000,forsale,6183,hyperequipped,2022,,gas,,2,,,,,true,,,,1,1,10/18/22
10149488,apartment,apartment,219000,forsale,6183,hyperequipped,2022,,gas,,2,,,,,true,,,,1,1,10/18/22
10149478,apartment,apartment,219000,forsale,6183,hyperequipped,2022,,gas,,2,,,,,true,,,,1,1,10/18/22
10149430,apartment,apartment,219000,forsale,6183,hyperequipped,2022,,gas,,2,,,,,true,,,,1,1,10/18/22
10158182,house,house,240000,forsale,5300,installed,,justrenovated,fueloil,299,2,300,true,true,,true,true,,1,2,,10/18/22
9625357,house,house,131000,forsale,2550,notinstalled,1930,,gas,371,3,1664,,true,1100,true,,,1,,,10/18/22
10158172,apartment,apartment,260000,forsale,8870,installed,2020,good,gas,47,2,,,,,true,,,,,,10/18/22
10158154,house,house,290000,forsale,7900,installed,2021,,gas,,3,515,true,,,,,,,2,1,10/18/22
10158153,house,bungalow,445000,forsale,1410,hyperequipped,1973,good,electric,555,2,681,true,,500,true,,,2,3,,10/18/22
10158149,apartment,flatstudio,59000,forsale,4000,notinstalled,,tobedoneup,,251,1,,,,,,,,,,,10/18/22
9641565,house,house,184000,forsale,2550,,,good,gas,,5,155,,true,,true,,,,1,,10/18/22
10121293,house,house,275000,forsale,1420,,,torenovate,fueloil,515,2,207,,,100,,true,,,,,10/18/22
10149464,apartment,apartment,224000,forsale,6183,hyperequipped,2022,,gas,,2,,,,,true,,,,1,1,10/18/22
10149427,apartment,apartment,224000,forsale,6183,hyperequipped,2022,,gas,,2,,,,,true,,,,1,1,10/18/22
10149481,apartment,apartment,229000,forsale,6183,hyperequipped,2022,,gas,,2,,,,,true,,,,1,1,10/18/22
10149438,apartment,apartment,229000,forsale,6183,hyperequipped,2022,,gas,,2,,,,,true,,,,1,1,10/18/22
10149494,apartment,apartment,245000,forsale,6183,hyperequipped,2022,,gas,,2,,,,,true,,,,1,1,10/18/22
10149699,apartment,groundfloor,399000,forsale,1325,hyperequipped,2022,asnew,gas,,2,,,,90,true,,,,,1,10/18/22
10149703,apartment,groundfloor,599000,forsale,1325,hyperequipped,2022,asnew,gas,,2,,,,110,true,,,,,1,10/18/22
10147944,apartment,apartment,278500,forsale,2600,installed,1975,,,114,2,,,true,,true,,,1,,,10/18/22
10148383,apartment,apartment,369000,forsale,8310,,2015,,gas,57,2,,,,,true,,,,,,10/18/22
10146954,apartment,apartment,369500,forsale,2600,hyperequipped,,asnew,gas,238,2,,,,,true,,,,,,10/18/22
10148322,apartmentgroup,apartmentgroup,182000-390000,forsale,9340,,,,,,,,,,,,,,,1,1,10/18/22
10082019,apartmentgroup,apartmentgroup,255000-675000,forsale,2930,,,,,,,,,,,,,,,,1,10/18/22
9813083,apartment,apartment,165000,forsale,8520,,,asnew,gas,240,2,,,true,,true,,,1,,,10/18/22
10153061,apartment,apartment,174500,forsale,9450,,1997,asnew,,131,2,,,,,true,,,1,,,10/18/22
10152749,apartment,apartment,209000,forsale,9400,installed,1996,,electric,203,2,,,,,true,,,1,2,,10/18/22
10151449,apartment,apartment,260000,forsale,2060,,,asnew,,140,1,,,,,true,,,,,,10/18/22
10152246,apartment,apartment,345000,forsale,2610,hyperequipped,,justrenovated,,132,1,,,,,,,,,,,10/18/22
10152958,apartment,apartment,428000,forsale,9000,,,asnew,,127,2,,,,,true,,,,,,10/18/22
10151993,apartment,apartment,529000,forsale,2800,usahyperequipped,2021,asnew,,,2,,,,,true,,,,,,10/18/22
10151423,apartment,apartment,650000,forsale,8300,installed,1968,justrenovated,gas,315,2,,,,,,,,1,,,10/18/22
10152080,apartment,apartment,895000,forsale,1050,,,asnew,,185,3,,,,,true,,,,,,10/18/22
9804225,apartment,apartment,184000,forsale,4020,installed,2021,asnew,electric,,1,,,true,,,,,,144,1,10/18/22
9717012,apartment,apartment,212100,forsale,4100,,2021,asnew,gas,,2,,,true,,true,,,1,1,1,10/18/22
9740203,apartment,apartment,230000,forsale,4020,installed,2021,asnew,electric,,2,,,true,,true,,,,144,1,10/18/22
9855136,apartment,groundfloor,245200,forsale,1140,usahyperequipped,2021,asnew,,,1,,,true,,true,,,1,1,1,10/18/22
9717011,apartment,apartment,251300,forsale,4100,,2022,asnew,gas,,2,,,true,,true,,,1,,1,10/18/22
10138208,apartment,apartment,275000,forsale,2500,,2018,asnew,gas,53,2,,,true,,true,,,,1,,10/18/22
9973807,apartment,apartment,285000,forsale,4367,installed,2022,asnew,,,2,,,true,,true,true,,,2,1,10/18/22
9985484,apartment,apartment,289000,forsale,4530,usahyperequipped,2021,,gas,,2,,,true,,true,,,,2,1,10/18/22
9833856,apartment,duplex,299500,forsale,9300,hyperequipped,2021,asnew,,,3,,,true,,true,true,,,,1,10/18/22
10158182,house,house,240000,forsale,5300,installed,,justrenovated,fueloil,299,2,300,true,true,,true,true,,1,2,,10/18/22
9625357,house,house,131000,forsale,2550,notinstalled,1930,,gas,371,3,1664,,true,1100,true,,,1,,,10/18/22
10158172,apartment,apartment,260000,forsale,8870,installed,2020,good,gas,47,2,,,,,true,,,,,,10/18/22
10158154,house,house,290000,forsale,7900,installed,2021,,gas,,3,515,true,,,,,,,2,1,10/18/22
10158153,house,bungalow,445000,forsale,1410,hyperequipped,1973,good,electric,555,2,681,true,,500,true,,,2,3,,10/18/22
10158149,apartment,flatstudio,59000,forsale,4000,notinstalled,,tobedoneup,,251,1,,,,,,,,,,,10/18/22
9641565,house,house,184000,forsale,2550,,,good,gas,,5,155,,true,,true,,,,1,,10/18/22
10121293,house,house,275000,forsale,1420,,,torenovate,fueloil,515,2,207,,,100,,true,,,,,10/18/22
10117999,apartment,apartment,303000,forsale,3020,installed,,,,30,2,,,true,,true,,,1,,1,10/18/22
10118003,apartment,apartment,308000,forsale,3020,installed,,,,30,2,,,true,,true,,,1,,1,10/18/22
10117992,apartment,apartment,319000,forsale,3020,installed,,,,30,2,,,true,,true,,,1,,1,10/18/22
9762568,apartment,apartment,344000,forsale,2600,installed,2020,asnew,,,2,,,,1840,true,,,,,1,10/18/22
9509550,apartment,penthouse,349000,forsale,4800,installed,2021,asnew,,,3,,,true,,true,,,,35,1,10/18/22
9678463,apartment,groundfloor,357000,forsale,1140,usahyperequipped,2021,asnew,,,2,,,true,200,true,,,1,1,1,10/18/22
9857343,apartment,apartment,399000,forsale,1300,usahyperequipped,2022,asnew,gas,,2,,,true,22,true,,,,2,1,10/18/22
9717015,apartment,apartment,416000,forsale,4100,,2022,asnew,gas,,3,,,true,,true,,,1,,1,10/18/22
10041423,apartment,groundfloor,419810,forsale,9300,installed,2022,asnew,gas,50,3,,,true,,true,,,1,,1,10/18/22
10115931,apartment,penthouse,465000,forsale,1780,installed,2022,asnew,gas,,3,,,true,,true,,,1,,1,10/18/22
9828174,apartment,penthouse,564000,forsale,4000,installed,2020,asnew,electric,,3,,,true,,true,,,,,1,10/18/22
10123650,apartment,apartment,595000,forsale,1300,installed,2023,,gas,,3,,,,,true,,,1,,1,10/18/22
10117099,apartment,apartment,625000,forsale,8400,hyperequipped,2023,asnew,,,2,,,true,,true,,,1,1,1,10/18/22
10138552,apartment,apartment,795000,forsale,8300,installed,1976,,gas,164,2,,,,,,,,,,,10/18/22
10112467,apartment,penthouse,1100000,forsale,1180,usahyperequipped,2022,,,55,3,,,true,,true,,,,1,1,10/18/22
9846439,apartment,penthouse,1750000,forsale,1180,hyperequipped,2023,,,,3,,,true,,true,true,,,2,1,10/18/22
9846310,apartment,penthouse,1750000,forsale,1180,hyperequipped,2023,,,,3,,,true,,true,true,,,2,1,10/18/22
9943269,apartment,apartment,325000,forsale,8710,installed,2013,asnew,,133,7,,,,,true,,,,1,,10/18/22
10157659,apartment,apartment,369500,forsale,8000,hyperequipped,2021,,gas,,2,,,,,true,,,,,,10/18/22
10053545,apartment,apartment,200000,forsale,5540,installed,1918,,fueloil,421,2,,,true,675,true,,,1,1,,10/18/22
10130843,apartment,apartment,259000,forsale,9000,,1976,good,,89,1,,,,,true,,,,,,10/18/22
10130090,apartment,apartment,269000,forsale,8370,installed,1965,,gas,191,2,,,true,,,,,,,,10/18/22
10019262,apartment,apartment,275000,forsale,2930,,2013,,gas,85.42,1,,,,,true,,,,,,10/18/22
10131782,apartment,apartment,290000,forsale,8660,installed,1989,tobedoneup,electric,304,2,,,,,,,,,1,,10/18/22
10131916,apartment,apartment,315000,forsale,8620,,2001,asnew,,490,2,,,true,,,,,,,,10/18/22
10130827,apartment,apartment,330000,forsale,1160,,1961,,gas,218,2,,,true,,,,,1,,,10/18/22
10130369,apartment,duplex,345000,forsale,1640,semiequipped,,torenovate,gas,546,4,,,,,,,,,,,10/18/22
10132013,apartment,loft,565000,forsale,8500,hyperequipped,1908,asnew,gas,125,2,,,,,,,,,,,10/18/22
10146622,apartment,apartment,229000,forsale,9270,installed,1998,good,,191,2,,,,,true,,,,1,,10/18/22
10146607,apartment,apartment,285000,forsale,8450,,2007,asnew,gas,,2,,,,,true,,,,,,10/18/22
10158182,house,house,240000,forsale,5300,installed,,justrenovated,fueloil,299,2,300,true,true,,true,true,,1,2,,10/18/22
9625357,house,house,131000,forsale,2550,notinstalled,1930,,gas,371,3,1664,,true,1100,true,,,1,,,10/18/22
10158172,apartment,apartment,260000,forsale,8870,installed,2020,good,gas,47,2,,,,,true,,,,,,10/18/22
10158154,house,house,290000,forsale,7900,installed,2021,,gas,,3,515,true,,,,,,,2,1,10/18/22
10158153,house,bungalow,445000,forsale,1410,hyperequipped,1973,good,electric,555,2,681,true,,500,true,,,2,3,,10/18/22
10158149,apartment,flatstudio,59000,forsale,4000,notinstalled,,tobedoneup,,251,1,,,,,,,,,,,10/18/22
9641565,house,house,184000,forsale,2550,,,good,gas,,5,155,,true,,true,,,,1,,10/18/22
10121293,house,house,275000,forsale,1420,,,torenovate,fueloil,515,2,207,,,100,,true,,,,,10/18/22
10134988,apartment,apartment,295000,forsale,9500,hyperequipped,,asnew,gas,,2,,,true,,true,,,1,1,1,10/18/22
10152347,apartment,apartment,399000,forsale,1325,installed,2021,,gas,,1,,,,90,true,true,,1,1,1,10/18/22
10152349,apartment,apartment,599000,forsale,1325,installed,2021,,gas,,2,,,,110,true,true,,2,2,1,10/18/22
10094382,apartment,duplex,289000,forsale,8400,,2001,good,electric,195,4,,,,,,,,,,,10/18/22
10002593,apartment,apartment,335000,forsale,8620,,1992,asnew,,272,2,,,true,,true,,,,,,10/18/22
10035857,apartment,apartment,335000,forsale,8620,,1992,asnew,,272,2,,,true,,true,,,,,,10/18/22
10063532,apartment,apartment,365000,forsale,1050,installed,2006,asnew,gas,,2,,,true,,,,,1,,,10/18/22
10139402,apartment,duplex,485000,forsale,1210,hyperequipped,,asnew,,,4,,,true,,true,,,,,1,10/18/22
10136158,apartment,apartment,226000,forsale,9300,hyperequipped,2010,asnew,gas,158,1,,,,,true,,,,,,10/18/22
10136949,apartment,apartment,229000,forsale,8530,hyperequipped,2013,,,99,1,,,,,true,,,,,,10/18/22
10136946,apartment,apartment,229000,forsale,9850,installed,2010,,,127,1,,,,,,,,1,,,10/18/22
10135869,apartment,apartment,275000,forsale,9120,,,asnew,electric,259,2,,,,,true,,,1,,,10/18/22
10157661,apartment,apartment,359850,forsale,8490,hyperequipped,2021,,,,2,,,,,true,,,,,1,10/18/22
10154750,apartment,apartment,369900,forsale,2610,installed,,justrenovated,,210,2,,,,,true,,,,,,10/18/22
10140821,apartment,apartment,85000,forsale,6001,,,tobedoneup,,541,1,,,true,,true,,,1,,,10/18/22
10140818,apartment,duplex,125000,forsale,5630,installed,,good,electric,314,2,,,true,,,,,,2,,10/18/22
10140819,apartment,duplex,145000,forsale,5630,installed,,good,electric,249,3,,,true,,,,,,2,,10/18/22
10140406,apartment,apartment,175000,forsale,8470,installed,,justrenovated,gas,288,3,,,,,,,,,,,10/18/22
10140682,apartment,apartment,185000,forsale,9300,hyperequipped,,good,gas,189,2,,,true,,true,,,1,1,,10/18/22
10140817,apartment,groundfloor,220000,forsale,5630,installed,,good,fueloil,236,3,,,true,170,true,,,2,,,10/18/22
10140937,apartment,apartment,260000,forsale,1180,,1973,tobedoneup,,136,2,,,,,true,,,,1,,10/18/22
10140762,apartment,apartment,288000,forsale,2800,,1975,torenovate,,265,3,,,true,,true,,,1,,,10/18/22
10141473,apartment,apartment,349000,forsale,8370,installed,1956,good,gas,164,4,,,true,,true,,,,,,10/18/22
10140336,apartment,apartment,425000,forsale,9000,,,asnew,,189,3,,,,,true,,,,,,10/18/22
10141362,apartment,apartment,540000,forsale,1180,,1975,asnew,electric,,3,,,true,,true,,,1,1,,10/18/22
10140359,apartment,apartment,575000,forsale,9000,installed,2008,,gas,107,2,,,,,true,,,,,,10/18/22
10070753,apartment,duplex,80000,forsale,6790,,2007,,electric,279,3,,,,,true,,,1,1,,10/18/22
10099136,apartment,apartment,80000,forsale,7100,semiequipped,,good,electric,277,1,,,,,,,,,,,10/18/22
9777331,apartment,flatstudio,86000,forsale,8370,,1959,good,,346,0,,,,,,,,,,,10/18/22
10058361,apartment,apartment,90000,forsale,7130,installed,,justrenovated,gas,445,1,,,,,,,,,,,10/18/22
10158182,house,house,240000,forsale,5300,installed,,justrenovated,fueloil,299,2,300,true,true,,true,true,,1,2,,10/18/22
9625357,house,house,131000,forsale,2550,notinstalled,1930,,gas,371,3,1664,,true,1100,true,,,1,,,10/18/22
10158172,apartment,apartment,260000,forsale,8870,installed,2020,good,gas,47,2,,,,,true,,,,,,10/18/22
10158154,house,house,290000,forsale,7900,installed,2021,,gas,,3,515,true,,,,,,,2,1,10/18/22
10158153,house,bungalow,445000,forsale,1410,hyperequipped,1973,good,electric,555,2,681,true,,500,true,,,2,3,,10/18/22
10158149,apartment,flatstudio,59000,forsale,4000,notinstalled,,tobedoneup,,251,1,,,,,,,,,,,10/18/22
9641565,house,house,184000,forsale,2550,,,good,gas,,5,155,,true,,true,,,,1,,10/18/22
10121293,house,house,275000,forsale,1420,,,torenovate,fueloil,515,2,207,,,100,,true,,,,,10/18/22
9911837,apartment,flatstudio,94950,forsale,9900,installed,1981,good,electric,188,1,,,,,,,,,,,10/18/22
10073980,apartment,apartment,95000,forsale,6530,installed,1993,torenovate,electric,228,2,,,true,,,,,1,,,10/18/22
10103747,apartment,apartment,95000,forsale,8800,,1972,torenovate,,277,1,,,,,true,,,,,,10/18/22
10128511,apartment,apartment,99000,forsale,4000,,,asnew,gas,289,1,,,true,,,,,,,,10/18/22
9932865,apartment,apartment,99000,forsale,4020,,,,,446,2,,,true,,,,,,,,10/18/22
10020038,apartment,duplex,99000,forsale,6141,notinstalled,,torenovate,,307,3,,,,,true,,,,,,10/18/22
10038375,apartment,apartment,99000,forsale,7100,semiequipped,1977,good,gas,384,1,,,true,,,,,,,,10/18/22
10075144,apartment,flatstudio,116000,forsale,4000,,,good,gas,149,1,,,true,,true,,,,,,10/18/22
9880964,apartment,flatstudio,119000,forsale,8670,,1970,tobedoneup,electric,617,0,,,true,,true,,,,,,10/18/22
10072996,apartment,apartment,129000,forsale,1000,hyperequipped,2017,asnew,,,1,,,,,true,,,,,,10/18/22
10072753,apartment,kot,129000,forsale,1000,hyperequipped,2017,asnew,,,1,,,,,true,,,,,,10/18/22
9960614,apartment,flatstudio,129000,forsale,2140,installed,1974,tobedoneup,fueloil,304,0,,,true,,,,,1,,,10/18/22
10032249,apartment,apartment,129000,forsale,8370,,1965,torenovate,gas,137,1,,,true,,,,,,,,10/18/22
10093718,apartment,apartment,129000,forsale,8430,,1965,good,gas,223,0,,,,,,,,,,,10/18/22
10028122,apartment,apartment,130000,forsale,7340,installed,,good,gas,377,2,,,,,,,,,,,10/18/22
10125794,apartment,apartment,139000,forsale,8800,notinstalled,1991,tobedoneup,electric,562,2,,,,,,,,,,,10/18/22
10068728,apartment,penthouse,140000,forsale,6001,,1938,torenovate,,504,3,,,true,,,,,,,,10/18/22
10062923,apartment,apartment,144000,forsale,8450,installed,1994,justrenovated,gas,295,2,,,,,true,,,,,,10/18/22
9976982,apartment,flatstudio,145000,forsale,1140,,1970,,fueloil,270,0,,,true,,true,,,,,,10/18/22
10077865,apartment,apartment,147000,forsale,8434,,1978,asnew,,280,1,,,true,,true,,,,,,10/18/22
10025876,apartment,apartment,149000,forsale,4040,,1970,good,fueloil,329,2,,,true,,true,,,,,,10/18/22
10025211,apartment,apartment,149000,forsale,5500,,2008,good,gas,134,1,,,,,,,,,1,,10/18/22
9930007,apartment,apartment,149900,forsale,7170,installed,,asnew,gas,222,1,,,true,,,,,,,,10/18/22
9117455,apartment,serviceflat,149900,forsale,8310,installed,1974,asnew,gas,301,1,,,,,,,,,,,10/18/22
10064296,apartment,apartment,150000,forsale,8650,,2001,good,gas,153,2,,,,,,,,1,,,10/18/22
10114523,apartment,apartment,150000,forsale,8870,installed,1970,justrenovated,gas,472,2,,,,,true,,,,,,10/18/22
10078580,apartment,apartment,150500,forsale,1050,,,good,gas,242,1,,,true,,,,,,,,10/18/22
10059205,apartment,apartment,155000,forsale,8370,,1961,tobedoneup,,185,2,,,true,,true,,,,,,10/18/22
10048817,apartment,apartment,155000,forsale,8420,,2008,asnew,,208,1,,,,,,,,,,,10/18/22
9750120,apartment,apartment,165000,forsale,1000,usainstalled,,good,gas,344,1,,,true,,true,,,,,,10/18/22
10158182,house,house,240000,forsale,5300,installed,,justrenovated,fueloil,299,2,300,true,true,,true,true,,1,2,,10/18/22
9625357,house,house,131000,forsale,2550,notinstalled,1930,,gas,371,3,1664,,true,1100,true,,,1,,,10/18/22
10158172,apartment,apartment,260000,forsale,8870,installed,2020,good,gas,47,2,,,,,true,,,,,,10/18/22
10158154,house,house,290000,forsale,7900,installed,2021,,gas,,3,515,true,,,,,,,2,1,10/18/22
10158153,house,bungalow,445000,forsale,1410,hyperequipped,1973,good,electric,555,2,681,true,,500,true,,,2,3,,10/18/22
10158149,apartment,flatstudio,59000,forsale,4000,notinstalled,,tobedoneup,,251,1,,,,,,,,,,,10/18/22
9641565,house,house,184000,forsale,2550,,,good,gas,,5,155,,true,,true,,,,1,,10/18/22
10121293,house,house,275000,forsale,1420,,,torenovate,fueloil,515,2,207,,,100,,true,,,,,10/18/22
9886145,apartment,apartment,165000,forsale,8530,,,asnew,gas,230,1,,,,,,,,1,,,10/18/22
10025875,apartment,apartment,167000,forsale,4040,,1970,good,fueloil,329,2,,,true,,true,,,1,,,10/18/22
9714511,apartment,apartment,168000,forsale,2140,semiequipped,,,gas,194,2,,,true,,true,,,,,,10/18/22
9950051,apartment,apartment,169000,forsale,2100,,1969,,gas,290,2,,,true,,,,,1,,,10/18/22
9948426,apartment,apartment,169000,forsale,8800,installed,1966,asnew,,187,2,,,,,true,,,,1,,10/18/22
9888935,apartment,apartment,169900,forsale,2140,installed,,good,gas,366,1,,,,,true,,,,,,10/18/22
9839415,apartment,duplex,170000,forsale,4171,,,justrenovated,pellet,225,2,,,true,,true,,,,,,10/18/22
9398351,apartment,apartment,170000,forsale,6980,installed,,asnew,fueloil,756,2,,,,,true,,,,,,10/18/22
9153092,apartment,serviceflat,172500,forsale,9120,usahyperequipped,,asnew,gas,305,1,,,true,400,true,,,1,3,,10/18/22
10009233,apartment,apartment,173000,forsale,8370,,1976,asnew,,119,1,,,,,true,,,,,,10/18/22
10048640,apartment,apartment,175000,forsale,5310,installed,1989,good,,157,2,,,true,,true,,,1,,,10/18/22
9942228,apartment,apartment,175000,forsale,5310,installed,1989,good,,166,2,,,,,true,,,1,,,10/18/22
10044981,apartment,apartment,175000,forsale,8370,hyperequipped,2011,asnew,electric,182,1,,,,,,,,,,,10/18/22
10010448,apartment,flatstudio,175000,forsale,8370,installed,1988,asnew,electric,247,0,,,true,,,,,,,,10/18/22
10101526,apartment,apartment,175000,forsale,8400,,1979,,gas,320,2,,,,,,,,,,,10/18/22
9933743,apartment,apartment,175000,forsale,9500,,1980,justrenovated,gas,229,2,,,,,true,,,1,,,10/18/22
10064500,apartment,apartment,179000,forsale,8790,,1997,asnew,,106,2,,,,,true,,,,,,10/18/22
10128226,apartment,apartment,179000,forsale,9200,,1967,,fueloil,114,2,,,true,,true,,,1,1,,10/18/22
9112345,apartment,groundfloor,179500,forsale,8470,hyperequipped,,asnew,,,1,,,,,true,,,,,,10/18/22
9710463,apartment,apartment,179900,forsale,8370,installed,1962,asnew,electric,619,2,,,,,,,,,,,10/18/22
10059420,apartment,serviceflat,180000,forsale,1050,installed,1972,tobedoneup,,,1,,,,,true,,,,1,,10/18/22
9803729,apartment,apartment,180000,forsale,8434,installed,,asnew,electric,233,1,,,true,,,,,,,,10/18/22
10060195,apartment,apartment,185000,forsale,2300,hyperequipped,1955,asnew,,426,2,,,,,true,,,,,,10/18/22
10030781,apartment,flatstudio,185000,forsale,5000,,,good,,184,1,,,,,,,,,,,10/18/22
9536611,apartment,apartment,185000,forsale,7134,semiequipped,,good,gas,231,2,,,,,true,,,3,,,10/18/22
9986340,apartment,apartment,185000,forsale,9300,,1967,,,128,2,,,,,,,,,,,10/18/22
9867628,apartment,apartment,189900,forsale,2140,installed,,good,gas,214,2,,,true,,true,,,,,,10/18/22
10059419,apartment,serviceflat,190000,forsale,1050,installed,1972,tobedoneup,,,1,,,true,,true,,,,1,,10/18/22
10022160,apartment,apartment,190000,forsale,5000,notinstalled,1948,,,216,2,,,true,,true,,,,,,10/18/22
10097016,apartment,apartment,190000,forsale,7020,,2010,good,gas,104,2,,,true,,,,,,1,,10/18/22
10158182,house,house,240000,forsale,5300,installed,,justrenovated,fueloil,299,2,300,true,true,,true,true,,1,2,,10/18/22
9625357,house,house,131000,forsale,2550,notinstalled,1930,,gas,371,3,1664,,true,1100,true,,,1,,,10/18/22
10158172,apartment,apartment,260000,forsale,8870,installed,2020,good,gas,47,2,,,,,true,,,,,,10/18/22
10158154,house,house,290000,forsale,7900,installed,2021,,gas,,3,515,true,,,,,,,2,1,10/18/22
10158153,house,bungalow,445000,forsale,1410,hyperequipped,1973,good,electric,555,2,681,true,,500,true,,,2,3,,10/18/22
10158149,apartment,flatstudio,59000,forsale,4000,notinstalled,,tobedoneup,,251,1,,,,,,,,,,,10/18/22
9641565,house,house,184000,forsale,2550,,,good,gas,,5,155,,true,,true,,,,1,,10/18/22
10121293,house,house,275000,forsale,1420,,,torenovate,fueloil,515,2,207,,,100,,true,,,,,10/18/22
10018996,apartment,apartment,195000,forsale,1400,installed,,good,gas,256,3,,,true,,true,,,,,,10/18/22
10017111,apartment,apartment,195000,forsale,3700,,1993,,gas,182,2,,,,,,,,,,,10/18/22
9744563,apartment,flatstudio,195000,forsale,8400,installed,2019,,gas,178,0,,,,,,,,,,,10/18/22
9999004,apartment,apartment,195000,forsale,8620,semiequipped,1981,tobedoneup,electric,249,1,,,,,true,,,,1,,10/18/22
10071837,apartment,duplex,199000,forsale,4130,installed,,asnew,gas,202,1,,,,,true,,,,1,,10/18/22
10073750,apartment,apartment,199000,forsale,8800,usainstalled,2015,,gas,102,1,,,true,,true,,,,1,,10/18/22
10014636,apartment,apartment,199000,forsale,8800,usainstalled,2015,,gas,102,1,,,true,,true,,,,1,,10/18/22
9481441,apartment,serviceflat,200000,forsale,1050,hyperequipped,1972,good,,,1,,,true,,true,,,,1,,10/18/22
9419733,apartment,duplex,201200,forsale,8434,hyperequipped,,asnew,gas,,1,,,,,true,,,,,,10/18/22
9970520,apartment,apartment,204000,forsale,8580,,,asnew,gas,216,2,,,,,,,,1,,,10/18/22
10114524,apartment,apartment,209000,forsale,8870,hyperequipped,1970,justrenovated,gas,430,2,,,,,true,,,,,,10/18/22
10117784,apartment,apartment,210000,forsale,1070,installed,1967,,gas,245,2,,,true,,true,,,,,,10/18/22
10025306,apartment,apartment,210000,forsale,1080,installed,1960,good,,125,2,,,true,,true,,,1,1,,10/18/22
10038862,apartment,apartment,210000,forsale,1501,,1994,good,electric,227,2,,,true,,true,,,1,,,10/18/22
10129930,apartment,groundfloor,214000,forsale,2940,hyperequipped,1970,asnew,gas,151,1,,,,60,true,,,1,1,,10/18/22
10008838,apartment,flatstudio,215000,forsale,1000,,1978,good,gas,131,1,,,,,,,,,,,10/18/22
9531258,apartment,apartment,215000,forsale,8400,,2001,,gas,135,2,,,,,true,,,,,,10/18/22
10060225,apartment,apartment,215500,forsale,9800,semiequipped,,justrenovated,gas,157,2,,,,,,,,,,,10/18/22
10052384,apartment,apartment,219000,forsale,2930,semiequipped,,torenovate,gas,199,2,,,true,,,,,,,,10/18/22
9880651,apartment,apartment,219000,forsale,4430,installed,1991,good,electric,189,3,,,true,,,true,,1,1,,10/18/22
10071458,apartment,apartment,219000,forsale,8870,installed,,asnew,gas,80,2,,,,,true,,,1,,,10/18/22
10028571,apartment,apartment,219000,forsale,9320,,1993,,gas,116,2,,,,,,,,,,,10/18/22
9998863,apartment,apartment,220000,forsale,2600,installed,1972,,gas,104,2,,,true,,true,,,,,,10/18/22
9773961,apartment,apartment,220000,forsale,9800,,2012,asnew,,79,1,,,,,,,,,,,10/18/22
10109058,apartment,apartment,222000,forsale,8530,,2015,asnew,,95,2,,,,,true,,,1,,,10/18/22
10106532,apartment,apartment,225000,forsale,2170,,,justrenovated,gas,259,2,,,,,true,,,,,,10/18/22
10120025,apartment,apartment,225000,forsale,9255,hyperequipped,1999,,gas,233,1,,,,,,,,1,1,,10/18/22
9773962,apartment,apartment,225000,forsale,9800,,2012,asnew,,96,1,,,,,,,,,,,10/18/22
9299541,apartment,groundfloor,227500,forsale,8470,hyperequipped,,asnew,,,2,,,,,true,,,,,,10/18/22
10125898,apartment,groundfloor,229000,forsale,1083,,1959,,gas,357,2,,,true,,true,,,,,,10/18/22
10158182,house,house,240000,forsale,5300,installed,,justrenovated,fueloil,299,2,300,true,true,,true,true,,1,2,,10/18/22
9625357,house,house,131000,forsale,2550,notinstalled,1930,,gas,371,3,1664,,true,1100,true,,,1,,,10/18/22
10158172,apartment,apartment,260000,forsale,8870,installed,2020,good,gas,47,2,,,,,true,,,,,,10/18/22
10158154,house,house,290000,forsale,7900,installed,2021,,gas,,3,515,true,,,,,,,2,1,10/18/22
10158153,house,bungalow,445000,forsale,1410,hyperequipped,1973,good,electric,555,2,681,true,,500,true,,,2,3,,10/18/22
10158149,apartment,flatstudio,59000,forsale,4000,notinstalled,,tobedoneup,,251,1,,,,,,,,,,,10/18/22
9641565,house,house,184000,forsale,2550,,,good,gas,,5,155,,true,,true,,,,1,,10/18/22
10121293,house,house,275000,forsale,1420,,,torenovate,fueloil,515,2,207,,,100,,true,,,,,10/18/22
10126003,apartment,apartment,229000,forsale,2610,installed,,justrenovated,gas,442,2,,,true,,true,,,,,,10/18/22
9552582,apartment,groundfloor,234000,forsale,8470,hyperequipped,,asnew,,,2,,,,,true,,,,,,10/18/22
10128652,apartment,apartment,235000,forsale,1080,,1969,good,gas,193,1,,,,1,true,,,,,,10/18/22
9947804,apartment,apartment,235000,forsale,8370,installed,2019,,gas,,1,,,,,true,,,,,,10/18/22
9884842,apartment,duplex,235000,forsale,8400,,2013,asnew,gas,107.83,2,,,,,true,,,,,,10/18/22
10126002,apartment,apartment,238000,forsale,2610,installed,,justrenovated,gas,101,2,,,true,,true,,,,,,10/18/22
10101445,apartment,flatstudio,238500,forsale,1410,usahyperequipped,2016,asnew,,,1,,,,,,,,,,,10/18/22
9104735,apartment,groundfloor,239500,forsale,8470,hyperequipped,,asnew,,,2,,,,,true,,,,,,10/18/22
10020291,apartment,apartment,243000,forsale,9600,,2011,asnew,gas,115,2,,,,,true,,,2,,,10/18/22
10101011,apartment,apartment,245000,forsale,1080,usahyperequipped,1997,asnew,electric,,2,,,,,true,,,1,,,10/18/22
10020729,apartment,apartment,245000,forsale,2100,,1971,good,gas,196,2,,,true,,true,,,,1,,10/18/22
9947809,apartment,apartment,245000,forsale,8370,installed,2019,,gas,,1,,,,,true,,,,,,10/18/22
10126001,apartment,apartment,248000,forsale,2610,installed,,justrenovated,gas,101,2,,,true,,true,,,,,,10/18/22
10090392,apartment,apartment,248000,forsale,8790,,2006,asnew,,122,2,,,,,true,,,1,,,10/18/22
9964715,apartment,apartment,249000,forsale,1030,,,good,gas,389,3,,,,,,,,,,,10/18/22
9925868,apartment,apartment,249000,forsale,8430,,1968,good,,125,2,,,,,true,,,,,,10/18/22
9104734,apartment,groundfloor,249500,forsale,8470,hyperequipped,,asnew,,,2,,,,,true,,,,,,10/18/22
9843985,apartment,apartment,250155,forsale,8770,hyperequipped,2020,,gas,50,2,,,true,,true,,,,1,,10/18/22
10067219,apartment,apartment,255000,forsale,1200,,,asnew,electric,209,1,,,,,true,,,1,,,10/18/22
9799765,apartment,groundfloor,257500,forsale,8380,hyperequipped,,asnew,,,1,,,,,true,,,1,,,10/18/22
10074100,apartment,apartment,259000,forsale,2560,hyperequipped,2008,asnew,gas,150,2,,,,33,,,,1,,,10/18/22
10127915,apartment,apartment,259000,forsale,9160,hyperequipped,1966,asnew,gas,678,3,,,,,true,,,1,1,,10/18/22
9819157,apartment,loft,259000,forsale,9600,,1930,asnew,gas,71,1,,,,,,,,,,,10/18/22
10101444,apartment,apartment,260000,forsale,1410,usahyperequipped,2016,asnew,,,1,,,,,,,,,,,10/18/22
10128373,apartment,apartment,260000,forsale,3010,semiequipped,1991,tobedoneup,electric,435,2,,,,,,,,1,,,10/18/22
10087652,apartment,apartment,265000,forsale,1785,installed,2020,asnew,,,1,,,true,146,true,,,1,,,10/18/22
10125162,apartment,apartment,265000,forsale,5000,installed,,,gas,96,2,,,true,,true,,,,2,,10/18/22
10125163,apartment,apartment,265000,forsale,5150,installed,,,gas,96,2,,,true,,true,,,,2,,10/18/22
9995477,apartment,serviceflat,265000,forsale,9890,,2015,asnew,gas,98,2,,,true,,true,,,1,,,10/18/22
10023225,apartment,apartment,269000,forsale,1020,installed,,good,gas,264,3,,,true,,true,,,1,1,,10/18/22
10158182,house,house,240000,forsale,5300,installed,,justrenovated,fueloil,299,2,300,true,true,,true,true,,1,2,,10/18/22
9625357,house,house,131000,forsale,2550,notinstalled,1930,,gas,371,3,1664,,true,1100,true,,,1,,,10/18/22
10158172,apartment,apartment,260000,forsale,8870,installed,2020,good,gas,47,2,,,,,true,,,,,,10/18/22
10158154,house,house,290000,forsale,7900,installed,2021,,gas,,3,515,true,,,,,,,2,1,10/18/22
10158153,house,bungalow,445000,forsale,1410,hyperequipped,1973,good,electric,555,2,681,true,,500,true,,,2,3,,10/18/22
10158149,apartment,flatstudio,59000,forsale,4000,notinstalled,,tobedoneup,,251,1,,,,,,,,,,,10/18/22
9641565,house,house,184000,forsale,2550,,,good,gas,,5,155,,true,,true,,,,1,,10/18/22
10121293,house,house,275000,forsale,1420,,,torenovate,fueloil,515,2,207,,,100,,true,,,,,10/18/22
9874213,apartment,apartment,269000,forsale,1050,notinstalled,1912,,gas,430,1,,,true,,true,,,,,,10/18/22
10112332,apartment,apartment,269000,forsale,2060,usahyperequipped,1966,good,,251,2,,,true,,,,,,,,10/18/22
10125687,apartment,apartment,269000,forsale,9690,,2015,asnew,gas,100,2,,,,,true,,,,,,10/18/22
10068423,apartment,apartment,269000,forsale,9900,installed,2019,asnew,gas,52,2,,,,,,,,1,,,10/18/22
10066599,apartment,apartment,270000,forsale,3000,installed,,justrenovated,gas,342,1,,,,,,,,,,,10/18/22
10128071,apartment,flatstudio,275000,forsale,1040,installed,1912,tobedoneup,fueloil,189,0,,,true,,,,,,,,10/18/22
10048981,apartment,apartment,275000,forsale,2300,,1950,good,gas,146,2,,,,,true,,,,,,10/18/22
10101812,apartment,groundfloor,279000,forsale,1080,usasemiequipped,1997,asnew,electric,393,2,,,true,,true,,,1,,,10/18/22
9935767,apartment,apartment,279000,forsale,1160,,,,gas,312,2,,,true,,true,,,,,,10/18/22
10123881,apartment,apartment,279000,forsale,2440,installed,1991,good,gas,,2,,,,,true,,,1,1,,10/18/22
10099433,apartment,apartment,279000,forsale,8400,installed,2013,,gas,130,2,,,,,true,,,,,,10/18/22
10096429,apartment,apartment,279000,forsale,8800,hyperequipped,2006,asnew,gas,113,3,,,,,true,,,1,,,10/18/22
10126996,apartment,duplex,287000,forsale,9050,installed,1978,asnew,gas,191,3,,,,,,true,,,,,10/18/22
10102489,apartment,apartment,289000,forsale,2100,installed,,asnew,gas,142,3,,,,,true,,,,,,10/18/22
10102488,apartment,apartment,289000,forsale,2100,installed,,asnew,gas,158,3,,,,,true,,,,,,10/18/22
9761303,apartment,serviceflat,289000,forsale,9890,,,asnew,gas,97,3,,,true,,true,,,,,,10/18/22
10119471,apartment,apartment,295000,forsale,8020,usahyperequipped,2007,asnew,gas,169,2,,,,,true,,,,,,10/18/22
10105979,apartment,apartment,298000,forsale,8400,,2013,,gas,108.74,2,,,,,true,,,,,,10/18/22
9925588,apartment,apartment,299000,forsale,2300,,1991,,gas,182,2,,true,,,true,,,1,,,10/18/22
10112893,apartment,serviceflat,299000,forsale,2550,installed,2014,asnew,gas,133,1,,,,,,,,,,,10/18/22
10097039,apartment,apartment,299000,forsale,2630,,1974,,gas,230,2,,,,,true,true,,,,,10/18/22
10122213,apartment,groundfloor,299000,forsale,2660,installed,1997,asnew,gas,262,3,,,,46,true,,,1,,,10/18/22
10100728,apartment,duplex,299000,forsale,5150,installed,,,gas,87,2,,,true,11,true,,,,2,,10/18/22
9898283,apartment,apartment,299000,forsale,8450,installed,1987,,electric,292,2,,,,,,,,,,,10/18/22
9712634,apartment,apartment,299000,forsale,8670,,1969,asnew,gas,204,3,,,true,,true,,,1,,,10/18/22
9968087,apartment,groundfloor,299950,forsale,4041,hyperequipped,,,gas,72,2,,,true,,true,,,1,1,,10/18/22
10064197,apartment,apartment,300000,forsale,1180,installed,1920,,,179,2,,,,,,,,,,,10/18/22
9983588,apartment,penthouse,300000,forsale,1180,,1966,,,406,3,,,true,,true,,,,,,10/18/22
10027148,apartment,apartment,308000,forsale,7800,usahyperequipped,2022,justrenovated,,,2,,,,,true,,,,,,10/18/22
10066601,apartment,apartment,310000,forsale,3000,hyperequipped,,justrenovated,gas,135,1,,,,,,,,,,,10/18/22
10158182,house,house,240000,forsale,5300,installed,,justrenovated,fueloil,299,2,300,true,true,,true,true,,1,2,,10/18/22
9625357,house,house,131000,forsale,2550,notinstalled,1930,,gas,371,3,1664,,true,1100,true,,,1,,,10/18/22
10158172,apartment,apartment,260000,forsale,8870,installed,2020,good,gas,47,2,,,,,true,,,,,,10/18/22
10158154,house,house,290000,forsale,7900,installed,2021,,gas,,3,515,true,,,,,,,2,1,10/18/22
10158153,house,bungalow,445000,forsale,1410,hyperequipped,1973,good,electric,555,2,681,true,,500,true,,,2,3,,10/18/22
10158149,apartment,flatstudio,59000,forsale,4000,notinstalled,,tobedoneup,,251,1,,,,,,,,,,,10/18/22
9641565,house,house,184000,forsale,2550,,,good,gas,,5,155,,true,,true,,,,1,,10/18/22
10121293,house,house,275000,forsale,1420,,,torenovate,fueloil,515,2,207,,,100,,true,,,,,10/18/22
9948329,apartment,apartment,310000,forsale,8490,installed,2015,asnew,gas,127.83,2,,,,15,,,,,,,10/18/22
10042679,apartment,apartment,310000,forsale,8620,,2001,asnew,,279,2,,,true,,true,,,,,,10/18/22
10066604,apartment,apartment,320000,forsale,3000,hyperequipped,,justrenovated,gas,132,1,,,,,,,,,,,10/18/22
10129118,apartment,groundfloor,325000,forsale,5030,semiequipped,2011,good,gas,134,3,,,,50,true,true,,,1,,10/18/22
10059590,apartment,apartment,325000,forsale,8450,installed,2007,,electric,184,2,,,,,true,,,,,,10/18/22
9935768,apartment,apartment,329000,forsale,1160,,,,gas,323,2,,,true,,true,,,,,,10/18/22
10124886,apartment,apartment,330000,forsale,1050,hyperequipped,1936,justrenovated,,212,1,,,true,,true,,,,,,10/18/22
10124911,apartment,apartment,339000,forsale,1040,,1959,torenovate,gas,211,2,,,true,,true,,,1,,,10/18/22
10040243,apartment,groundfloor,340000,forsale,8670,usainstalled,2019,asnew,gas,71,1,,,true,1500,true,,,1,,,10/18/22
10129883,apartment,apartment,340000,forsale,9000,installed,1967,justrenovated,gas,81,3,,,,,,,,,,,10/18/22
9769280,apartment,apartment,345000,forsale,1000,installed,2012,good,electric,212,1,,,,,true,,,,,,10/18/22
9855441,apartment,apartment,349000,forsale,2300,,,asnew,gas,165,3,,,true,,true,,,,1,,10/18/22
10107393,apartment,apartment,349000,forsale,9700,,2015,asnew,gas,204,2,,,,,true,true,,,,,10/18/22
10101123,apartment,loft,349000,forsale,9700,,2015,asnew,gas,204,2,,,,,true,true,,,,,10/18/22
9756492,apartment,apartment,350000,forsale,8620,,1965,torenovate,,159,1,,,,,,,,,,,10/18/22
10055075,apartment,apartment,350000,forsale,9050,,,,,347,3,,,true,,true,,,,1,,10/18/22
9514667,apartment,apartment,365000,forsale,2830,,2014,asnew,gas,89,2,,,true,,true,,,2,2,,10/18/22
9514666,apartment,apartment,365000,forsale,2850,,2014,asnew,gas,89,2,,,true,,true,,,2,2,,10/18/22
10085696,apartment,flatstudio,365000,forsale,8300,installed,1975,justrenovated,gas,151,0,,,,,,,,1,,,10/18/22
10084259,apartment,duplex,375000,forsale,2000,hyperequipped,,asnew,gas,99,2,,,,,true,,,,,,10/18/22
10009695,apartment,duplex,375000,forsale,3360,,2003,asnew,,351,2,,,true,,true,,,,1,,10/18/22
10112561,apartment,flatstudio,375000,forsale,9500,,2022,asnew,gas,91,2,,,,,true,,,1,1,,10/18/22
10111646,apartment,apartment,379000,forsale,8450,installed,2020,asnew,gas,66,2,,,,,,,,1,1,,10/18/22
10128074,apartment,duplex,380000,forsale,1040,installed,1912,torenovate,fueloil,413,2,,,true,160,true,,,,,,10/18/22
10011715,apartment,duplex,380000,forsale,1180,,1974,torenovate,gas,247,3,,,true,,,,,1,1,,10/18/22
10126187,apartment,apartment,385000,forsale,2000,,1937,good,,269,2,,,,,true,,,,,,10/18/22
10107961,apartment,apartment,394000,forsale,1000,installed,2022,asnew,,,2,,,,,true,,,,,,10/18/22
10008294,apartment,apartment,394000,forsale,2018,hyperequipped,,asnew,gas,121,1,,,true,,true,true,,,,,10/18/22
9867137,apartment,apartment,395000,forsale,8620,,1996,asnew,,201,2,,,,,true,true,,,,,10/18/22
10021292,apartment,apartment,395000,forsale,8620,,1996,asnew,,201,2,,,,,true,true,,,,,10/18/22
10158182,house,house,240000,forsale,5300,installed,,justrenovated,fueloil,299,2,300,true,true,,true,true,,1,2,,10/18/22
9625357,house,house,131000,forsale,2550,notinstalled,1930,,gas,371,3,1664,,true,1100,true,,,1,,,10/18/22
10158172,apartment,apartment,260000,forsale,8870,installed,2020,good,gas,47,2,,,,,true,,,,,,10/18/22
10158154,house,house,290000,forsale,7900,installed,2021,,gas,,3,515,true,,,,,,,2,1,10/18/22
10158153,house,bungalow,445000,forsale,1410,hyperequipped,1973,good,electric,555,2,681,true,,500,true,,,2,3,,10/18/22
10158149,apartment,flatstudio,59000,forsale,4000,notinstalled,,tobedoneup,,251,1,,,,,,,,,,,10/18/22
9641565,house,house,184000,forsale,2550,,,good,gas,,5,155,,true,,true,,,,1,,10/18/22
10121293,house,house,275000,forsale,1420,,,torenovate,fueloil,515,2,207,,,100,,true,,,,,10/18/22
9637107,apartment,apartment,399000,forsale,4000,,1930,asnew,gas,142,1,,,true,,true,,,,,,10/18/22
10081150,apartment,apartment,399000,forsale,8301,installed,1980,,gas,132,3,,,,,true,,,,,,10/18/22
10124189,apartment,apartment,398000,forsale,8400,hyperequipped,1968,justrenovated,gas,,2,,,true,,true,,,,,,10/18/22
10103198,apartment,penthouse,429000,forsale,9900,installed,2011,asnew,gas,97,3,,,,,,,,1,,,10/18/22
9948485,apartment,duplex,445000,forsale,1000,usainstalled,2002,asnew,,245,2,,,true,,true,,,,1,,10/18/22
10107168,apartment,apartment,445000,forsale,1180,installed,,,,233,3,,,,,true,,,1,,,10/18/22
9915574,apartment,apartment,445000,forsale,3500,installed,2019,,gas,62,3,,,true,,,,,1,,,10/18/22
9859012,apartment,apartment,450000,forsale,8400,,1965,,gas,113,2,,,true,,true,,,,,,10/18/22
10048795,apartment,apartment,450000,forsale,8660,installed,1989,,gas,225,3,,,,,true,,,,,,10/18/22
10078226,apartment,duplex,450000,forsale,9000,installed,,asnew,gas,152,2,,,,,,,,,,,10/18/22
9903295,apartment,penthouse,459000,forsale,2880,hyperequipped,,asnew,gas,,2,,,,,true,,,,,,10/18/22
10096486,apartment,apartment,465000,forsale,8420,hyperequipped,2009,,gas,121,3,,,,,true,,,,,,10/18/22
10081477,apartment,apartment,470000,forsale,2000,,2013,good,gas,113,2,,,,,true,,,1,,,10/18/22
9370236,apartment,apartment,485000,forsale,8430,installed,2023,,,,2,,,,,,,,,,,10/18/22
10098856,apartment,apartment,499000,forsale,8670,,2002,asnew,,224,3,,,true,,true,,,,,,10/18/22
10120645,apartment,loft,499000,forsale,9700,,2006,asnew,gas,214,2,,,true,,true,,,,1,,10/18/22
9272677,apartment,apartment,540000,forsale,3000,hyperequipped,2013,,gas,74,2,,,true,,true,,,,,,10/18/22
9761913,apartment,apartment,580000,forsale,8670,,1972,torenovate,,463,9,,,,,,,,,,,10/18/22
10007051,apartment,apartment,585000,forsale,1050,usahyperequipped,,,gas,224,3,,,true,,true,,,,,,10/18/22
10024710,apartment,apartment,610000,forsale,8370,,1975,justrenovated,,1188,2,,,,,true,,,,,,10/18/22
10109051,apartment,apartment,625000,forsale,8300,,2001,asnew,gas,84,2,,,true,,true,,,,,,10/18/22
10066489,apartment,duplex,635000,forsale,8620,hyperequipped,2012,,gas,115,3,,,,,true,,,,,,10/18/22
9986292,apartment,apartment,638000,forsale,8300,hyperequipped,2019,asnew,,,2,,,true,,true,,,,,,10/18/22
10014590,apartment,penthouse,649000,forsale,8670,installed,1980,,electric,342,3,,,,,true,,,,,,10/18/22
10082296,apartment,loft,650000,forsale,1070,notinstalled,1918,good,gas,421,3,,,,,true,,,,,,10/18/22
9082207,apartment,loft,660000,forsale,1000,hyperequipped,,asnew,gas,164,3,,,true,,true,,,,,,10/18/22
10123916,apartment,apartment,675000,forsale,8300,usahyperequipped,1967,asnew,gas,102,2,,,,,,,,,,,10/18/22
10058240,apartment,apartment,675000,forsale,8300,hyperequipped,1967,justrenovated,gas,102,2,,,,,,,,,1,,10/18/22
10067812,apartment,apartment,690000,forsale,1180,hyperequipped,,good,gas,131,2,,,,,true,,,,1,,10/18/22
9848801,apartment,groundfloor,695000,forsale,2930,hyperequipped,,asnew,,,2,,,true,14000,true,,,1,,,10/18/22
10158182,house,house,240000,forsale,5300,installed,,justrenovated,fueloil,299,2,300,true,true,,true,true,,1,2,,10/18/22
9625357,house,house,131000,forsale,2550,notinstalled,1930,,gas,371,3,1664,,true,1100,true,,,1,,,10/18/22
10158172,apartment,apartment,260000,forsale,8870,installed,2020,good,gas,47,2,,,,,true,,,,,,10/18/22
10158154,house,house,290000,forsale,7900,installed,2021,,gas,,3,515,true,,,,,,,2,1,10/18/22
10158153,house,bungalow,445000,forsale,1410,hyperequipped,1973,good,electric,555,2,681,true,,500,true,,,2,3,,10/18/22
10158149,apartment,flatstudio,59000,forsale,4000,notinstalled,,tobedoneup,,251,1,,,,,,,,,,,10/18/22
9641565,house,house,184000,forsale,2550,,,good,gas,,5,155,,true,,true,,,,1,,10/18/22
10121293,house,house,275000,forsale,1420,,,torenovate,fueloil,515,2,207,,,100,,true,,,,,10/18/22
9383969,apartment,groundfloor,790000,forsale,1180,,1992,asnew,gas,249,3,,,true,,true,,,2,,,10/18/22
10118566,apartment,apartment,795000,forsale,1180,installed,1968,asnew,,,3,,,true,,true,true,,1,,,10/18/22
10016084,apartment,apartment,850000,forsale,1180,hyperequipped,,good,gas,215,4,,,true,,,,,2,2,,10/18/22
9888643,apartment,penthouse,870000,forsale,9100,usahyperequipped,2012,asnew,gas,167,3,,,,,,,,1,,,10/18/22
9827249,apartment,apartment,895000,forsale,1000,,,good,,626,3,,,,,true,,,,1,,10/18/22
10128547,apartment,apartment,945000,forsale,2950,usainstalled,1997,good,electric,239,3,,,true,,true,true,,2,2,,10/18/22
9465141,apartment,apartment,950000,forsale,1180,hyperequipped,1977,asnew,gas,,3,,,true,,true,,,2,,,10/18/22
10020742,apartment,apartment,975000,forsale,8300,,1960,asnew,gas,130,3,,,true,,,true,,,,,10/18/22
9318944,apartment,apartment,990000,forsale,1050,usahyperequipped,1980,asnew,gas,227,3,,,,,,,,,1,,10/18/22
9807800,apartment,penthouse,990000,forsale,2000,usahyperequipped,,good,gas,191,3,,,,,true,,,1,1,,10/18/22
9318943,apartment,apartment,1100000,forsale,1050,hyperequipped,1980,asnew,gas,191,2,,,,,,,,,1,,10/18/22
9961379,apartment,apartment,1145000,forsale,8300,hyperequipped,1987,asnew,gas,228,2,,,true,,true,,,1,,,10/18/22
9893284,apartment,apartment,1145000,forsale,8300,hyperequipped,1987,asnew,gas,228,2,,,true,,true,,,1,,,10/18/22
9774095,apartment,triplex,1395000,forsale,8400,,1991,,gas,221,4,,,,,true,true,,1,,,10/18/22
10055594,apartment,apartment,2490000,forsale,8300,,1974,justrenovated,,244,4,,,,,,,,,,,10/18/22
10049660,apartment,apartment,2490000,forsale,8300,installed,1977,asnew,gas,244,4,,,true,,,,,,,,10/18/22
10014734,apartment,penthouse,3200000,forsale,1180,usahyperequipped,2002,asnew,gas,287,2,,,true,,true,,,2,,,10/18/22
10096408,apartment,apartment,3650000,forsale,8300,hyperequipped,,justrenovated,gas,147,3,,,true,,true,,,,,,10/18/22
9405211,apartment,apartment,4600000,forsale,8300,,2011,asnew,,94,3,,,,,true,,,,,,10/18/22
10026630,apartment,apartment,230000,forsale,1420,installed,1990,good,gas,154,1,,,,,,,,1,,,10/18/22
10133319,apartment,groundfloor,225000,forsale,7330,installed,,justrenovated,gas,177,3,,,true,,,true,,,,,10/18/22
10133318,apartment,duplex,225000,forsale,7330,installed,,justrenovated,gas,177,3,,,true,,,true,,,,,10/18/22
10133316,apartment,apartment,225000,forsale,7330,installed,,justrenovated,gas,177,3,,,true,,,true,,,,,10/18/22
10132746,apartment,apartment,250000,forsale,1180,installed,,good,fueloil,515,1,,,true,12,true,,,1,1,,10/18/22
10132643,apartment,groundfloor,259000,forsale,2660,hyperequipped,1939,good,,298,1,,,,,,,,,,,10/18/22
10132382,apartment,apartment,995000,forsale,8300,installed,,torenovate,,197,2,,,true,,,,,1,,,10/18/22
10149505,apartment,flatstudio,134000,forsale,6183,hyperequipped,2022,,gas,,0,,,,,true,,,,1,1,10/18/22
10148987,apartment,flatstudio,295000,forsale,1180,usahyperequipped,2022,,,55,0,,,true,,true,,,,,1,10/18/22
10145402,apartmentgroup,apartmentgroup,160900-499900,forsale,1120,,,,,,,,,,,,,,,,1,10/18/22
10041976,apartment,apartment,139000,forsale,4040,,,good,fueloil,237,2,,,,,true,,,,,,10/18/22
10158182,house,house,240000,forsale,5300,installed,,justrenovated,fueloil,299,2,300,true,true,,true,true,,1,2,,10/18/22
9625357,house,house,131000,forsale,2550,notinstalled,1930,,gas,371,3,1664,,true,1100,true,,,1,,,10/18/22
10158172,apartment,apartment,260000,forsale,8870,installed,2020,good,gas,47,2,,,,,true,,,,,,10/18/22
10158154,house,house,290000,forsale,7900,installed,2021,,gas,,3,515,true,,,,,,,2,1,10/18/22
10158153,house,bungalow,445000,forsale,1410,hyperequipped,1973,good,electric,555,2,681,true,,500,true,,,2,3,,10/18/22
10158149,apartment,flatstudio,59000,forsale,4000,notinstalled,,tobedoneup,,251,1,,,,,,,,,,,10/18/22
9641565,house,house,184000,forsale,2550,,,good,gas,,5,155,,true,,true,,,,1,,10/18/22
10121293,house,house,275000,forsale,1420,,,torenovate,fueloil,515,2,207,,,100,,true,,,,,10/18/22
10146860,apartment,apartment,429000,forsale,2850,hyperequipped,2019,,,35,2,,,,,true,,,,1,,10/18/22
10135664,apartment,apartment,198500,forsale,8530,,2005,asnew,,102,2,,,true,,,,,1,,,10/18/22
10134745,apartment,apartment,399000,forsale,3500,,1957,,gas,196,3,,,true,,,,,1,,,10/18/22
10153964,apartment,apartment,160000,forsale,8800,,1992,,,351,2,,,,,,,,,,,10/18/22
10045433,apartment,duplex,295000,forsale,4041,installed,2013,asnew,gas,100,3,,,,,true,true,,1,1,,10/18/22
10141022,apartment,apartment,371850,forsale,1420,hyperequipped,2021,asnew,,79,3,,,,,true,,,,,1,10/18/22
10141023,apartment,penthouse,582900,forsale,1420,hyperequipped,2021,asnew,,111,3,,,,,true,,,,,1,10/18/22
10141021,apartment,penthouse,693450,forsale,1420,hyperequipped,2021,asnew,,116,3,,,,,true,,,,,1,10/18/22
9127306,apartment,flatstudio,135010,forsale,7050,installed,2022,,gas,67,0,,,,,true,,,,,1,10/18/22
10054213,apartment,serviceflat,165000,forsale,3110,installed,2016,asnew,,75,1,,,,,,,,,,1,10/18/22
10054212,apartment,serviceflat,174000,forsale,3110,installed,2016,asnew,,80,1,,,,,,,,,,1,10/18/22
10100924,apartment,apartment,185000,forsale,8940,installed,,,gas,194,1,,,,,true,,,,,1,10/18/22
9877587,apartment,apartment,190000,forsale,7134,installed,2022,,gas,88,2,,,,,true,,,,42,1,10/18/22
10013325,apartment,apartment,229000,forsale,4700,installed,2023,,gas,80,2,,,true,,true,,,1,,1,10/18/22
9792222,apartment,apartment,245000,forsale,4470,installed,2022,,,,3,,,true,,true,,,,1,1,10/18/22
10099520,apartment,apartment,258250,forsale,9500,hyperequipped,2020,asnew,gas,49,2,,,,259,true,,,,1,1,10/18/22
9346849,apartment,apartment,264664,forsale,9200,hyperequipped,2021,asnew,,40,2,,,,,true,,,1,,1,10/18/22
10039489,apartment,apartment,269000,forsale,1785,installed,2022,good,gas,,1,,,true,,true,,,1,,1,10/18/22
10139863,apartment,apartment,279000,forsale,2800,installed,1962,asnew,gas,329,2,,,,35,true,,,,,,10/18/22
10031491,apartment,duplex,298000,forsale,3440,usahyperequipped,2022,justrenovated,,359,2,,,,,true,,,,1,1,10/18/22
9774197,apartment,apartment,298155,forsale,2000,hyperequipped,2022,asnew,,,1,,,,,true,,,20,20,1,10/18/22
9931240,apartment,apartment,299000,forsale,4845,,2022,asnew,gas,,2,,,true,,true,,,1,2,1,10/18/22
10096603,apartment,apartment,299000,forsale,4900,,2022,asnew,gas,,2,,,true,,true,,,1,2,1,10/18/22
9771336,apartment,apartment,305000,forsale,3200,hyperequipped,2022,,,30,2,,,,,true,,,1,1,1,10/18/22
10138182,apartment,apartment,329000,forsale,9000,,1960,asnew,,163,3,,,true,,,,,,,,10/18/22
9706334,apartment,apartment,332500,forsale,3060,,2021,,,,2,,,,,true,,,,,1,10/18/22
10138522,apartment,apartment,335000,forsale,3200,installed,2021,asnew,gas,51,2,,,true,,true,,,1,1,,10/18/22
10041215,apartment,apartment,385000,forsale,1050,hyperequipped,2023,,gas,45,3,,,true,,true,,true,,,1,10/18/22
9795711,apartment,penthouse,410000,forsale,3200,hyperequipped,2022,,,30,2,,,,,true,,,1,1,1,10/18/22
9680377,apartment,apartment,418000,forsale,8210,installed,,good,,,2,,,,,true,,,,,1,10/18/22
10158182,house,house,240000,forsale,5300,installed,,justrenovated,fueloil,299,2,300,true,true,,true,true,,1,2,,10/18/22
9625357,house,house,131000,forsale,2550,notinstalled,1930,,gas,371,3,1664,,true,1100,true,,,1,,,10/18/22
10158172,apartment,apartment,260000,forsale,8870,installed,2020,good,gas,47,2,,,,,true,,,,,,10/18/22
10158154,house,house,290000,forsale,7900,installed,2021,,gas,,3,515,true,,,,,,,2,1,10/18/22
10158153,house,bungalow,445000,forsale,1410,hyperequipped,1973,good,electric,555,2,681,true,,500,true,,,2,3,,10/18/22
10158149,apartment,flatstudio,59000,forsale,4000,notinstalled,,tobedoneup,,251,1,,,,,,,,,,,10/18/22
9641565,house,house,184000,forsale,2550,,,good,gas,,5,155,,true,,true,,,,1,,10/18/22
10121293,house,house,275000,forsale,1420,,,torenovate,fueloil,515,2,207,,,100,,true,,,,,10/18/22
9706332,apartment,apartment,428000,forsale,3060,,2021,,,,3,,,,,true,,,,,1,10/18/22
9962256,apartment,apartment,430990,forsale,8210,installed,,good,,,2,,,,,true,,,,,1,10/18/22
9918519,apartment,apartment,496259,forsale,1410,hyperequipped,2022,,,70,3,,,,170,true,,,1,,1,10/18/22
9625972,apartment,apartment,505000,forsale,9880,hyperequipped,,asnew,gas,,2,,,,,true,true,,,,1,10/18/22
10140205,apartment,apartment,525000,forsale,1150,installed,1977,,gas,220,3,,,true,,true,,,,1,,10/18/22
9931241,apartment,apartment,597000,forsale,4845,,2022,asnew,gas,,4,,,true,,true,,,1,2,1,10/18/22
10089714,apartment,penthouse,790000,forsale,9051,installed,2022,asnew,gas,,3,,,,,true,,,,,1,10/18/22
10093725,apartment,groundfloor,915000,forsale,1180,,2022,asnew,,55,3,,,,277,true,true,,1,1,1,10/18/22
9983434,apartment,apartment,3200000,forsale,2000,hyperequipped,2012,asnew,gas,169,2,,,true,,true,true,,2,1,1,10/18/22
10046741,apartment,flatstudio,99500,forsale,8670,installed,,good,gas,,0,,,,,,,,,1,,10/18/22
10096428,apartment,apartment,135000,forsale,8800,,,tobedoneup,,154,2,,,,,,,,1,,,10/18/22
10157187,apartment,apartment,180000,forsale,8370,installed,1963,asnew,,293,2,,,true,,,,,,,,10/18/22
10157278,apartment,flatstudio,264900,forsale,9000,,2013,,gas,115,1,,,,,,,,,,,10/18/22
10131709,apartment,apartment,320000,forsale,8800,installed,2006,good,,152,2,,,,,true,true,,,,,10/18/22
10148762,apartmentgroup,apartmentgroup,257000-319000,forsale,9300,,,,,30,,,,,,,,,12,,1,10/18/22
10148716,apartmentgroup,apartmentgroup,257000-319000,forsale,9320,,,,,30,,,,,,,,,12,,1,10/18/22
10144123,apartmentgroup,apartmentgroup,320500-647000,forsale,8000,,,,,,,,,,,,,,,,1,10/18/22
10143215,apartmentgroup,apartmentgroup,360000-390000,forsale,1390,,,,,,,,,,,,,,,9,1,10/18/22
10143493,apartmentgroup,apartmentgroup,360000-1330000,forsale,8300,,,,,,,,,,,,,,,,1,10/18/22
10144202,apartmentgroup,apartmentgroup,398000-710000,forsale,2600,,,,,,,,,,,,,,,,1,10/18/22
10144033,apartmentgroup,apartmentgroup,425000-799000,forsale,2800,,,,,,,,,,,,,,,,1,10/18/22
10146323,apartment,apartment,195000,forsale,9000,,,,gas,183,1,,,true,,,,,,,,10/18/22
10146371,apartment,groundfloor,325000,forsale,3020,installed,2007,,gas,197,2,,,true,350,true,,,,,,10/18/22
10146789,apartment,apartment,335000,forsale,8400,,2016,,,79.75,2,,,,,true,,,,,,10/18/22
10133717,apartment,duplex,249000,forsale,2660,,,asnew,gas,94,3,,,,,true,,,,,,10/18/22
10151053,apartment,apartment,125000,forsale,8420,,1968,,gas,203,1,,,,,,,,3,,,10/18/22
10151292,apartment,apartment,185000,forsale,8620,,2018,asnew,electric,,2,,,,,,,true,,,,10/18/22
10150391,apartment,apartment,199000,forsale,1082,,1975,good,,307,1,,,true,,true,,,,,,10/18/22
10148807,apartment,flatstudio,215000,forsale,3000,installed,1973,,gas,230,0,,,,,,,,,,,10/18/22
10150428,apartment,apartment,260000,forsale,8670,installed,1981,good,,157,2,,,,,true,,,1,,,10/18/22
10158182,house,house,240000,forsale,5300,installed,,justrenovated,fueloil,299,2,300,true,true,,true,true,,1,2,,10/18/22
9625357,house,house,131000,forsale,2550,notinstalled,1930,,gas,371,3,1664,,true,1100,true,,,1,,,10/18/22
10158172,apartment,apartment,260000,forsale,8870,installed,2020,good,gas,47,2,,,,,true,,,,,,10/18/22
10158154,house,house,290000,forsale,7900,installed,2021,,gas,,3,515,true,,,,,,,2,1,10/18/22
10158153,house,bungalow,445000,forsale,1410,hyperequipped,1973,good,electric,555,2,681,true,,500,true,,,2,3,,10/18/22
10158149,apartment,flatstudio,59000,forsale,4000,notinstalled,,tobedoneup,,251,1,,,,,,,,,,,10/18/22
9641565,house,house,184000,forsale,2550,,,good,gas,,5,155,,true,,true,,,,1,,10/18/22
10121293,house,house,275000,forsale,1420,,,torenovate,fueloil,515,2,207,,,100,,true,,,,,10/18/22
10149787,apartment,apartment,345000,forsale,8380,,,asnew,,,2,,,,135,,,,1,,,10/18/22
10150956,apartment,apartment,349000,forsale,1160,installed,1962,tobedoneup,gas,312,2,,,true,,true,,,1,,,10/18/22
10150491,apartment,triplex,369000,forsale,3010,installed,2001,good,,164,4,,,true,,true,,,,1,,10/18/22
10150492,apartment,loft,699000,forsale,3000,installed,,asnew,,105,2,,,,,true,,,,,,10/18/22
10136213,apartment,apartment,199000,forsale,2660,semiequipped,,asnew,gas,346,2,,,,,,,,,,,10/18/22
10154551,apartment,apartment,385000,forsale,1040,installed,1912,tobedoneup,fueloil,246,2,,,true,,,,,,,,10/18/22
10155375,apartment,penthouse,1450000,forsale,2000,hyperequipped,2020,asnew,,,2,,,true,,true,,,2,1,,10/18/22
10140452,apartment,flatstudio,245000,forsale,3000,installed,1971,,gas,392,0,,,,,,,,,,,10/18/22
10140920,apartment,apartment,460000,forsale,1070,,,torenovate,,,2,,,,,true,,,,,,10/18/22
10130453,apartment,apartment,660000,forsale,1180,usahyperequipped,2022,asnew,,,2,,,true,,true,,,,1,1,10/18/22
10095023,apartment,flatstudio,70000,forsale,2300,,1990,tobedoneup,,216,1,,,,,,,,,,,10/18/22
10027085,apartment,apartment,89000,forsale,6690,semiequipped,,good,,155,2,,,,,,,,,,,10/18/22
9268053,apartment,flatstudio,96000,forsale,1210,notinstalled,1935,good,gas,333,0,,,,,,,,1,,,10/18/22
10059709,apartment,flatstudio,119000,forsale,8620,,1967,tobedoneup,electric,413,0,,,true,,true,,,,,,10/18/22
10067389,apartment,groundfloor,129000,forsale,8600,installed,,good,,289,2,,,true,,,,,,,,10/18/22
10056746,apartment,apartment,139000,forsale,4000,semiequipped,1968,good,gas,347,1,,,true,,,,,,,,10/18/22
9964866,apartment,apartment,140000,forsale,4030,semiequipped,,good,gas,373,3,,,true,,,,,1,,,10/18/22
10088839,apartment,apartment,149000,forsale,6000,installed,,good,fueloil,189,2,,,true,,,,,,,,10/18/22
10007152,apartment,apartment,149000,forsale,8400,installed,1964,good,gas,174,1,,,,,,,,,,,10/18/22
9806505,apartment,apartment,155000,forsale,5500,installed,2008,good,gas,226,1,,,,,,,,,1,,10/18/22
9959855,apartment,apartment,160000,forsale,1300,,,torenovate,gas,,1,,,,,true,,,1,,,10/18/22
9658617,apartment,loft,164000,forsale,4460,semiequipped,,asnew,gas,182,3,,,,,,,,,1,,10/18/22
9967982,apartment,apartment,165000,forsale,5000,installed,,tobedoneup,gas,236,2,,,true,,,,,,,,10/18/22
9866765,apartment,apartment,165000,forsale,7382,installed,,good,gas,100,2,,,,,true,,,,1,,10/18/22
10012320,apartment,apartment,167500,forsale,8570,installed,2002,asnew,gas,147,1,,,,,true,,,2,,,10/18/22
10037299,apartment,apartment,169000,forsale,8750,installed,1996,good,,259,1,,,,,,,,,,,10/18/22
10070345,apartment,apartment,169000,forsale,8870,installed,1977,good,electric,269,2,,,,,,,,1,,,10/18/22
10092111,apartment,apartment,169000,forsale,9060,,1976,good,,167,2,,,,,,,,,,,10/18/22
10103049,apartment,apartment,170000,forsale,8500,installed,1965,good,,271,2,,,true,,,,,1,,,10/18/22
10076917,apartment,apartment,175000,forsale,8420,installed,1978,good,gas,588,3,,,,,,,,1,,,10/18/22
10158182,house,house,240000,forsale,5300,installed,,justrenovated,fueloil,299,2,300,true,true,,true,true,,1,2,,10/18/22
9625357,house,house,131000,forsale,2550,notinstalled,1930,,gas,371,3,1664,,true,1100,true,,,1,,,10/18/22
10158172,apartment,apartment,260000,forsale,8870,installed,2020,good,gas,47,2,,,,,true,,,,,,10/18/22
10158154,house,house,290000,forsale,7900,installed,2021,,gas,,3,515,true,,,,,,,2,1,10/18/22
10158153,house,bungalow,445000,forsale,1410,hyperequipped,1973,good,electric,555,2,681,true,,500,true,,,2,3,,10/18/22
10158149,apartment,flatstudio,59000,forsale,4000,notinstalled,,tobedoneup,,251,1,,,,,,,,,,,10/18/22
9641565,house,house,184000,forsale,2550,,,good,gas,,5,155,,true,,true,,,,1,,10/18/22
10121293,house,house,275000,forsale,1420,,,torenovate,fueloil,515,2,207,,,100,,true,,,,,10/18/22
10068532,apartment,apartment,175000,forsale,9600,,2001,asnew,,345,2,,,,,true,,,1,,,10/18/22
10078075,apartment,apartment,177000,forsale,7800,installed,,good,gas,155,3,,,,,true,,,,,,10/18/22
9829213,apartment,apartment,179000,forsale,1070,installed,1958,good,electric,354,2,,,,,true,,,,,,10/18/22
10093707,apartment,apartment,179000,forsale,2230,installed,1978,asnew,,104,2,,,,,,,,,,,10/18/22
10081436,apartment,apartment,179000,forsale,5060,installed,2021,asnew,,145,3,,,true,,,true,,,,,10/18/22
10120686,apartment,apartment,179000,forsale,8820,,1995,good,,261,2,,,,,,,,,,,10/18/22
9673525,apartment,apartment,180000,forsale,8020,installed,1991,good,,199,2,,,,,,,,,,,10/18/22
10129936,apartment,apartment,185000,forsale,2100,installed,1975,,,213,2,,,true,,true,,,,,,10/18/22
10032523,apartment,apartment,185000,forsale,4020,semiequipped,,good,gas,213,2,,,true,,true,,,,,,10/18/22
10079811,apartment,apartment,185000,forsale,8310,installed,1963,good,,690,2,,,true,,,,,,,,10/18/22
10087171,apartment,apartment,193600,forsale,8310,,1981,good,,346,1,,,,,,,,,,,10/18/22
9939500,apartment,apartment,195000,forsale,4020,installed,,asnew,gas,165,2,,,,,true,,,,,,10/18/22
10010511,apartment,apartment,197500,forsale,8800,installed,1990,good,,240,2,,,,,,,,1,,,10/18/22
9999965,apartment,apartment,199000,forsale,1190,,1930,good,gas,,1,,,true,,,,,,,,10/18/22
9931430,apartment,duplex,199000,forsale,9255,installed,1995,good,gas,175,2,,,,,,,,1,,,10/18/22
9846089,apartment,apartment,199000,forsale,9600,installed,2019,asnew,gas,,1,,,,,true,,,,,,10/18/22
10109566,apartment,apartment,199900,forsale,2020,installed,,good,fueloil,163,1,,,,,,,,,,,10/18/22
10076179,apartment,apartment,205000,forsale,4280,installed,,good,gas,184,2,,,,,true,,,,1,,10/18/22
9846087,apartment,apartment,205000,forsale,9600,installed,2019,asnew,gas,,1,,,,,true,,,,,,10/18/22
9846086,apartment,apartment,209500,forsale,9600,installed,2019,asnew,gas,,1,,,,,true,,,,,,10/18/22
9972301,apartment,apartment,210000,forsale,1030,installed,,,,,2,,,,,true,,,,,,10/18/22
10095956,apartment,apartment,210000,forsale,1081,installed,1974,torenovate,,328,2,,,true,,true,,,1,1,,10/18/22
9847510,apartment,apartment,215000,forsale,8500,,2017,good,,68.45,2,,,,,,,,,,,10/18/22
9846088,apartment,apartment,215000,forsale,9600,installed,2019,asnew,gas,,1,,,,,true,,,,,,10/18/22
9961250,apartment,flatstudio,219000,forsale,8670,,1964,asnew,electric,207,0,,,,,,,,,,,10/18/22
10080649,apartment,apartment,220000,forsale,1050,,,good,,233,1,,,,,true,,,,,,10/18/22
9902093,apartment,apartment,224000,forsale,9400,installed,1976,good,gas,132,2,,,,,true,,,,,,10/18/22
9846084,apartment,apartment,224500,forsale,9600,installed,2019,asnew,gas,,1,,,,,true,,,,,,10/18/22
10030748,apartment,apartment,225000,forsale,1050,semiequipped,,good,gas,345,1,,,true,,true,,,,,,10/18/22
10033222,apartment,apartment,225000,forsale,5500,installed,,,gas,355,2,,,true,,true,,,,,,10/18/22
10158182,house,house,240000,forsale,5300,installed,,justrenovated,fueloil,299,2,300,true,true,,true,true,,1,2,,10/18/22
9625357,house,house,131000,forsale,2550,notinstalled,1930,,gas,371,3,1664,,true,1100,true,,,1,,,10/18/22
10158172,apartment,apartment,260000,forsale,8870,installed,2020,good,gas,47,2,,,,,true,,,,,,10/18/22
10158154,house,house,290000,forsale,7900,installed,2021,,gas,,3,515,true,,,,,,,2,1,10/18/22
10158153,house,bungalow,445000,forsale,1410,hyperequipped,1973,good,electric,555,2,681,true,,500,true,,,2,3,,10/18/22
10158149,apartment,flatstudio,59000,forsale,4000,notinstalled,,tobedoneup,,251,1,,,,,,,,,,,10/18/22
9641565,house,house,184000,forsale,2550,,,good,gas,,5,155,,true,,true,,,,1,,10/18/22
10121293,house,house,275000,forsale,1420,,,torenovate,fueloil,515,2,207,,,100,,true,,,,,10/18/22
9997451,apartment,apartment,225000,forsale,7160,installed,,asnew,gas,126,3,,true,true,,true,true,,,,,10/18/22
10072067,apartment,groundfloor,225000,forsale,9320,hyperequipped,2012,asnew,,174,1,,,true,,true,,,,1,,10/18/22
10082947,apartment,apartment,229000,forsale,8400,installed,1978,good,,105,2,,,,,true,,,1,1,,10/18/22
10125757,apartment,apartment,235000,forsale,8820,installed,2000,,electric,241,2,,,,,true,,,,,,10/18/22
10068766,apartment,apartment,237900,forsale,2610,installed,,justrenovated,gas,607,2,,,,,true,,,1,,,10/18/22
9970386,apartment,apartment,239000,forsale,8400,installed,1986,good,,174,1,,,true,,,,,,,,10/18/22
9846085,apartment,apartment,239000,forsale,9600,installed,2019,asnew,gas,,1,,,,,true,,,,,,10/18/22
9966939,apartment,apartment,245000,forsale,1120,semiequipped,,good,gas,274,2,,,,,true,,,,,,10/18/22
10116520,apartment,apartment,245000,forsale,1200,hyperequipped,,good,gas,693,1,,,,,true,,,,,,10/18/22
9268926,apartment,apartment,245000,forsale,2600,installed,1968,good,,211,3,,,,,true,,,,,,10/18/22
10037831,apartment,apartment,249000,forsale,2450,hyperequipped,,good,gas,85,2,,,true,,true,,,,1,,10/18/22
10071078,apartment,groundfloor,249000,forsale,2600,installed,,good,,88,1,,,,,,,,,,,10/18/22
10124743,apartment,apartment,250000,forsale,1040,,1956,good,fueloil,813,1,,,true,,,,,,,,10/18/22
9985040,apartment,penthouse,250000,forsale,1300,semiequipped,,good,gas,418,1,,,,,,,,,,,10/18/22
9985039,apartment,apartment,250000,forsale,1300,semiequipped,,good,gas,418,1,,,,,,,,,,,10/18/22
10119745,apartment,apartment,259000,forsale,1080,installed,,good,,235,2,,,true,,true,,,,,,10/18/22
10119854,apartment,duplex,260000,forsale,1070,usahyperequipped,,good,gas,293,2,,,true,,true,,,,,,10/18/22
10107970,apartment,apartment,265000,forsale,1000,installed,2022,asnew,,,1,,,,,true,,,,,,10/18/22
10023368,apartment,serviceflat,265000,forsale,3000,hyperequipped,2017,asnew,,98.160003662109,1,,,,,true,,,,,,10/18/22
10117933,apartment,apartment,267000,forsale,9050,installed,1978,asnew,gas,220,2,,,,,,,,,,,10/18/22
10107274,apartment,apartment,275000,forsale,5190,usahyperequipped,2015,asnew,,70,3,,,,,true,true,,1,1,,10/18/22
10121115,apartment,apartment,279000,forsale,8400,installed,2008,good,,88,2,,,,,,,,,,,10/18/22
10050109,apartment,apartment,285000,forsale,3540,hyperequipped,2010,justrenovated,,134,2,,,true,105,true,,,1,1,,10/18/22
9252930,apartment,apartment,288700,forsale,1360,usahyperequipped,2021,asnew,gas,,2,,,true,,true,,,,2,,10/18/22
7858699,apartment,apartment,295000,forsale,8700,installed,2016,good,gas,83.95,2,,,true,,,,,,,,10/18/22
10073858,apartment,apartment,297500,forsale,1420,hyperequipped,1999,,gas,98,2,,,true,,true,,,,,,10/18/22
10036652,apartment,duplex,299000,forsale,3120,installed,1985,asnew,,196,3,,,,,,,,,,,10/18/22
10092729,apartment,groundfloor,299000,forsale,9255,hyperequipped,2012,asnew,gas,184,2,,,,128,true,,,1,,,10/18/22
10075887,apartment,apartment,299500,forsale,1831,installed,2022,,gas,,2,,,,41,true,,,,,,10/18/22
10158182,house,house,240000,forsale,5300,installed,,justrenovated,fueloil,299,2,300,true,true,,true,true,,1,2,,10/18/22
9625357,house,house,131000,forsale,2550,notinstalled,1930,,gas,371,3,1664,,true,1100,true,,,1,,,10/18/22
10158172,apartment,apartment,260000,forsale,8870,installed,2020,good,gas,47,2,,,,,true,,,,,,10/18/22
10158154,house,house,290000,forsale,7900,installed,2021,,gas,,3,515,true,,,,,,,2,1,10/18/22
10158153,house,bungalow,445000,forsale,1410,hyperequipped,1973,good,electric,555,2,681,true,,500,true,,,2,3,,10/18/22
10158149,apartment,flatstudio,59000,forsale,4000,notinstalled,,tobedoneup,,251,1,,,,,,,,,,,10/18/22
9641565,house,house,184000,forsale,2550,,,good,gas,,5,155,,true,,true,,,,1,,10/18/22
10121293,house,house,275000,forsale,1420,,,torenovate,fueloil,515,2,207,,,100,,true,,,,,10/18/22
10062647,apartment,apartment,300000,forsale,8370,installed,1968,justrenovated,gas,168,2,,,,,true,,,,,,10/18/22
10111526,apartment,duplex,305000,forsale,8211,,2010,good,,41,3,,,,,,,,,,,10/18/22
10122032,apartment,apartment,309000,forsale,8400,installed,2017,good,,98.01,2,,,,,,,,,,,10/18/22
9946583,apartment,loft,312300,forsale,8790,installed,2010,asnew,,152,2,,,,,true,,,1,1,,10/18/22
9711807,apartment,apartment,318500,forsale,8820,installed,2021,,gas,,2,,,,42,,,,,,,10/18/22
10075888,apartment,apartment,324500,forsale,1831,installed,2022,,gas,,2,,,,64,true,,,,,,10/18/22
10062376,apartment,apartment,326000,forsale,8400,installed,2017,asnew,gas,59,2,,,,,true,,,1,1,,10/18/22
10075886,apartment,apartment,334500,forsale,1831,installed,2022,,gas,,2,,,,63,true,,,,,,10/18/22
10027891,apartment,apartment,334960,forsale,2270,installed,2022,,,,2,,,true,51,true,,,1,,,10/18/22
9954878,apartment,apartment,335000,forsale,3000,installed,1990,good,,220,1,,,,,true,,,,,,10/18/22
10027890,apartment,apartment,338140,forsale,2270,installed,2022,,,,2,,,true,87,true,,,1,,,10/18/22
10117278,apartment,apartment,359000,forsale,1150,installed,1994,asnew,,143,3,,,true,,true,,,1,1,,10/18/22
10100872,apartment,apartment,365000,forsale,8600,installed,2015,good,,96.18,3,,,,13,,,,1,1,,10/18/22
10043862,apartment,apartment,369900,forsale,8820,installed,1998,good,gas,236,2,,,true,,,,,1,,,10/18/22
9825333,apartment,penthouse,375000,forsale,3000,installed,1990,good,,481,2,,,,,true,,,,,,10/18/22
10024497,apartment,apartment,375000,forsale,8000,installed,1989,good,electric,300,3,,,,30,,,,1,,,10/18/22
9930673,apartment,apartment,375000,forsale,8620,installed,2000,,,298,1,,,,,true,,,,,,10/18/22
9997454,apartment,apartment,380000,forsale,7160,installed,,asnew,gas,126,5,,true,true,,true,true,,,,,10/18/22
10093115,apartment,apartment,390000,forsale,9820,hyperequipped,2007,asnew,gas,100,3,,,,,true,,,1,1,,10/18/22
9481450,apartment,duplex,395000,forsale,2000,usahyperequipped,2021,asnew,gas,,2,,,,,,,,13,13,,10/18/22
9928911,apartment,duplex,399000,forsale,9340,hyperequipped,2004,asnew,gas,169,4,,,true,,true,,,1,7,,10/18/22
9912450,apartment,apartment,399900,forsale,2018,usahyperequipped,,good,gas,97,3,,,true,,true,,,1,2,,10/18/22
10077439,apartment,apartment,405000,forsale,1190,hyperequipped,1932,,,315,2,,,true,60,true,true,,,,,10/18/22
9978312,apartment,apartment,439000,forsale,8400,installed,2012,asnew,,116,2,,,,,,,,1,,,10/18/22
10103959,apartment,apartment,465000,forsale,1180,usahyperequipped,2016,good,gas,,2,,,true,,true,,,1,,,10/18/22
9712071,apartment,apartment,470000,forsale,4000,hyperequipped,,good,gas,166,2,,,true,60,true,,,,,,10/18/22
10098870,apartment,apartment,480000,forsale,8620,installed,1969,,,203,2,,,,,true,,,,,,10/18/22
10011994,apartment,apartment,495000,forsale,3000,installed,1973,asnew,,65,2,,,true,,true,,,,,,10/18/22
10032550,apartment,groundfloor,495000,forsale,4052,installed,2013,asnew,,92,3,,,true,,true,,,1,1,,10/18/22
9133202,apartment,duplex,497000,forsale,1780,,2004,,,140,3,,,,,,,,,,,10/18/22
10158182,house,house,240000,forsale,5300,installed,,justrenovated,fueloil,299,2,300,true,true,,true,true,,1,2,,10/18/22
9625357,house,house,131000,forsale,2550,notinstalled,1930,,gas,371,3,1664,,true,1100,true,,,1,,,10/18/22
10158172,apartment,apartment,260000,forsale,8870,installed,2020,good,gas,47,2,,,,,true,,,,,,10/18/22
10158154,house,house,290000,forsale,7900,installed,2021,,gas,,3,515,true,,,,,,,2,1,10/18/22
10158153,house,bungalow,445000,forsale,1410,hyperequipped,1973,good,electric,555,2,681,true,,500,true,,,2,3,,10/18/22
10158149,apartment,flatstudio,59000,forsale,4000,notinstalled,,tobedoneup,,251,1,,,,,,,,,,,10/18/22
9641565,house,house,184000,forsale,2550,,,good,gas,,5,155,,true,,true,,,,1,,10/18/22
10121293,house,house,275000,forsale,1420,,,torenovate,fueloil,515,2,207,,,100,,true,,,,,10/18/22
10070678,apartment,apartment,499900,forsale,1050,hyperequipped,1936,good,fueloil,271,2,,,true,,,true,,,,,10/18/22
10048993,apartment,apartment,500000,forsale,4620,installed,,asnew,,103,4,,,true,,,,,1,1,,10/18/22
9550735,apartment,duplex,559000,forsale,2000,,,asnew,gas,,2,,,,,true,,,,,,10/18/22
9891319,apartment,penthouse,575000,forsale,8430,hyperequipped,,asnew,,500,1,,,true,,true,,,,,,10/18/22
9860094,apartment,apartment,625000,forsale,8300,installed,2001,,gas,84,2,,,true,,true,,,,,,10/18/22
9858729,apartment,apartment,625000,forsale,8620,installed,1992,,electric,332,2,,,,,true,,,,,,10/18/22
9884479,apartment,apartment,645000,forsale,8300,notinstalled,2002,asnew,,92,2,,,true,,,,,1,,,10/18/22
10065218,apartment,apartment,649000,forsale,2018,usahyperequipped,1899,tobedoneup,gas,280,5,,,true,,,,,,,,10/18/22
9862079,apartment,apartment,685000,forsale,8300,,1996,good,,107,2,,,true,,,,,,,,10/18/22
10068273,apartment,penthouse,725000,forsale,8800,,2013,asnew,,159,3,,,,,true,true,,,,,10/18/22
10023093,apartment,penthouse,795000,forsale,8300,installed,1978,justrenovated,,336,2,,,,,true,,,,,,10/18/22
10010471,apartment,apartment,795000,forsale,8300,,1978,justrenovated,,336,2,,,true,,true,,,,,,10/18/22
9802832,apartment,penthouse,795000,forsale,8300,installed,1977,asnew,,336,2,,,true,,,,,,,,10/18/22
9999734,apartment,triplex,795000,forsale,8660,installed,2007,asnew,,211,4,,,,,true,,,1,,,10/18/22
9550736,apartment,apartment,799000,forsale,2000,,,asnew,gas,,2,,,,,true,,,,,,10/18/22
10103631,apartment,apartment,890000,forsale,8300,,2012,asnew,gas,,2,,,,,true,,,,1,,10/18/22
9983946,apartment,apartment,890000,forsale,8434,,2014,asnew,gas,,1,,,,,,,,,,,10/18/22
9491548,apartment,penthouse,895000,forsale,2000,hyperequipped,1904,asnew,,162,3,,,,,true,,,2,2,,10/18/22
10013391,apartment,apartment,945000,forsale,8300,installed,1994,good,,334,2,,,true,,,,,,,,10/18/22
10086877,apartment,triplex,995000,forsale,1000,usahyperequipped,,asnew,,561,3,,,true,71,true,,,1,,,10/18/22
9869835,apartment,penthouse,1050000,forsale,1150,hyperequipped,,asnew,gas,200,3,,,true,,true,,true,2,2,,10/18/22
9982732,apartment,apartment,1145000,forsale,8300,installed,1993,good,gas,174,2,,,,,true,,,1,,,10/18/22
9982730,apartment,apartment,1145000,forsale,8301,installed,1993,good,gas,174,2,,,,,true,,,1,,,10/18/22
10074172,apartment,apartment,1195000,forsale,8300,usahyperequipped,1980,justrenovated,,84,3,,,,,true,,,,,,10/18/22
10051707,apartment,penthouse,1295000,forsale,9000,hyperequipped,,justrenovated,gas,255,4,,,,,,,,1,,,10/18/22
10098985,apartment,apartment,1850000,forsale,8300,usahyperequipped,1948,asnew,gas,,3,,,true,,,,,1,1,,10/18/22
8822156,apartment,apartment,1885000,forsale,2000,hyperequipped,1994,asnew,,190,3,,,true,,true,true,,,,,10/18/22
9540661,apartment,duplex,2617000,forsale,8300,usahyperequipped,2021,asnew,gas,38,3,,,,,true,,,,,,10/18/22
9410173,apartment,apartment,2850000,forsale,8300,usahyperequipped,2022,asnew,gas,,3,,,true,,true,true,,,,,10/18/22
10140735,apartmentgroup,apartmentgroup,235000-330000,forsale,8500,,,,,,,,,,,,,,,,1,10/18/22
10158182,house,house,240000,forsale,5300,installed,,justrenovated,fueloil,299,2,300,true,true,,true,true,,1,2,,10/18/22
9625357,house,house,131000,forsale,2550,notinstalled,1930,,gas,371,3,1664,,true,1100,true,,,1,,,10/18/22
10158172,apartment,apartment,260000,forsale,8870,installed,2020,good,gas,47,2,,,,,true,,,,,,10/18/22
10158154,house,house,290000,forsale,7900,installed,2021,,gas,,3,515,true,,,,,,,2,1,10/18/22
10158153,house,bungalow,445000,forsale,1410,hyperequipped,1973,good,electric,555,2,681,true,,500,true,,,2,3,,10/18/22
10158149,apartment,flatstudio,59000,forsale,4000,notinstalled,,tobedoneup,,251,1,,,,,,,,,,,10/18/22
9641565,house,house,184000,forsale,2550,,,good,gas,,5,155,,true,,true,,,,1,,10/18/22
10121293,house,house,275000,forsale,1420,,,torenovate,fueloil,515,2,207,,,100,,true,,,,,10/18/22
10145802,apartment,groundfloor,160000,forsale,9000,installed,1965,,gas,,2,,,true,,true,,,1,,,10/18/22
10145101,apartment,apartment,229000,forsale,9950,semiequipped,1970,tobedoneup,,383,3,,,,,,,,1,,,10/18/22
10144927,apartment,apartment,250000,forsale,3620,,1996,,electric,314,3,,,true,,true,,,1,,,10/18/22
10145040,apartment,apartment,329000,forsale,9820,,1999,asnew,,434,1,,,,,,,,1,,,10/18/22
10020581,apartment,apartment,199000,forsale,8400,installed,1986,,electric,270,1,,,,,,,,,,,10/18/22
10132622,apartment,apartment,239000,forsale,2845,installed,1992,,electric,226,2,,,true,,,,,1,,,10/18/22
10147738,apartment,flatstudio,99000,forsale,2018,,1971,,,200,1,,,,,,,,,,,10/18/22
10140654,apartment,apartment,239000,forsale,1340,installed,2002,good,gas,138,1,,,,,true,true,,,1,,10/18/22
10147303,apartment,duplex,269000,forsale,9520,hyperequipped,2012,asnew,gas,131,3,,,,,true,,,1,1,,10/18/22
10147034,apartment,duplex,275000,forsale,5190,installed,2015,asnew,,70,3,,,,,true,true,,1,1,,10/18/22
10146855,apartment,apartment,485000,forsale,1170,usahyperequipped,2000,good,gas,117,3,,,,,true,,,,1,,10/18/22
10147247,apartment,apartment,890000,forsale,1180,,,asnew,gas,,2,,,true,,true,,,1,1,,10/18/22
10134002,apartment,apartment,150000,forsale,7000,usainstalled,,good,,91,1,,,true,,,,,,,,10/18/22
10135120,apartment,apartment,275000,forsale,3012,hyperequipped,1975,asnew,gas,296,2,,,,,,,,1,,,10/18/22
10153278,apartment,apartment,218000,forsale,9320,installed,1995,,gas,,2,,,,,,,,,,,10/18/22
10151559,apartment,apartment,695000,forsale,8301,hyperequipped,,,gas,156,3,,,,,true,,,,,,10/18/22
10151358,apartment,apartment,1495000,forsale,8300,,1967,justrenovated,,,3,,,true,,true,,,2,,,10/18/22
9669064,apartment,apartment,180000,forsale,4020,,2021,asnew,electric,,1,,,true,,true,,,,144,1,10/18/22
10139704,apartment,apartment,185000,forsale,3990,installed,2006,good,,138,2,,,true,,true,,,1,,,10/18/22
9677627,apartment,apartment,199000,forsale,2850,,,,,,1,,,,,true,,,1,,1,10/18/22
9882303,apartment,groundfloor,218000,forsale,9900,installed,2020,asnew,gas,,2,,,,46,true,,,1,1,1,10/18/22
9775758,apartment,groundfloor,218000,forsale,9900,installed,2020,asnew,gas,,2,,,,46,,,,1,1,1,10/18/22
9964973,apartment,apartment,239000,forsale,2850,,,,,,1,,,,40,true,,,1,,1,10/18/22
9432037,apartment,apartment,275000,forsale,8210,installed,,asnew,,,1,,,,,true,,,,,1,10/18/22
10024253,apartment,apartment,279500,forsale,4130,usauninstalled,2022,asnew,gas,,2,,,true,,true,,,8,8,1,10/18/22
10114816,apartment,flatstudio,285000,forsale,1000,usahyperequipped,2021,asnew,gas,,1,,,,,,,,,,1,10/18/22
10138394,apartment,apartment,289000,forsale,2940,,2018,asnew,gas,118,2,,,,,true,,,1,,,10/18/22
10002935,apartment,apartment,294000,forsale,8870,installed,2019,,gas,,3,,,,,true,,,,,1,10/18/22
10110880,apartment,apartment,295000,forsale,9052,installed,2022,,gas,,2,,,,,true,,,,,1,10/18/22
10158182,house,house,240000,forsale,5300,installed,,justrenovated,fueloil,299,2,300,true,true,,true,true,,1,2,,10/18/22
9625357,house,house,131000,forsale,2550,notinstalled,1930,,gas,371,3,1664,,true,1100,true,,,1,,,10/18/22
10158172,apartment,apartment,260000,forsale,8870,installed,2020,good,gas,47,2,,,,,true,,,,,,10/18/22
10158154,house,house,290000,forsale,7900,installed,2021,,gas,,3,515,true,,,,,,,2,1,10/18/22
10158153,house,bungalow,445000,forsale,1410,hyperequipped,1973,good,electric,555,2,681,true,,500,true,,,2,3,,10/18/22
10158149,apartment,flatstudio,59000,forsale,4000,notinstalled,,tobedoneup,,251,1,,,,,,,,,,,10/18/22
9641565,house,house,184000,forsale,2550,,,good,gas,,5,155,,true,,true,,,,1,,10/18/22
10121293,house,house,275000,forsale,1420,,,torenovate,fueloil,515,2,207,,,100,,true,,,,,10/18/22
10139821,apartment,groundfloor,299000,forsale,1040,,1956,good,fueloil,435,2,,,true,,true,,,,,,10/18/22
9833857,apartment,duplex,299500,forsale,9300,,2021,asnew,,,3,,,true,,true,true,,1,,1,10/18/22
10064901,apartment,flatstudio,300000,forsale,1180,usahyperequipped,2022,asnew,,55,0,,,true,32,true,,,,,1,10/18/22
10007877,apartment,apartment,309000,forsale,1050,installed,2022,asnew,gas,45,1,,,true,,true,true,,1,1,1,10/18/22
10007880,apartment,apartment,309000,forsale,1160,installed,2022,asnew,gas,45,1,,,true,,true,true,,1,1,1,10/18/22
10127988,apartment,apartment,375000,forsale,3300,installed,2021,asnew,gas,,3,,,,27,true,,,,,1,10/18/22
9804033,apartment,penthouse,380000,forsale,8000,hyperequipped,,asnew,gas,,2,,,,,true,,,,,1,10/18/22
9652454,apartment,penthouse,380000,forsale,8000,hyperequipped,,asnew,gas,,2,,,,,true,,,,,1,10/18/22
8498724,apartment,apartment,390000,forsale,8770,,2017,asnew,,,2,,,,,true,,,,,1,10/18/22
10110881,apartment,penthouse,395000,forsale,9052,installed,2022,,gas,,3,,,,,true,,,,,1,10/18/22
10123649,apartment,apartment,425000,forsale,1300,installed,,,gas,,2,,,,,true,,,1,,1,10/18/22
9097414,apartment,apartment,449000,forsale,9000,,2022,,,,2,,,true,,true,,,,,1,10/18/22
10140031,apartment,apartment,469000,forsale,2000,hyperequipped,,asnew,gas,187,2,,,,,true,,,,,,10/18/22
10085006,apartment,apartment,530000,forsale,1000,hyperequipped,,asnew,gas,,2,,,,,true,,,,,1,10/18/22
10123651,apartment,apartment,535000,forsale,1300,installed,2023,,gas,,3,,,,,true,,,25000,,1,10/18/22
8498728,apartment,apartment,575000,forsale,8770,,2018,asnew,,,3,,,,,true,,,,,1,10/18/22
9800521,apartment,penthouse,576000,forsale,4020,,2021,asnew,electric,,3,,,true,,true,,,,,1,10/18/22
8498727,apartment,apartment,585000,forsale,8770,,2018,asnew,,,3,,,,,true,,,,,1,10/18/22
7735869,apartment,apartment,630000,forsale,4900,hyperequipped,2017,asnew,pellet,,3,,,true,,true,,,1,,1,10/18/22
9542910,apartment,duplex,673000,forsale,1301,usahyperequipped,2022,asnew,gas,,3,,,true,610,true,,,2,2,1,10/18/22
9542911,apartment,duplex,697000,forsale,1301,usahyperequipped,2022,asnew,gas,,4,,,true,525,true,,,2,2,1,10/18/22
10057558,apartment,apartment,699000,forsale,2000,,1900,justrenovated,,93,2,,,,,true,,,,,,10/18/22
10121556,apartment,apartment,699000,forsale,8400,,2021,asnew,gas,,2,,,,,true,,,,,1,10/18/22
9732530,apartment,apartment,895000,forsale,4000,,2022,asnew,gas,,4,,,,,true,,,,,1,10/18/22
9928780,apartment,apartment,895000,forsale,4000,,2022,asnew,gas,,4,,,,,true,,,,,1,10/18/22
10084642,apartment,apartment,1225000,forsale,8400,hyperequipped,2022,asnew,,,3,,,,,true,,,1,,1,10/18/22
10157750,apartment,groundfloor,260000,forsale,5000,installed,2011,good,gas,155,2,,,true,30,true,,,,1,,10/18/22
10106943,apartment,apartment,399999,forsale,1200,hyperequipped,1964,,gas,210,2,,,true,,true,,,1,,,10/18/22
10157913,apartment,apartment,2150000,forsale,2000,,,good,gas,,4,,,,,true,,,,3,,10/18/22
10138384,apartmentgroup,apartmentgroup,186500-256500,forsale,2850,,,,,,,,,,,,,,,,1,10/18/22
10158182,house,house,240000,forsale,5300,installed,,justrenovated,fueloil,299,2,300,true,true,,true,true,,1,2,,10/18/22
9625357,house,house,131000,forsale,2550,notinstalled,1930,,gas,371,3,1664,,true,1100,true,,,1,,,10/18/22
10158172,apartment,apartment,260000,forsale,8870,installed,2020,good,gas,47,2,,,,,true,,,,,,10/18/22
10158154,house,house,290000,forsale,7900,installed,2021,,gas,,3,515,true,,,,,,,2,1,10/18/22
10158153,house,bungalow,445000,forsale,1410,hyperequipped,1973,good,electric,555,2,681,true,,500,true,,,2,3,,10/18/22
10158149,apartment,flatstudio,59000,forsale,4000,notinstalled,,tobedoneup,,251,1,,,,,,,,,,,10/18/22
9641565,house,house,184000,forsale,2550,,,good,gas,,5,155,,true,,true,,,,1,,10/18/22
10121293,house,house,275000,forsale,1420,,,torenovate,fueloil,515,2,207,,,100,,true,,,,,10/18/22
10138584,apartmentgroup,apartmentgroup,5250000-5250000,forsale,8300,,,,,,,,,,,,,,1,3,1,10/18/22
10143299,apartment,apartment,185000,forsale,1081,hyperequipped,,tobedoneup,gas,466,2,,,true,,true,,,,,,10/18/22
10131866,apartment,flatstudio,185000,forsale,8300,installed,1969,good,electric,393,1,,,,,true,,true,,,,10/18/22
10131865,apartment,flatstudio,185000,forsale,8301,installed,1969,good,electric,393,1,,,,,true,,true,,,,10/18/22
10071481,apartment,apartment,249000,forsale,8400,,2015,asnew,gas,102,2,,,,47,,,,,,,10/18/22
10131237,apartment,duplex,419000,forsale,2100,,1957,good,gas,215,4,,,true,82,true,,,,,,10/18/22
10130830,apartment,duplex,425000,forsale,2000,,,good,gas,130,3,,,true,,true,,,,,,10/18/22
10131888,apartment,apartment,450000,forsale,1150,usainstalled,1991,,gas,,3,,,true,,true,,,,,,10/18/22
10072084,apartment,apartment,230000,forsale,1080,installed,1966,good,gas,137,2,,,true,,true,,,1,,1,10/18/22
10151434,apartment,serviceflat,263550,forsale,2650,installed,2020,asnew,gas,,1,,,,,true,,,,,1,10/18/22
10151256,apartment,apartment,217500,forsale,9900,installed,,asnew,gas,,1,,,,,,,,,1,,10/18/22
10149049,apartment,apartment,240000,forsale,8400,,1936,,electric,214,2,,,true,107,,,,,,,10/18/22
10151221,apartment,apartment,279000,forsale,9052,hyperequipped,2021,asnew,gas,,1,,,,,,,,,,,10/18/22
10148868,apartment,apartment,331000,forsale,8850,hyperequipped,2020,,gas,,2,,,,,true,,,,,,10/18/22
10149786,apartment,duplex,455000,forsale,8420,,,asnew,,,4,,,,,true,,,1,,,10/18/22
10151222,apartment,penthouse,495000,forsale,9052,hyperequipped,2021,asnew,gas,,3,,,,,,,,,,,10/18/22
10136190,apartment,groundfloor,447175,forsale,1420,hyperequipped,2022,asnew,gas,,2,,,,,true,,,1,,,10/18/22
10138062,apartment,apartment,850000,forsale,8370,,1970,asnew,gas,221,6,,,,,,,,3,,,10/18/22
10155955,apartment,apartment,219000,forsale,9050,semiequipped,,,gas,274,2,,,,,true,,,1,,,10/18/22
10156571,apartment,groundfloor,275000,forsale,8434,installed,2024,,gas,,2,,,,,true,,,,,,10/18/22
10155155,apartment,serviceflat,340000,forsale,8670,installed,,asnew,,71,1,,,,,true,,,,1,,10/18/22
10136677,apartmentgroup,apartmentgroup,55000-429000,forsale,8400,,,,,,,,,,,,,,,,1,10/18/22
10137025,apartmentgroup,apartmentgroup,193030-361947,forsale,9800,,,,,,,,,,,,,,,,1,10/18/22
10056552,apartment,serviceflat,90000,forsale,3090,,2010,tobedoneup,electric,495,1,,,,,,,,,,,10/18/22
9665610,apartment,apartment,95000,forsale,7033,,,tobedoneup,gas,422,3,,,,,true,,,1,,,10/18/22
9839314,apartment,apartment,100000,forsale,5575,,,tobedoneup,electric,404,2,,,,20,true,,,,,,10/18/22
10061659,apartment,apartment,104000,forsale,4100,,,good,fueloil,225,1,,,,,,,,,,,10/18/22
9900108,apartment,apartment,119000,forsale,4800,installed,,good,gas,401,1,,,,,,,,,,,10/18/22
10008020,apartment,apartment,120000,forsale,2830,,1911,tobedoneup,gas,305,1,,,,,,,,,,,10/18/22
9749223,apartment,apartment,120000,forsale,6980,installed,,asnew,fueloil,277,2,,,,,,,,,,,10/18/22
10158182,house,house,240000,forsale,5300,installed,,justrenovated,fueloil,299,2,300,true,true,,true,true,,1,2,,10/18/22
9625357,house,house,131000,forsale,2550,notinstalled,1930,,gas,371,3,1664,,true,1100,true,,,1,,,10/18/22
10158172,apartment,apartment,260000,forsale,8870,installed,2020,good,gas,47,2,,,,,true,,,,,,10/18/22
10158154,house,house,290000,forsale,7900,installed,2021,,gas,,3,515,true,,,,,,,2,1,10/18/22
10158153,house,bungalow,445000,forsale,1410,hyperequipped,1973,good,electric,555,2,681,true,,500,true,,,2,3,,10/18/22
10158149,apartment,flatstudio,59000,forsale,4000,notinstalled,,tobedoneup,,251,1,,,,,,,,,,,10/18/22
9641565,house,house,184000,forsale,2550,,,good,gas,,5,155,,true,,true,,,,1,,10/18/22
10121293,house,house,275000,forsale,1420,,,torenovate,fueloil,515,2,207,,,100,,true,,,,,10/18/22
10023596,apartment,apartment,125000,forsale,8434,,1978,tobedoneup,electric,550,2,,,,,,,,,,,10/18/22
9900109,apartment,apartment,129000,forsale,4800,installed,,good,gas,240,2,,,,,,,,,,,10/18/22
9900106,apartment,apartment,129000,forsale,4800,installed,,good,gas,166,2,,,,,,,,,,,10/18/22
10026435,apartment,flatstudio,129000,forsale,8400,,2011,,gas,73,0,,,,,,,,,,,10/18/22
10067785,apartment,apartment,130000,forsale,7134,installed,2008,asnew,gas,104,1,,,true,,true,,,,1,,10/18/22
10071291,apartment,flatstudio,130000,forsale,8430,,1976,justrenovated,electric,395,0,,,,,,,,,,,10/18/22
10026106,apartment,flatstudio,139000,forsale,8430,installed,2005,good,electric,255,1,,,true,2,true,,,,,,10/18/22
10018287,apartment,flatstudio,139000,forsale,8620,,1976,,,388,0,,,,,true,,,,,,10/18/22
9882650,apartment,apartment,145000,forsale,8400,usainstalled,2010,,electric,277,2,,,true,,true,,,,,,10/18/22
10046421,apartment,groundfloor,149000,forsale,2020,installed,1968,tobedoneup,gas,279,1,,,true,58,,,,,,,10/18/22
10105250,apartment,apartment,150000,forsale,5310,installed,1989,good,,209,1,,,true,,,,,1,1,,10/18/22
10118313,apartment,apartment,150000,forsale,8400,installed,2002,good,electric,170,2,,,,4,,,,,,,10/18/22
10096741,apartment,apartment,155000,forsale,2600,usainstalled,,good,fueloil,278,1,,,true,,,,,1,1,,10/18/22
10054364,apartment,apartment,159000,forsale,2060,installed,,good,gas,378,1,,,,,,,,,,,10/18/22
9626730,apartment,apartment,159000,forsale,2100,installed,1970,asnew,gas,210,1,,,,,true,,,,,,10/18/22
9398347,apartment,apartment,160000,forsale,6980,installed,,asnew,fueloil,384,2,,,,,true,,,,,,10/18/22
9987273,apartment,apartment,162000,forsale,1400,semiequipped,,asnew,gas,250,1,,,,28,true,,,,,,10/18/22
10125240,apartment,apartment,165000,forsale,1090,notinstalled,1984,,gas,182,1,,,,,true,,,,,,10/18/22
9878158,apartment,flatstudio,177000,forsale,8400,,1968,,gas,213,0,,,true,,true,,,,1,,10/18/22
8418965,apartment,apartment,178000,forsale,1652,notinstalled,,,,144,1,,,,,true,,,,,,10/18/22
10115109,apartment,apartment,180000,forsale,1040,usainstalled,,tobedoneup,electric,279,1,,,true,,true,,,,1,,10/18/22
9946443,apartment,apartment,180000,forsale,8434,,1954,good,electric,215,1,,,true,,,true,,,,,10/18/22
10093720,apartment,flatstudio,185000,forsale,8430,,1984,good,electric,229,0,,,true,,true,,,,,,10/18/22
10017582,apartment,apartment,190000,forsale,8570,usainstalled,2020,good,,106,1,,,true,,true,,,,,,10/18/22
10017581,apartment,groundfloor,190000,forsale,8570,usainstalled,2020,good,,106,1,,,true,,true,,,,,,10/18/22
10120822,apartment,apartment,195000,forsale,2170,,,asnew,gas,475,2,,,,,true,,,,,,10/18/22
9181782,apartment,apartment,196450,forsale,6940,,2021,,gas,,1,,,,,,,,,,,10/18/22
10099281,apartment,apartment,199000,forsale,8500,installed,,good,gas,200,2,,,,,true,,,1,1,,10/18/22
10053919,apartment,apartment,199000,forsale,8900,,1991,asnew,electric,245,2,,,,,true,,,,,,10/18/22
10073749,apartment,apartment,199750,forsale,8600,,2018,,gas,81,1,,,,,true,,,1,,,10/18/22
10158182,house,house,240000,forsale,5300,installed,,justrenovated,fueloil,299,2,300,true,true,,true,true,,1,2,,10/18/22
9625357,house,house,131000,forsale,2550,notinstalled,1930,,gas,371,3,1664,,true,1100,true,,,1,,,10/18/22
10158172,apartment,apartment,260000,forsale,8870,installed,2020,good,gas,47,2,,,,,true,,,,,,10/18/22
10158154,house,house,290000,forsale,7900,installed,2021,,gas,,3,515,true,,,,,,,2,1,10/18/22
10158153,house,bungalow,445000,forsale,1410,hyperequipped,1973,good,electric,555,2,681,true,,500,true,,,2,3,,10/18/22
10158149,apartment,flatstudio,59000,forsale,4000,notinstalled,,tobedoneup,,251,1,,,,,,,,,,,10/18/22
9641565,house,house,184000,forsale,2550,,,good,gas,,5,155,,true,,true,,,,1,,10/18/22
10121293,house,house,275000,forsale,1420,,,torenovate,fueloil,515,2,207,,,100,,true,,,,,10/18/22
10032309,apartment,apartment,199750,forsale,8600,,2018,,gas,81,1,,,,,true,,,1,,,10/18/22
8358684,apartment,apartment,205000,forsale,8930,installed,,,gas,,2,,,,,true,,,,,,10/18/22
10107390,apartment,apartment,208000,forsale,7800,,2018,asnew,gas,80,1,,,true,,true,,,,,,10/18/22
9601367,apartment,apartment,209000,forsale,1020,semiequipped,,good,fueloil,702,2,,,true,,true,,,,,,10/18/22
9934491,apartment,groundfloor,213000,forsale,8460,hyperequipped,,good,gas,,1,,,,,,,,,,,10/18/22
9419793,apartment,duplex,215400,forsale,8434,hyperequipped,,asnew,gas,,1,,,,,true,,,,,,10/18/22
10084274,apartment,apartment,218000,forsale,1083,installed,,good,gas,208,2,,,true,,,,,,,,10/18/22
10071679,apartment,apartment,218000,forsale,3580,usahyperequipped,1957,good,gas,157,2,,,true,,true,true,,1,2,,10/18/22
10070412,apartment,flatstudio,220000,forsale,8430,notinstalled,,,,188,0,,,true,,,,,,,,10/18/22
10055144,apartment,apartment,225000,forsale,2060,usahyperequipped,,asnew,gas,184,1,,,,,true,,,,,,10/18/22
10125656,apartment,apartment,225000,forsale,8530,,2009,asnew,,119,2,,,true,,,,,,,,10/18/22
10051972,apartment,apartment,229000,forsale,3001,,1918,justrenovated,,274,1,,,,,,,,,,,10/18/22
10128045,apartment,apartment,229000,forsale,8470,installed,2021,,gas,148,2,,,,,true,,,,,,10/18/22
9557504,apartment,apartment,229900,forsale,2140,installed,,good,gas,195,3,,,true,,true,,,,,,10/18/22
9962440,apartment,apartment,232840,forsale,1140,installed,2021,,,,1,,,true,,true,,,1,,,10/18/22
9962444,apartment,apartment,234871,forsale,1140,installed,2021,,,,1,,,true,,true,,,1,,,10/18/22
9733522,apartment,apartment,235000,forsale,2140,,,good,gas,157,2,,,,,true,,,,,,10/18/22
8585646,apartment,apartment,237500,forsale,9700,,2015,asnew,gas,93.52,1,,,,,true,,,,,,10/18/22
8814751,apartment,serviceflat,237500,forsale,9700,,2015,asnew,gas,93.52,1,,,,,true,,,,,,10/18/22
9829115,apartment,apartment,238500,forsale,1000,usahyperequipped,2009,tobedoneup,,216,1,,,true,,,,,,1,,10/18/22
9913898,apartment,apartment,239000,forsale,1630,installed,,good,gas,,2,,,true,,true,,,,1,,10/18/22
9962441,apartment,apartment,239030,forsale,1140,installed,2021,,,,1,,,true,,true,,,1,,,10/18/22
10072134,apartment,groundfloor,240000,forsale,1180,installed,,good,electric,,1,,,,,,,,,,,10/18/22
8152275,apartment,apartment,243000,forsale,7370,installed,2020,asnew,gas,,3,,,,,true,,,1,1,,10/18/22
10103137,apartment,apartment,245000,forsale,2060,installed,,justrenovated,gas,153,2,,,,,true,,,,,,10/18/22
10019331,apartment,apartment,245000,forsale,4130,,2021,asnew,gas,115,3,,,true,,true,,,,2,,10/18/22
10044978,apartment,apartment,248000,forsale,9700,,2010,asnew,gas,219,1,,,true,,true,,,,,,10/18/22
10107264,apartment,apartment,249000,forsale,2060,,,justrenovated,fueloil,284,2,,,true,,true,,,2,1,,10/18/22
10114614,apartment,apartment,249000,forsale,3700,installed,2004,,gas,243,3,,,,,true,,,,,,10/18/22
10102042,apartment,apartment,255000,forsale,1160,installed,,good,electric,,2,,,,,,,,,,,10/18/22
10158182,house,house,240000,forsale,5300,installed,,justrenovated,fueloil,299,2,300,true,true,,true,true,,1,2,,10/18/22
9625357,house,house,131000,forsale,2550,notinstalled,1930,,gas,371,3,1664,,true,1100,true,,,1,,,10/18/22
10158172,apartment,apartment,260000,forsale,8870,installed,2020,good,gas,47,2,,,,,true,,,,,,10/18/22
10158154,house,house,290000,forsale,7900,installed,2021,,gas,,3,515,true,,,,,,,2,1,10/18/22
10158153,house,bungalow,445000,forsale,1410,hyperequipped,1973,good,electric,555,2,681,true,,500,true,,,2,3,,10/18/22
10158149,apartment,flatstudio,59000,forsale,4000,notinstalled,,tobedoneup,,251,1,,,,,,,,,,,10/18/22
9641565,house,house,184000,forsale,2550,,,good,gas,,5,155,,true,,true,,,,1,,10/18/22
10121293,house,house,275000,forsale,1420,,,torenovate,fueloil,515,2,207,,,100,,true,,,,,10/18/22
10020290,apartment,apartment,259000,forsale,9600,,1930,asnew,gas,71,1,,,,,,,,,,,10/18/22
9819158,apartment,duplex,259000,forsale,9600,,1930,asnew,gas,71,1,,,,,,,,,,,10/18/22
10069056,apartment,serviceflat,265000,forsale,8300,,2018,good,gas,84,1,,,,,true,,,,,,10/18/22
9535072,apartment,apartment,269000,forsale,1190,,,asnew,,60,0,,,,,true,,,,,,10/18/22
8814750,apartment,serviceflat,269000,forsale,9700,,2015,asnew,,102.47,1,,,,,true,,,,,,10/18/22
8067494,apartment,apartment,269000,forsale,9700,,2015,asnew,,102.47,1,,,,,true,,,,,,10/18/22
10066691,apartment,apartment,270000,forsale,2800,,1992,asnew,gas,121,2,,,true,,true,,,1,,,10/18/22
9610256,apartment,apartment,272500,forsale,5100,installed,2020,,gas,,2,,,,,true,,,,,,10/18/22
8754932,apartment,apartment,272500,forsale,5100,installed,2020,,gas,,2,,,,,true,,,,,,10/18/22
9967295,apartment,groundfloor,275000,forsale,1785,usainstalled,2006,asnew,gas,,2,,,,,,,,1,,,10/18/22
9998498,apartment,groundfloor,275000,forsale,3020,,1995,good,gas,216,2,,,,,true,,,,,,10/18/22
9947825,apartment,apartment,276000,forsale,8370,installed,2019,,gas,,1,,,,,true,,,,,,10/18/22
9937618,apartment,apartment,280000,forsale,1120,installed,1993,,,118,2,,,,,true,,,,1,,10/18/22
9997545,apartment,apartment,280000,forsale,2018,,,good,,618,3,,,true,,,,,,,,10/18/22
10103874,apartment,apartment,285000,forsale,3090,,1937,good,gas,302,3,,,,,true,,,,,,10/18/22
10106593,apartment,apartment,289000,forsale,2020,installed,1955,,gas,173,2,,,,,true,,,,,,10/18/22
10058229,apartment,flatstudio,290000,forsale,8300,installed,1977,justrenovated,gas,132,1,,,true,,,,,,1,,10/18/22
10109667,apartment,apartment,295000,forsale,1050,installed,1969,torenovate,gas,,2,,,,,true,,,,,,10/18/22
10093483,apartment,apartment,295000,forsale,2000,hyperequipped,,,electric,241,1,,,true,,,,,,,,10/18/22
9944787,apartment,apartment,297000,forsale,8630,installed,2022,asnew,gas,,2,,,,,true,,,,,,10/18/22
10042678,apartment,apartment,299000,forsale,8620,,2001,asnew,,341,2,,,true,,true,,,,,,10/18/22
9968085,apartment,groundfloor,299950,forsale,4041,,,,gas,72,2,,,true,,true,,,1,1,,10/18/22
9674630,apartment,apartment,309000,forsale,2000,semiequipped,,good,fueloil,,2,,,true,,true,,,,,,10/18/22
9935995,apartment,apartment,319000,forsale,2060,installed,2021,asnew,gas,,2,,,true,,true,,,,,,10/18/22
9865372,apartment,apartment,320000,forsale,1180,notinstalled,1920,torenovate,,,2,,,true,,true,,,,,,10/18/22
9962443,apartment,apartment,322585,forsale,1140,installed,2021,,,,3,,,true,,true,,,1,,,10/18/22
10087963,apartment,apartment,325000,forsale,3020,,2014,asnew,,184,2,,,,,true,true,,,1,,10/18/22
9933817,apartment,apartment,329000,forsale,2000,hyperequipped,,asnew,gas,117,2,,,,,true,,,,,,10/18/22
10119139,apartment,apartment,330000,forsale,1090,hyperequipped,1995,asnew,gas,,3,,,true,,true,,,2,,,10/18/22
10063580,apartment,apartment,330000,forsale,1180,installed,,asnew,gas,170,2,,,,,true,,,,,,10/18/22
10158182,house,house,240000,forsale,5300,installed,,justrenovated,fueloil,299,2,300,true,true,,true,true,,1,2,,10/18/22
9625357,house,house,131000,forsale,2550,notinstalled,1930,,gas,371,3,1664,,true,1100,true,,,1,,,10/18/22
10158172,apartment,apartment,260000,forsale,8870,installed,2020,good,gas,47,2,,,,,true,,,,,,10/18/22
10158154,house,house,290000,forsale,7900,installed,2021,,gas,,3,515,true,,,,,,,2,1,10/18/22
10158153,house,bungalow,445000,forsale,1410,hyperequipped,1973,good,electric,555,2,681,true,,500,true,,,2,3,,10/18/22
10158149,apartment,flatstudio,59000,forsale,4000,notinstalled,,tobedoneup,,251,1,,,,,,,,,,,10/18/22
9641565,house,house,184000,forsale,2550,,,good,gas,,5,155,,true,,true,,,,1,,10/18/22
10121293,house,house,275000,forsale,1420,,,torenovate,fueloil,515,2,207,,,100,,true,,,,,10/18/22
10012696,apartment,duplex,330000,forsale,2070,,2007,,gas,170,3,,,,40,true,,,1,2,,10/18/22
10076945,apartment,groundfloor,335000,forsale,4020,,,asnew,,170,1,,,true,,true,,,,,,10/18/22
10090990,apartment,apartment,338000,forsale,9050,,2012,asnew,gas,124,1,,,,,true,,,1,,,10/18/22
10107968,apartment,apartment,345000,forsale,1000,installed,2022,asnew,,,2,,,,,true,,,,,,10/18/22
9986644,apartment,duplex,345000,forsale,1030,,,torenovate,,,3,,,true,30,,true,,,,,10/18/22
10029455,apartment,apartment,345000,forsale,2000,,,good,gas,100,2,,,true,,,,,,,,10/18/22
10128032,apartment,duplex,349000,forsale,3050,,1994,asnew,,340,2,,,true,,true,,,1,,,10/18/22
9848117,apartment,apartment,349000,forsale,9890,,2008,asnew,gas,171,2,,,,,,,,,,,10/18/22
10127636,apartment,duplex,370000,forsale,1000,usainstalled,2014,good,gas,,2,,,true,12,true,,,1,,,10/18/22
9964183,apartment,duplex,375000,forsale,1180,installed,,good,,233,2,,,true,,true,,,,,,10/18/22
10114667,apartment,loft,380000,forsale,1000,usahyperequipped,,good,gas,245,2,,,true,,true,true,,,,,10/18/22
10112473,apartment,loft,380000,forsale,1080,usahyperequipped,,good,gas,245,2,,,true,,true,true,,,,,10/18/22
9973898,apartment,apartment,390000,forsale,8400,,2007,,,88,2,,,,,true,,,,,,10/18/22
10083476,apartment,apartment,395000,forsale,8300,installed,1990,,electric,123,2,,,,,,,,,,,10/18/22
9887300,apartment,apartment,395000,forsale,8790,,,asnew,,,3,,,,,true,,,,,,10/18/22
10076946,apartment,duplex,412400,forsale,4020,,,asnew,,132,2,,,true,,true,,,,,,10/18/22
10117643,apartment,apartment,420000,forsale,1730,,2020,good,,,3,,,,,true,true,,,,,10/18/22
10125546,apartment,duplex,424600,forsale,3060,hyperequipped,2020,asnew,electric,,3,,,,,true,,,,,,10/18/22
10103954,apartment,apartment,450000,forsale,1180,installed,,justrenovated,fueloil,,2,,,true,,,,,2,,,10/18/22
9980800,apartment,apartment,468000,forsale,8900,usainstalled,2005,asnew,electric,271,4,,,true,,true,,,2,,,10/18/22
10039189,apartment,penthouse,480000,forsale,2100,installed,1980,,gas,,3,,,,,true,,,,,,10/18/22
10085863,apartment,groundfloor,490000,forsale,2180,,2011,asnew,gas,157,2,,,,,true,,,,,,10/18/22
9028053,apartment,apartment,500000,forsale,2000,usahyperequipped,2020,,gas,,2,,,true,,true,,,,,,10/18/22
10056676,apartment,apartment,562000,forsale,1780,installed,2021,asnew,gas,,3,,,,,true,,,,,,10/18/22
10007053,apartment,apartment,575000,forsale,1050,usahyperequipped,,,gas,527,2,,,true,,true,,,,,,10/18/22
10121753,apartment,apartment,595000,forsale,1190,notinstalled,1900,torenovate,gas,,3,,,,,true,,,,,,10/18/22
9768980,apartment,duplex,595000,forsale,2540,installed,2005,good,gas,168,3,,,,,true,,,1,,,10/18/22
10077984,apartment,apartment,599000,forsale,2018,,1961,,gas,154,3,,,true,,true,,,1,,,10/18/22
9965964,apartment,apartment,620000,forsale,3500,installed,2021,asnew,gas,,2,,,,,,,,,,,10/18/22
9710884,apartment,serviceflat,646000,forsale,8300,usahyperequipped,2021,asnew,,,1,,,true,,true,,,1,,,10/18/22
10158182,house,house,240000,forsale,5300,installed,,justrenovated,fueloil,299,2,300,true,true,,true,true,,1,2,,10/18/22
9625357,house,house,131000,forsale,2550,notinstalled,1930,,gas,371,3,1664,,true,1100,true,,,1,,,10/18/22
10158172,apartment,apartment,260000,forsale,8870,installed,2020,good,gas,47,2,,,,,true,,,,,,10/18/22
10158154,house,house,290000,forsale,7900,installed,2021,,gas,,3,515,true,,,,,,,2,1,10/18/22
10158153,house,bungalow,445000,forsale,1410,hyperequipped,1973,good,electric,555,2,681,true,,500,true,,,2,3,,10/18/22
10158149,apartment,flatstudio,59000,forsale,4000,notinstalled,,tobedoneup,,251,1,,,,,,,,,,,10/18/22
9641565,house,house,184000,forsale,2550,,,good,gas,,5,155,,true,,true,,,,1,,10/18/22
10121293,house,house,275000,forsale,1420,,,torenovate,fueloil,515,2,207,,,100,,true,,,,,10/18/22
10042473,apartment,apartment,650000,forsale,8300,installed,2008,asnew,gas,157,3,,,,,true,,,1,,,10/18/22
10042471,apartment,apartment,650000,forsale,8301,installed,2008,asnew,gas,157,3,,,,,true,,,1,,,10/18/22
9939526,apartment,penthouse,695000,forsale,1050,usahyperequipped,2021,asnew,gas,,2,,,true,,true,,,7,,,10/18/22
10068849,apartment,apartment,695000,forsale,1850,installed,,justrenovated,gas,120,3,,,,,true,true,,1,,,10/18/22
9939951,apartment,apartment,695000,forsale,2240,hyperequipped,,asnew,gas,,3,,,,169,true,,,,,,10/18/22
9978830,apartment,apartment,745000,forsale,2018,,1923,,gas,168,2,,,,,true,,,,,,10/18/22
10126021,apartment,apartment,745000,forsale,2600,,1923,,gas,168,2,,,,,true,,,,,,10/18/22
9498631,apartment,penthouse,749000,forsale,2000,installed,,asnew,gas,,3,,,,,true,,,,,,10/18/22
10060537,apartment,penthouse,875000,forsale,9000,,2022,,electric,74,3,,,,,true,,,,,,10/18/22
10002956,apartment,apartment,895000,forsale,8301,installed,1979,,gas,88,3,,,,,,,,,,,10/18/22
10109682,apartment,apartment,995000,forsale,8300,usahyperequipped,2014,asnew,gas,66.44,2,,,true,,true,,,1,1,,10/18/22
9862972,apartment,penthouse,1400000,forsale,1180,,2022,asnew,,544,2,,,true,,true,,,2,,,10/18/22
10047380,apartment,apartment,1495000,forsale,8300,usasemiequipped,1967,justrenovated,,84,3,,,,,true,,,,,,10/18/22
9059583,apartment,apartment,1537000,forsale,1000,,2018,asnew,gas,75,2,,,,,true,,,2,50,,10/18/22
10026628,apartment,apartment,240000,forsale,1420,installed,1990,good,gas,130,2,,,,,,,,1,,,10/18/22
10026629,apartment,apartment,275000,forsale,1420,installed,1990,good,gas,96,3,,,,,,,,1,,,10/18/22
10132493,apartment,apartment,329000,forsale,1080,usasemiequipped,1974,good,electric,234,3,,,true,,true,,,,,,10/18/22
10132140,apartment,apartment,545000,forsale,9300,hyperequipped,2001,,gas,158,2,,true,,,,,,,,,10/18/22
10149431,apartment,apartment,1350000,forsale,8400,hyperequipped,,asnew,gas,162,5,,,true,,true,,,2,2,1,10/18/22
10146953,apartment,flatstudio,235000,forsale,2000,,,good,,125,0,,,true,,true,,,,1,,10/18/22
10134379,apartment,flatstudio,175000,forsale,9000,installed,2005,,,276,1,,,,,true,,,,,,10/18/22
10134990,apartment,apartment,198000,forsale,9500,hyperequipped,,asnew,gas,,1,,,true,,,,,1,1,,10/18/22
10134989,apartment,apartment,211000,forsale,9500,hyperequipped,,asnew,gas,,1,,,true,,true,,,1,1,,10/18/22
10134987,apartment,apartment,223000,forsale,9500,hyperequipped,,asnew,gas,,2,,,true,,true,,,1,1,,10/18/22
10134317,apartment,apartment,595000,forsale,1150,hyperequipped,2020,good,gas,,1,,,true,,true,,,,,,10/18/22
10152789,apartment,apartment,242000,forsale,9340,hyperequipped,2022,asnew,,,1,,,,,true,,,,,,10/18/22
10153986,apartment,apartment,310000,forsale,8301,,1996,tobedoneup,,98,2,,,,,true,,,,1,,10/18/22
10151999,apartment,apartment,385000,forsale,2800,hyperequipped,,,,265,2,,,,,,,,,,,10/18/22
9772704,apartment,apartment,149500,forsale,7866,installed,2021,asnew,gas,,1,,,,,true,,,,4,1,10/18/22
9735141,apartment,apartment,162500,forsale,6141,hyperequipped,,asnew,gas,72,2,,,,,,,,,1,1,10/18/22
10158182,house,house,240000,forsale,5300,installed,,justrenovated,fueloil,299,2,300,true,true,,true,true,,1,2,,10/18/22
9625357,house,house,131000,forsale,2550,notinstalled,1930,,gas,371,3,1664,,true,1100,true,,,1,,,10/18/22
10158172,apartment,apartment,260000,forsale,8870,installed,2020,good,gas,47,2,,,,,true,,,,,,10/18/22
10158154,house,house,290000,forsale,7900,installed,2021,,gas,,3,515,true,,,,,,,2,1,10/18/22
10158153,house,bungalow,445000,forsale,1410,hyperequipped,1973,good,electric,555,2,681,true,,500,true,,,2,3,,10/18/22
10158149,apartment,flatstudio,59000,forsale,4000,notinstalled,,tobedoneup,,251,1,,,,,,,,,,,10/18/22
9641565,house,house,184000,forsale,2550,,,good,gas,,5,155,,true,,true,,,,1,,10/18/22
10121293,house,house,275000,forsale,1420,,,torenovate,fueloil,515,2,207,,,100,,true,,,,,10/18/22
9805723,apartment,apartment,170000,forsale,6000,hyperequipped,2021,asnew,gas,116,1,,,true,,true,,,,,1,10/18/22
9425110,apartment,apartment,192000,forsale,1435,usahyperequipped,2022,,gas,105,1,,,,49,true,,,1,,1,10/18/22
9099473,apartment,apartment,232140,forsale,7070,installed,2021,,gas,71,2,,,,,,,,,,1,10/18/22
10128044,apartment,apartment,249500,forsale,8470,installed,2021,,gas,97,2,,,,35,true,,,,,1,10/18/22
9805738,apartment,apartment,255000,forsale,6000,hyperequipped,2021,asnew,gas,116,3,,true,true,,,,,1,,1,10/18/22
10107757,apartment,apartment,264000,forsale,9600,installed,2022,,gas,,2,,,,,true,,,,,1,10/18/22
9983127,apartment,apartment,265000,forsale,8620,,1993,asnew,electric,343,1,,,,,,,,,,,10/18/22
10125851,apartment,apartment,265000,forsale,8750,installed,2021,,gas,40,2,,,,,true,,,,,1,10/18/22
9765901,apartment,apartment,275000,forsale,2830,installed,2022,,,,2,,,,96,true,,,,,1,10/18/22
10139487,apartment,apartment,279000,forsale,1030,,,,,217,1,,,true,,,,,1,,,10/18/22
10138382,apartment,apartment,299000,forsale,9990,hyperequipped,2020,,gas,85,2,,,,,,,,,,,10/18/22
10067025,apartment,apartment,312000,forsale,3300,usahyperequipped,2022,,,,2,,,,,true,,,,1,1,10/18/22
9729393,apartment,apartment,362100,forsale,2950,installed,2022,asnew,,,2,,,,,true,,,,1,1,10/18/22
10138639,apartment,groundfloor,399000,forsale,1040,notinstalled,1930,torenovate,gas,483,3,,,,100,true,,,1,,,10/18/22
10055397,apartment,apartment,415000,forsale,1500,installed,2019,asnew,,,3,,,true,,true,,,1,,1,10/18/22
10077637,apartment,apartment,418000,forsale,8790,installed,2021,asnew,,,3,,,,,true,,,1,,1,10/18/22
10099599,apartment,apartment,452539,forsale,7850,hyperequipped,2022,asnew,gas,51,3,,,true,,true,,,,1,1,10/18/22
10055398,apartment,apartment,499000,forsale,1500,installed,2019,asnew,,,3,,,true,,true,,,1,,1,10/18/22
10090345,apartment,penthouse,600000,forsale,3000,hyperequipped,,asnew,gas,60,3,,,,,true,,,,,1,10/18/22
10090347,apartment,penthouse,700000,forsale,3000,hyperequipped,,asnew,gas,60,3,,,,,true,,,,,1,10/18/22
9981901,apartment,duplex,1725000,forsale,9000,installed,2021,asnew,,,2,,,true,,true,,,,,1,10/18/22
10106233,apartment,groundfloor,1800000,forsale,3080,usahyperequipped,2023,,,,3,,,true,,true,,,1,1,1,10/18/22
9782359,apartment,apartment,6950000,forsale,8300,usahyperequipped,2021,,gas,,3,,,,,true,,true,,,1,10/18/22
10157579,apartment,apartment,159000,forsale,1070,notinstalled,1963,good,fueloil,388,2,,,true,,true,,,,,,10/18/22
10143534,apartment,apartment,180000,forsale,1300,semiequipped,1972,tobedoneup,gas,136,2,,,true,,true,,,1,,,10/18/22
10143799,apartment,groundfloor,325000,forsale,1050,,1937,good,gas,349,1,,,,,true,,,,,,10/18/22
10143085,apartment,penthouse,490000,forsale,9000,usahyperequipped,2017,good,gas,54,2,,,,,true,true,,1,1,,10/18/22
10130260,apartment,apartment,148000,forsale,4000,installed,,asnew,gas,372,2,,,true,,,,,,,,10/18/22
10130497,apartment,apartment,200000,forsale,1400,installed,,good,gas,192,2,,,true,,true,,,1,,,10/18/22
10131987,apartment,apartment,260000,forsale,2850,installed,,asnew,gas,297,3,,,true,,true,,,1,,,10/18/22
10158182,house,house,240000,forsale,5300,installed,,justrenovated,fueloil,299,2,300,true,true,,true,true,,1,2,,10/18/22
9625357,house,house,131000,forsale,2550,notinstalled,1930,,gas,371,3,1664,,true,1100,true,,,1,,,10/18/22
10158172,apartment,apartment,260000,forsale,8870,installed,2020,good,gas,47,2,,,,,true,,,,,,10/18/22
10158154,house,house,290000,forsale,7900,installed,2021,,gas,,3,515,true,,,,,,,2,1,10/18/22
10158153,house,bungalow,445000,forsale,1410,hyperequipped,1973,good,electric,555,2,681,true,,500,true,,,2,3,,10/18/22
10158149,apartment,flatstudio,59000,forsale,4000,notinstalled,,tobedoneup,,251,1,,,,,,,,,,,10/18/22
9641565,house,house,184000,forsale,2550,,,good,gas,,5,155,,true,,true,,,,1,,10/18/22
10121293,house,house,275000,forsale,1420,,,torenovate,fueloil,515,2,207,,,100,,true,,,,,10/18/22
10146582,apartment,flatstudio,129000,forsale,1020,semiequipped,,good,gas,,0,,,true,,,,,,,,10/18/22
10104799,apartment,apartment,300000,forsale,1050,,,asnew,gas,317,2,,,,,,,,,,,10/18/22
10099395,apartment,apartment,289000,forsale,2260,hyperequipped,1995,good,,227,2,,,,,true,,,1,1,,10/18/22
10133521,apartment,apartment,650000,forsale,8300,,1992,,gas,130,2,,,,,,,,,,,10/18/22
10133520,apartment,apartment,650000,forsale,8300,,1992,,gas,130,2,,,,,,,,,,,10/18/22
10133519,apartment,apartment,775000,forsale,8300,,1992,,gas,150,2,,,,,,,,,,,10/18/22
10152304,apartment,apartment,427125,forsale,1420,,2022,good,,,2,,,,146,true,,,,,1,10/18/22
10150920,apartment,flatstudio,119000,forsale,1020,semiequipped,1976,,gas,,0,,,true,,true,,,,,,10/18/22
10130498,apartment,groundfloor,190000,forsale,1400,installed,,good,gas,269,2,,,true,,true,,,1,,,10/18/22
10150683,apartment,apartment,198000,forsale,1081,,,tobedoneup,gas,224,2,,,,,true,,,,,,10/18/22
10150515,apartment,apartment,198000,forsale,8434,installed,2008,good,,,1,,,,16,,,,1,1,,10/18/22
10148706,apartment,groundfloor,274900,forsale,2070,installed,,asnew,gas,151,2,,,true,,true,,,1,1,,10/18/22
10112693,apartment,apartment,425000,forsale,1300,hyperequipped,1990,good,electric,294,3,,true,true,240,true,true,,1,1,,10/18/22
10151063,apartment,duplex,860000,forsale,8420,,2012,good,,143,3,,,,,true,,,,,,10/18/22
9846325,apartmentgroup,apartmentgroup,199000-388750,forsale,9220,,,,,,,,,,,,,,,,1,10/18/22
10142598,apartmentgroup,apartmentgroup,227425-328114,forsale,3200,,,,,,,,,,,,,,,,1,10/18/22
10137200,apartment,apartment,575000,forsale,1050,installed,1934,,,260,3,,,,,true,,,,,,10/18/22
10155697,apartment,duplex,148000,forsale,1420,,,torenovate,electric,667,2,,,true,,,true,,,,,10/18/22
10154762,apartment,groundfloor,250000,forsale,9000,,,asnew,gas,203,1,,,,,,,,,,,10/18/22
10085869,apartment,apartment,175000,forsale,1400,installed,1990,torenovate,electric,,2,,,true,,true,,,1,1,,10/18/22
10141758,apartment,apartment,380000,forsale,8400,hyperequipped,1964,justrenovated,gas,,2,,,true,,,,,,,,10/18/22
10142231,apartment,duplex,780000,forsale,1180,hyperequipped,,asnew,gas,248,4,,,true,,true,,,,2,,10/18/22
9871144,apartment,flatstudio,54900,forsale,6000,notinstalled,1964,torenovate,gas,457,1,,,true,113,,,,,,,10/18/22
10028420,apartment,flatstudio,89500,forsale,5580,installed,,tobedoneup,gas,428,1,,,,,true,,,,,,10/18/22
9911032,apartment,apartment,90000,forsale,8430,,1954,good,gas,230,1,,,,,,,,,,,10/18/22
10049588,apartment,apartment,94900,forsale,4101,semiequipped,,good,gas,286,1,,,true,,,,,,,,10/18/22
9923773,apartment,apartment,95000,forsale,8430,,1954,good,gas,345,1,,,,,,,,,,,10/18/22
10025189,apartment,flatstudio,99000,forsale,4000,semiequipped,,good,gas,218,1,,,,,,,,,1,,10/18/22
9997491,apartment,flatstudio,99000,forsale,8434,,1966,tobedoneup,gas,269,0,,,,,true,,,,,,10/18/22
10076780,apartment,apartment,110000,forsale,2100,,1970,tobedoneup,,537,2,,,,,,,,,,,10/18/22
10158182,house,house,240000,forsale,5300,installed,,justrenovated,fueloil,299,2,300,true,true,,true,true,,1,2,,10/18/22
9625357,house,house,131000,forsale,2550,notinstalled,1930,,gas,371,3,1664,,true,1100,true,,,1,,,10/18/22
10158172,apartment,apartment,260000,forsale,8870,installed,2020,good,gas,47,2,,,,,true,,,,,,10/18/22
10158154,house,house,290000,forsale,7900,installed,2021,,gas,,3,515,true,,,,,,,2,1,10/18/22
10158153,house,bungalow,445000,forsale,1410,hyperequipped,1973,good,electric,555,2,681,true,,500,true,,,2,3,,10/18/22
10158149,apartment,flatstudio,59000,forsale,4000,notinstalled,,tobedoneup,,251,1,,,,,,,,,,,10/18/22
9641565,house,house,184000,forsale,2550,,,good,gas,,5,155,,true,,true,,,,1,,10/18/22
10121293,house,house,275000,forsale,1420,,,torenovate,fueloil,515,2,207,,,100,,true,,,,,10/18/22
10020772,apartment,kot,126000,forsale,2018,hyperequipped,,good,fueloil,140,1,,,,,true,,,,,,10/18/22
10075987,apartment,flatstudio,127500,forsale,2000,,1999,good,electric,240,0,,,,,,,,,,,10/18/22
10075986,apartment,flatstudio,127500,forsale,2000,,1999,good,electric,246,0,,,,,,,,,,,10/18/22
9824186,apartment,apartment,129000,forsale,4000,,,good,,367,2,,,,,,,,,,,10/18/22
10078415,apartment,apartment,130000,forsale,2140,,1983,torenovate,,303,2,,,,,,,,,,,10/18/22
10020773,apartment,kot,132000,forsale,2018,hyperequipped,,good,fueloil,140,1,,,,,true,,,,,,10/18/22
9955579,apartment,apartment,135000,forsale,4000,,,good,gas,233,1,,,true,,,,,,,,10/18/22
9920669,apartment,apartment,135000,forsale,4030,semiequipped,,asnew,electric,390,1,,,,,,,,,,,10/18/22
10120967,apartment,flatstudio,139000,forsale,2018,installed,,good,gas,501,1,,,,,true,,,,,,10/18/22
9682549,apartment,apartment,139000,forsale,8450,hyperequipped,1966,,fueloil,256,1,,,true,,,,,,1,,10/18/22
10062648,apartment,flatstudio,147500,forsale,8370,installed,1970,good,gas,158,0,,,true,,,,,,,,10/18/22
9794050,apartment,apartment,148000,forsale,9870,,1994,,electric,246,0,,,,,,,,1,,,10/18/22
10086057,apartment,apartment,149000,forsale,5300,installed,,good,fueloil,343,2,,,,,true,,,,1,,10/18/22
9997640,apartment,groundfloor,149000,forsale,6870,installed,,justrenovated,,148,2,,,,,true,,,,1,,10/18/22
9966657,apartment,groundfloor,149500,forsale,7100,,,tobedoneup,gas,482,2,,,true,169,,,,1,,,10/18/22
9831326,apartment,apartment,150000,forsale,9051,hyperequipped,1993,asnew,electric,187,1,,,,,true,,,1,,,10/18/22
10100991,apartment,apartment,155000,forsale,6940,installed,,good,electric,222,2,,,,,,,,,,,10/18/22
9907466,apartment,apartment,159000,forsale,2170,installed,1930,asnew,gas,646,1,,,true,,,,,,,,10/18/22
10008254,apartment,apartment,159000,forsale,5190,semiequipped,,good,fueloil,191,2,,,,,,,,,,,10/18/22
9932342,apartment,apartment,159000,forsale,7100,usainstalled,2005,asnew,gas,126,2,,,,,,,,,,,10/18/22
9688015,apartment,apartment,159000,forsale,8370,installed,1982,asnew,electric,328,1,,,,,,,,,,,10/18/22
8619798,apartment,serviceflat,159000,forsale,8560,installed,,,gas,,2,,,,,true,,,1,,,10/18/22
10068977,apartment,apartment,164000,forsale,4020,,,good,,198,2,,,,,true,,,,,,10/18/22
9972107,apartment,apartment,165000,forsale,4000,,,good,gas,321,2,,,true,,,,,,,,10/18/22
9651155,apartment,apartment,165000,forsale,8610,,1990,good,electric,429,3,,,,,,,,,,,10/18/22
9828254,apartment,apartment,169000,forsale,1070,installed,1958,good,electric,1156,2,,,,,true,,,,,,10/18/22
10126010,apartment,flatstudio,169000,forsale,2140,,1974,asnew,,189,0,,,,,,,,,,,10/18/22
9997636,apartment,apartment,169000,forsale,3300,semiequipped,,good,gas,351,2,,,true,,true,,,1,1,,10/18/22
10059176,apartment,flatstudio,169000,forsale,8370,installed,1980,asnew,gas,523,0,,,,,true,,,,,,10/18/22
10035169,apartment,apartment,169000,forsale,8430,,1960,good,gas,,2,,,,,true,,,,,,10/18/22
10158182,house,house,240000,forsale,5300,installed,,justrenovated,fueloil,299,2,300,true,true,,true,true,,1,2,,10/18/22
9625357,house,house,131000,forsale,2550,notinstalled,1930,,gas,371,3,1664,,true,1100,true,,,1,,,10/18/22
10158172,apartment,apartment,260000,forsale,8870,installed,2020,good,gas,47,2,,,,,true,,,,,,10/18/22
10158154,house,house,290000,forsale,7900,installed,2021,,gas,,3,515,true,,,,,,,2,1,10/18/22
10158153,house,bungalow,445000,forsale,1410,hyperequipped,1973,good,electric,555,2,681,true,,500,true,,,2,3,,10/18/22
10158149,apartment,flatstudio,59000,forsale,4000,notinstalled,,tobedoneup,,251,1,,,,,,,,,,,10/18/22
9641565,house,house,184000,forsale,2550,,,good,gas,,5,155,,true,,true,,,,1,,10/18/22
10121293,house,house,275000,forsale,1420,,,torenovate,fueloil,515,2,207,,,100,,true,,,,,10/18/22
10109083,apartment,apartment,170000,forsale,9700,,1975,asnew,,500,2,,,true,,true,,,,,,10/18/22
9945373,apartment,penthouse,172500,forsale,9900,installed,,good,electric,251,3,,,,,,,,1,,,10/18/22
10069019,apartment,apartment,175000,forsale,4053,,,asnew,gas,159,1,,,,,,,,2,,,10/18/22
10128499,apartment,apartment,179000,forsale,1070,installed,,good,gas,189,1,,,,,,,,,,,10/18/22
9982607,apartment,flatstudio,179000,forsale,8670,,1969,good,,228,0,,,true,,,,,,1,,10/18/22
10054444,apartment,apartment,179000,forsale,9550,installed,2007,asnew,,213,1,,,,,true,,,1,1,,10/18/22
10007689,apartment,apartment,179900,forsale,2018,,,tobedoneup,electric,1050,1,,,,,,,,,,,10/18/22
10065697,apartment,apartment,180000,forsale,1081,installed,1992,good,electric,442,2,,,true,,true,,,,,,10/18/22
10103884,apartment,apartment,180000,forsale,4000,,,good,,194,2,,,,,true,,,,,,10/18/22
10093775,apartment,apartment,180000,forsale,8730,,2009,asnew,electric,470,2,,,,,,,,,,,10/18/22
9613966,apartment,apartment,180000,forsale,9060,,1968,good,,147,2,,,,,,,,,,,10/18/22
10054323,apartment,apartment,184000,forsale,8400,,1964,,,193,2,,,true,,true,,,1,,,10/18/22
10020584,apartment,apartment,185000,forsale,8400,installed,1990,,gas,104,1,,,true,,,,,1,,,10/18/22
9613967,apartment,apartment,185000,forsale,9060,,1968,good,,133,2,,,,4,,,,,,,10/18/22
9613965,apartment,apartment,185000,forsale,9060,,1968,good,,119,2,,,,4,,,,,,,10/18/22
10044195,apartment,apartment,189000,forsale,1190,installed,1972,good,gas,80,2,,,true,,true,,,,,,10/18/22
9995319,apartment,duplex,189000,forsale,7100,installed,,asnew,gas,145,3,,,,,true,,,1,,,10/18/22
10040409,apartment,apartment,189000,forsale,8370,,1976,,,112,2,,,true,,true,,,1,,,10/18/22
9788474,apartment,apartment,189000,forsale,8400,,1963,asnew,,254,2,,,true,,true,,,1,,,10/18/22
10103530,apartment,apartment,190000,forsale,4000,,,good,,292,2,,,true,,true,,,,,,10/18/22
10017621,apartment,apartment,195000,forsale,1083,,,,,345,2,,,true,,true,,,,,,10/18/22
9848699,apartment,apartment,195000,forsale,4420,installed,,asnew,electric,132,2,,,,,true,,,,1,,10/18/22
9848696,apartment,apartment,195000,forsale,4420,installed,,asnew,electric,132,2,,,,,true,,,,1,,10/18/22
10125375,apartment,apartment,195000,forsale,9506,installed,1993,good,,,2,,,,,true,,,,1,,10/18/22
10055182,apartment,apartment,199000,forsale,2440,installed,1962,,fueloil,175,2,,,,,,,,,,,10/18/22
10083956,apartment,serviceflat,199000,forsale,3360,,1991,asnew,gas,303,1,,,,,true,,,,,,10/18/22
10034690,apartment,apartment,199000,forsale,4280,installed,,justrenovated,electric,577,2,,,,,,true,,,,,10/18/22
10117860,apartment,apartment,199000,forsale,6001,hyperequipped,2010,asnew,gas,101,2,,true,true,,true,,,1,,,10/18/22
9874328,apartment,apartment,199500,forsale,2610,,,torenovate,gas,162,2,,,,,true,,,1,1,,10/18/22
10069588,apartment,groundfloor,205000,forsale,6001,installed,,asnew,gas,170,2,,,true,,true,,,1,,,10/18/22
10158182,house,house,240000,forsale,5300,installed,,justrenovated,fueloil,299,2,300,true,true,,true,true,,1,2,,10/18/22
9625357,house,house,131000,forsale,2550,notinstalled,1930,,gas,371,3,1664,,true,1100,true,,,1,,,10/18/22
10158172,apartment,apartment,260000,forsale,8870,installed,2020,good,gas,47,2,,,,,true,,,,,,10/18/22
10158154,house,house,290000,forsale,7900,installed,2021,,gas,,3,515,true,,,,,,,2,1,10/18/22
10158153,house,bungalow,445000,forsale,1410,hyperequipped,1973,good,electric,555,2,681,true,,500,true,,,2,3,,10/18/22
10158149,apartment,flatstudio,59000,forsale,4000,notinstalled,,tobedoneup,,251,1,,,,,,,,,,,10/18/22
9641565,house,house,184000,forsale,2550,,,good,gas,,5,155,,true,,true,,,,1,,10/18/22
10121293,house,house,275000,forsale,1420,,,torenovate,fueloil,515,2,207,,,100,,true,,,,,10/18/22
10092434,apartment,apartment,205000,forsale,8820,,2007,asnew,,104,2,,,,,true,,,,,,10/18/22
10067574,apartment,apartment,209000,forsale,9160,usahyperequipped,2022,asnew,,192,2,,,,,true,,,6,,,10/18/22
10012127,apartment,apartment,210000,forsale,1400,installed,,good,gas,148,2,,,true,,true,,,1,1,,10/18/22
9955848,apartment,apartment,210000,forsale,1400,installed,,good,gas,184,2,,,true,,true,,,1,,,10/18/22
9955847,apartment,apartment,210000,forsale,1400,installed,,good,gas,157,2,,,true,,true,,,1,,,10/18/22
9955845,apartment,apartment,210000,forsale,1400,installed,,good,gas,151,2,,,true,,true,,,1,,,10/18/22
10028196,apartment,apartment,210000,forsale,8580,,1950,justrenovated,,204,2,,,,,true,,,,,,10/18/22
10105944,apartment,apartment,215000,forsale,2100,installed,,asnew,gas,221,3,,,,,true,,,,1,,10/18/22
9918729,apartment,serviceflat,215000,forsale,3360,,1991,asnew,gas,303,1,,,,,true,,,,,,10/18/22
10108811,apartment,apartment,215000,forsale,8670,,1955,,electric,392,2,,,,,,,,,1,,10/18/22
8933927,apartment,groundfloor,219000,forsale,2930,installed,,good,,85,1,,,,,true,,,,,,10/18/22
9988747,apartment,apartment,220000,forsale,4041,installed,2014,asnew,gas,96,2,,,,100,true,,,1,1,,10/18/22
10018565,apartment,duplex,220000,forsale,4800,installed,,asnew,gas,91,3,,,,,,true,,,1,,10/18/22
9781949,apartment,serviceflat,220000,forsale,8310,installed,1973,asnew,gas,171,2,,,,,,,,,,,10/18/22
10089786,apartment,apartment,220000,forsale,8370,,1899,,,187,2,,,,,true,,,,,,10/18/22
10059202,apartment,apartment,220000,forsale,8370,,1967,justrenovated,,265,1,,,,,,,,,,,10/18/22
10014582,apartment,apartment,220000,forsale,8370,,2007,,,96,2,,,,,,,,,1,,10/18/22
9819441,apartment,apartment,220000,forsale,8400,,1962,,gas,177,2,,,,,,,,,,,10/18/22
9819440,apartment,apartment,220000,forsale,8400,,1962,,gas,135,2,,,,,,,,,,,10/18/22
9768564,apartment,duplex,224500,forsale,8790,installed,2000,good,electric,331,3,,,,,true,,,,,,10/18/22
9817090,apartment,apartment,225000,forsale,1853,semiequipped,,good,gas,681,2,,,,,true,,,1,1,,10/18/22
9876811,apartment,serviceflat,225000,forsale,3300,,2014,good,gas,101.58,1,,,,,,,,,,,10/18/22
9903846,apartment,duplex,225000,forsale,5377,installed,,asnew,fueloil,565,3,,,,54515,,,true,2,2,,10/18/22
10100270,apartment,apartment,225000,forsale,9120,installed,,,gas,714,2,,,,,true,,,1,,,10/18/22
10010636,apartment,apartment,229000,forsale,1420,,1933,tobedoneup,gas,294,2,,,,,,,,,,,10/18/22
10086867,apartment,apartment,229000,forsale,5030,semiequipped,1975,,gas,129,2,,,true,,true,,,,,,10/18/22
10122695,apartment,duplex,229900,forsale,6000,,1899,justrenovated,gas,158,2,,,true,,true,,,,,,10/18/22
9896551,apartment,apartment,235000,forsale,1210,installed,1966,good,gas,159,3,,,,,true,,,,,,10/18/22
9971031,apartment,groundfloor,235000,forsale,1853,usainstalled,,good,gas,229,2,,,true,,,,,,1,,10/18/22
9932936,apartment,apartment,239000,forsale,1160,,,,,710,1,,,true,,,,,,,,10/18/22
10158182,house,house,240000,forsale,5300,installed,,justrenovated,fueloil,299,2,300,true,true,,true,true,,1,2,,10/18/22
9625357,house,house,131000,forsale,2550,notinstalled,1930,,gas,371,3,1664,,true,1100,true,,,1,,,10/18/22
10158172,apartment,apartment,260000,forsale,8870,installed,2020,good,gas,47,2,,,,,true,,,,,,10/18/22
10158154,house,house,290000,forsale,7900,installed,2021,,gas,,3,515,true,,,,,,,2,1,10/18/22
10158153,house,bungalow,445000,forsale,1410,hyperequipped,1973,good,electric,555,2,681,true,,500,true,,,2,3,,10/18/22
10158149,apartment,flatstudio,59000,forsale,4000,notinstalled,,tobedoneup,,251,1,,,,,,,,,,,10/18/22
9641565,house,house,184000,forsale,2550,,,good,gas,,5,155,,true,,true,,,,1,,10/18/22
10121293,house,house,275000,forsale,1420,,,torenovate,fueloil,515,2,207,,,100,,true,,,,,10/18/22
10076708,apartment,apartment,244000,forsale,5640,notinstalled,,,,87,2,,,true,,true,,,,,,10/18/22
10082068,apartment,penthouse,249000,forsale,6530,installed,,asnew,electric,288,3,,,,,true,,,2,,,10/18/22
10113831,apartment,apartment,250000,forsale,1180,,1935,good,,205,1,,,true,,,,,,,,10/18/22
9997212,apartment,apartment,250000,forsale,3630,installed,2006,good,gas,124,2,,,,,,,,,,,10/18/22
9877054,apartment,loft,250000,forsale,4000,installed,,asnew,gas,183,1,,,true,,true,true,,1,1,,10/18/22
10100848,apartment,flatstudio,250000,forsale,8400,installed,,good,gas,108,0,,,true,,,,,,,,10/18/22
10051456,apartment,apartment,256000,forsale,8630,,2017,good,,110,1,,,true,,true,,,,1,,10/18/22
9932935,apartment,apartment,259000,forsale,1160,,,,,741,2,,,true,,,,,,,,10/18/22
10076707,apartment,apartment,259000,forsale,5640,notinstalled,,,,87,2,,,true,,true,,,,,,10/18/22
9864621,apartment,apartment,259000,forsale,8790,installed,1985,,electric,220,3,,,,,,,,1,,,10/18/22
10046863,apartment,apartment,259000,forsale,9000,,1999,asnew,,203,2,,,,,,,,,,,10/18/22
9254414,apartment,apartment,259500,forsale,4920,notinstalled,,,gas,,2,,,true,,,,,,,,10/18/22
10085322,apartment,apartment,260000,forsale,8800,,2001,good,,207,2,,,true,39,true,,,1,,,10/18/22
10041452,apartment,apartment,260000,forsale,9950,,2014,good,gas,,2,,,,,true,,,,,,10/18/22
9924772,apartment,apartment,265000,forsale,1785,,2008,good,electric,599,3,,,,,,,,,,,10/18/22
10122200,apartment,apartment,265000,forsale,2800,installed,1953,,gas,169,2,,,true,,true,,,,,,10/18/22
9979167,apartment,apartment,269000,forsale,1080,installed,1973,good,gas,125,3,,,true,,true,,,1,,,10/18/22
10073134,apartment,duplex,269000,forsale,4000,semiequipped,,good,gas,337,3,,,true,,,,,,,,10/18/22
9801385,apartment,apartment,269000,forsale,8400,installed,2009,,gas,84,2,,,,,true,,,,,,10/18/22
10112547,apartment,groundfloor,270000,forsale,7070,,2017,asnew,gas,107,2,,,,142,true,true,,1,2,,10/18/22
9914441,apartment,duplex,275000,forsale,1620,,,asnew,gas,,2,,,,,,,,,,,10/18/22
9821030,apartment,apartment,275000,forsale,8430,installed,1997,,electric,215,3,,,true,,true,,,,,,10/18/22
10106159,apartment,penthouse,277000,forsale,9400,usahyperequipped,2019,asnew,gas,95,2,,,,,true,,,1,1,,10/18/22
10063603,apartment,duplex,278000,forsale,3221,,1970,good,gas,192,3,,,,,,,,,,,10/18/22
10109943,apartment,apartment,280000,forsale,9000,installed,1978,good,gas,124,2,,,,,true,,,,,,10/18/22
10009973,apartment,flatstudio,285000,forsale,1170,usahyperequipped,2016,asnew,,128,1,,,true,,true,,,,,,10/18/22
10064811,apartment,apartment,285000,forsale,1190,installed,,good,gas,479,2,,,,,true,,,,,,10/18/22
10038032,apartment,apartment,289000,forsale,6792,installed,,,electric,170,2,,,true,,true,,,1,1,,10/18/22
10041385,apartment,apartment,290000,forsale,9950,,2014,good,gas,,1,,,,,true,,,,,,10/18/22
10078969,apartment,apartment,295000,forsale,1050,notinstalled,1963,torenovate,fueloil,736,2,,,true,,true,,,,,,10/18/22
10158182,house,house,240000,forsale,5300,installed,,justrenovated,fueloil,299,2,300,true,true,,true,true,,1,2,,10/18/22
9625357,house,house,131000,forsale,2550,notinstalled,1930,,gas,371,3,1664,,true,1100,true,,,1,,,10/18/22
10158172,apartment,apartment,260000,forsale,8870,installed,2020,good,gas,47,2,,,,,true,,,,,,10/18/22
10158154,house,house,290000,forsale,7900,installed,2021,,gas,,3,515,true,,,,,,,2,1,10/18/22
10158153,house,bungalow,445000,forsale,1410,hyperequipped,1973,good,electric,555,2,681,true,,500,true,,,2,3,,10/18/22
10158149,apartment,flatstudio,59000,forsale,4000,notinstalled,,tobedoneup,,251,1,,,,,,,,,,,10/18/22
9641565,house,house,184000,forsale,2550,,,good,gas,,5,155,,true,,true,,,,1,,10/18/22
10121293,house,house,275000,forsale,1420,,,torenovate,fueloil,515,2,207,,,100,,true,,,,,10/18/22
10046952,apartment,apartment,295000,forsale,3020,installed,2001,,gas,254,2,,,true,,true,,,,,,10/18/22
9993637,apartment,duplex,295000,forsale,4041,installed,2013,asnew,gas,82,3,,,,,true,true,,1,1,,10/18/22
10048465,apartment,groundfloor,295000,forsale,5000,,2015,asnew,,88,1,,,true,15,true,,,2,,,10/18/22
10031332,apartment,apartment,295000,forsale,7521,installed,,,gas,115,3,,,,,true,,,,2,,10/18/22
10105836,apartment,apartment,295000,forsale,9260,installed,2015,asnew,,129,2,,,,65,true,,,,1,,10/18/22
8993657,apartment,apartment,298000,forsale,4100,installed,,,gas,,2,,,true,,true,,,,,,10/18/22
9985822,apartment,apartment,299000,forsale,5310,installed,2009,good,electric,339,2,,,,,true,,,,2,,10/18/22
10081040,apartment,apartment,299000,forsale,8370,,1969,asnew,,135,2,,,,,true,,,,,,10/18/22
9999115,apartment,apartment,299000,forsale,8400,,2001,,electric,294,2,,,,,,,,,,,10/18/22
8991263,apartment,penthouse,304000,forsale,4100,installed,,,gas,,2,,,true,,true,,,,,,10/18/22
10107966,apartment,apartment,306000,forsale,1000,installed,2022,asnew,,,2,,,,,true,,,,,,10/18/22
10045530,apartment,apartment,309000,forsale,3620,installed,2020,,gas,186,3,,,,,,,,,1,,10/18/22
10112041,apartment,apartment,310000,forsale,1420,hyperequipped,1999,,gas,83,2,,,true,,true,,,1,1,,10/18/22
9770242,apartment,apartment,315000,forsale,2600,hyperequipped,,asnew,electric,275,2,,,true,,true,,,,,,10/18/22
10092910,apartment,apartment,319000,forsale,4000,hyperequipped,,asnew,gas,160,2,,,true,,true,,,,1,,10/18/22
10075983,apartment,apartment,319000,forsale,8340,hyperequipped,2016,,gas,121,2,,,true,92,true,,,,1,,10/18/22
10123930,apartment,apartment,320000,forsale,8300,hyperequipped,1998,good,gas,118,1,,,,,,,,,,,10/18/22
9993636,apartment,apartment,329000,forsale,9300,hyperequipped,2007,asnew,gas,205,3,,,true,,true,,,1,,,10/18/22
10124879,apartment,apartment,330000,forsale,1180,,,,,,2,,,,,true,,,,,,10/18/22
10106951,apartment,groundfloor,335000,forsale,9000,hyperequipped,1980,asnew,pellet,,2,,true,,50,true,,,1,3,,10/18/22
10108989,apartment,apartment,337000,forsale,8800,,2017,asnew,,41.36,2,,,true,,true,,,1,1,,10/18/22
10071278,apartment,apartment,337000,forsale,8800,,2017,asnew,,41.36,2,,,true,,true,,,1,1,,10/18/22
10046345,apartment,apartment,350000,forsale,1800,installed,,good,,173,2,,,,,true,,,,,,10/18/22
10102284,apartment,groundfloor,360000,forsale,1050,hyperequipped,,asnew,gas,110,1,,,,,,,,,,,10/18/22
8991262,apartment,penthouse,363000,forsale,4100,installed,,,gas,,3,,,true,,true,,,,,,10/18/22
9751575,apartment,apartment,365000,forsale,7100,semiequipped,,good,gas,382,8,,true,true,,true,,,2,,,10/18/22
10116826,apartment,apartment,365000,forsale,8370,,2008,,,134,2,,,,,true,,,,,,10/18/22
8993656,apartment,apartment,369000,forsale,4100,installed,,,gas,,3,,,true,,true,,,,,,10/18/22
10011260,apartment,apartment,375000,forsale,8000,,1987,good,,300,3,,,,,true,,,,,,10/18/22
10123953,apartment,apartment,379000,forsale,3680,,1992,asnew,gas,195,3,,,,,true,,,2,2,,10/18/22
10158182,house,house,240000,forsale,5300,installed,,justrenovated,fueloil,299,2,300,true,true,,true,true,,1,2,,10/18/22
9625357,house,house,131000,forsale,2550,notinstalled,1930,,gas,371,3,1664,,true,1100,true,,,1,,,10/18/22
10158172,apartment,apartment,260000,forsale,8870,installed,2020,good,gas,47,2,,,,,true,,,,,,10/18/22
10158154,house,house,290000,forsale,7900,installed,2021,,gas,,3,515,true,,,,,,,2,1,10/18/22
10158153,house,bungalow,445000,forsale,1410,hyperequipped,1973,good,electric,555,2,681,true,,500,true,,,2,3,,10/18/22
10158149,apartment,flatstudio,59000,forsale,4000,notinstalled,,tobedoneup,,251,1,,,,,,,,,,,10/18/22
9641565,house,house,184000,forsale,2550,,,good,gas,,5,155,,true,,true,,,,1,,10/18/22
10121293,house,house,275000,forsale,1420,,,torenovate,fueloil,515,2,207,,,100,,true,,,,,10/18/22
9953068,apartment,apartment,379000,forsale,9050,,2017,,,89,3,,,,,true,,,,1,,10/18/22
10113715,apartment,apartment,385000,forsale,7700,usahyperequipped,,,gas,162,4,,,,,true,,,,,,10/18/22
10053889,apartment,apartment,385000,forsale,8400,,,justrenovated,,210,3,,,true,,true,,,,,,10/18/22
9622256,apartment,apartment,389000,forsale,8400,,1958,,,158,1,,,true,,true,,,,,,10/18/22
10120942,apartment,duplex,390000,forsale,4000,hyperequipped,2022,asnew,electric,,3,,true,,,true,true,,,,,10/18/22
9985339,apartment,apartment,395000,forsale,3620,usahyperequipped,2017,,gas,95,2,,,,,,true,,,,,10/18/22
10077840,apartment,apartment,395000,forsale,8300,,1966,asnew,,212,1,,,true,,,,,,,,10/18/22
9901670,apartment,apartment,395000,forsale,8870,,2008,asnew,,141,3,,,true,,,,,,,,10/18/22
10056040,apartment,duplex,399000,forsale,1000,usainstalled,2003,good,gas,116,2,,,,,,,,,1,,10/18/22
9654151,apartment,apartment,399000,forsale,1080,usahyperequipped,1961,good,,345,4,,,true,,true,,,1,1,,10/18/22
10011261,apartment,apartment,410000,forsale,8000,,1987,good,,300,3,,,,,true,,,,,,10/18/22
10069722,apartment,duplex,425000,forsale,1630,installed,1950,tobedoneup,gas,499,3,,,true,,,,,,,,10/18/22
9998358,apartment,flatstudio,425000,forsale,8300,hyperequipped,1968,asnew,gas,239,0,,,,,true,,,,,,10/18/22
10109569,apartment,flatstudio,429000,forsale,9300,usahyperequipped,,tobedoneup,,183,3,,,true,,true,,,1,,,10/18/22
10080949,apartment,duplex,448000,forsale,1320,installed,,justrenovated,gas,20724,4,,,,,true,,,,,,10/18/22
10092829,apartment,apartment,449000,forsale,8800,,2000,asnew,,411,2,,,,,true,true,,1,,,10/18/22
9629309,apartment,apartment,490000,forsale,8400,,1958,,gas,178,3,,,true,,true,,,1,,,10/18/22
10071393,apartment,apartment,490000,forsale,9000,installed,,,gas,104,3,,,,,,,,,1,,10/18/22
10055614,apartment,apartment,490000,forsale,9051,installed,,,gas,104,3,,,,,,,,,1,,10/18/22
10076994,apartment,duplex,492713,forsale,6210,hyperequipped,2022,asnew,,,3,,,,486,true,,,,1,,10/18/22
9754492,apartment,apartment,495000,forsale,1060,installed,1945,good,gas,206,3,,,true,,true,true,,,,,10/18/22
9009570,apartment,apartment,502500,forsale,1030,,1900,asnew,gas,,3,,,true,,,,,,,,10/18/22
10112485,apartment,apartment,525000,forsale,2000,,2016,,,117,3,,,,,true,,,,,,10/18/22
9817840,apartment,apartment,545000,forsale,1040,installed,1950,asnew,fueloil,338,4,,true,true,,true,true,,,,,10/18/22
10120624,apartment,apartment,565000,forsale,8620,installed,1997,good,electric,428,3,,,,,,,,1,,,10/18/22
9867536,apartment,apartment,575000,forsale,2018,hyperequipped,1987,,,,4,,,true,,true,,,2,,,10/18/22
9655718,apartment,apartment,577000,forsale,1070,notinstalled,,asnew,,262,2,,,true,,,,,,,,10/18/22
9082601,apartment,apartment,599000,forsale,1000,usahyperequipped,,,gas,319,1,,,,,,true,,,,,10/18/22
9909958,apartment,groundfloor,620000,forsale,1380,,2015,good,gas,182,2,,,true,253,true,,,2,3,,10/18/22
10158182,house,house,240000,forsale,5300,installed,,justrenovated,fueloil,299,2,300,true,true,,true,true,,1,2,,10/18/22
9625357,house,house,131000,forsale,2550,notinstalled,1930,,gas,371,3,1664,,true,1100,true,,,1,,,10/18/22
10158172,apartment,apartment,260000,forsale,8870,installed,2020,good,gas,47,2,,,,,true,,,,,,10/18/22
10158154,house,house,290000,forsale,7900,installed,2021,,gas,,3,515,true,,,,,,,2,1,10/18/22
10158153,house,bungalow,445000,forsale,1410,hyperequipped,1973,good,electric,555,2,681,true,,500,true,,,2,3,,10/18/22
10158149,apartment,flatstudio,59000,forsale,4000,notinstalled,,tobedoneup,,251,1,,,,,,,,,,,10/18/22
9641565,house,house,184000,forsale,2550,,,good,gas,,5,155,,true,,true,,,,1,,10/18/22
10121293,house,house,275000,forsale,1420,,,torenovate,fueloil,515,2,207,,,100,,true,,,,,10/18/22
10058228,apartment,apartment,620000,forsale,8300,,1977,justrenovated,,102,2,,,true,,true,,,,1,,10/18/22
9563638,apartment,apartment,649000,forsale,8620,,1992,asnew,,372,3,,,,,true,,,,,,10/18/22
10087280,apartment,kot,649000,forsale,9820,installed,1966,good,gas,255,6,,,,,,,,1,3,,10/18/22
10067413,apartment,apartment,669000,forsale,8300,,1967,good,,169,3,,,,,,,,,,,10/18/22
10069574,apartment,apartment,675000,forsale,8300,hyperequipped,2005,asnew,gas,68,2,,,true,,true,,,,,,10/18/22
9961120,apartment,apartment,675000,forsale,8300,hyperequipped,2005,asnew,gas,68,2,,,true,,true,,,,,,10/18/22
9909327,apartment,apartment,675000,forsale,8300,,1967,justrenovated,,102,2,,,,,,,,,,,10/18/22
10080985,apartment,apartment,685000,forsale,8300,hyperequipped,1991,asnew,gas,186,2,,,true,,true,,,,,,10/18/22
10069008,apartment,apartment,730000,forsale,8300,hyperequipped,1999,good,gas,103,2,,,true,,true,,,1,,,10/18/22
10101657,apartment,apartment,745000,forsale,8300,,1989,,electric,257,3,,,true,,,,,,,,10/18/22
10052413,apartment,apartment,750000,forsale,8300,,1976,,gas,140,2,,,true,,true,,,,,,10/18/22
10090344,apartment,penthouse,760000,forsale,3000,hyperequipped,2020,asnew,gas,60,3,,,,,true,,,,,,10/18/22
10098865,apartment,apartment,760000,forsale,8370,,2011,,,106,3,,,,,true,,,1,,,10/18/22
10055931,apartment,apartment,775000,forsale,8300,,1987,asnew,gas,,3,,,,,,,,1,,,10/18/22
10117107,apartment,apartment,790000,forsale,8301,,1987,torenovate,,229,3,,,,,,,,1,,,10/18/22
10005176,apartment,apartment,795000,forsale,8300,hyperequipped,1978,justrenovated,gas,336,2,,,true,,true,,,,,,10/18/22
9787957,apartment,apartment,795000,forsale,8300,installed,1980,asnew,gas,109,3,,,true,,true,,,1,1,,10/18/22
9783081,apartment,groundfloor,799000,forsale,9000,hyperequipped,1989,torestore,gas,309,2,,,,371,,,,,,,10/18/22
10116967,apartment,apartment,835000,forsale,8300,hyperequipped,2000,,gas,177,2,,,true,,true,,,,,,10/18/22
9733146,apartment,apartment,835000,forsale,8300,hyperequipped,2000,,gas,177,2,,,true,,true,,,,,,10/18/22
9997319,apartment,apartment,845000,forsale,8620,hyperequipped,2004,,,106,2,,,true,,true,,,,,,10/18/22
10011250,apartment,apartment,885000,forsale,8300,,1974,asnew,gas,237,2,,,,,,,,,,,10/18/22
9998599,apartment,apartment,895000,forsale,8300,usahyperequipped,1978,asnew,gas,245,2,,,true,,true,,,,,,10/18/22
9600808,apartment,apartment,900000,forsale,1000,hyperequipped,2014,asnew,gas,68,3,,,true,,true,,,1,,,10/18/22
9834865,apartment,groundfloor,900000,forsale,1180,installed,2012,,gas,130,5,,,,,,,,1,,,10/18/22
10123915,apartment,apartment,995000,forsale,8300,usahyperequipped,,asnew,,,2,,,,,,,,,,,10/18/22
10043904,apartment,loft,1100000,forsale,1000,hyperequipped,,good,gas,182,3,,,,,true,,,,,,10/18/22
10085695,apartment,apartment,1190000,forsale,8300,installed,2006,asnew,gas,175,3,,,,,,,,2,,,10/18/22
10094943,apartment,apartment,1235000,forsale,8300,,2002,good,,102,3,,,,,,,,1,,,10/18/22
9924791,apartment,apartment,1295000,forsale,9000,installed,,asnew,gas,141,3,,,,,true,true,,,,,10/18/22
10158182,house,house,240000,forsale,5300,installed,,justrenovated,fueloil,299,2,300,true,true,,true,true,,1,2,,10/18/22
9625357,house,house,131000,forsale,2550,notinstalled,1930,,gas,371,3,1664,,true,1100,true,,,1,,,10/18/22
10158172,apartment,apartment,260000,forsale,8870,installed,2020,good,gas,47,2,,,,,true,,,,,,10/18/22
10158154,house,house,290000,forsale,7900,installed,2021,,gas,,3,515,true,,,,,,,2,1,10/18/22
10158153,house,bungalow,445000,forsale,1410,hyperequipped,1973,good,electric,555,2,681,true,,500,true,,,2,3,,10/18/22
10158149,apartment,flatstudio,59000,forsale,4000,notinstalled,,tobedoneup,,251,1,,,,,,,,,,,10/18/22
9641565,house,house,184000,forsale,2550,,,good,gas,,5,155,,true,,true,,,,1,,10/18/22
10121293,house,house,275000,forsale,1420,,,torenovate,fueloil,515,2,207,,,100,,true,,,,,10/18/22
9540440,apartment,apartment,1350000,forsale,8300,hyperequipped,2000,asnew,gas,120,3,,,,,true,,,,,,10/18/22
10022068,apartment,loft,1395000,forsale,8300,,2009,good,,115,4,,,,,true,,,,,,10/18/22
10058255,apartment,apartment,1399000,forsale,8300,hyperequipped,,justrenovated,gas,201,3,,,,,,true,,1,,,10/18/22
9753748,apartment,apartment,1399000,forsale,8300,,1989,asnew,,193,3,,,,,,,,,,,10/18/22
9910208,apartment,apartment,1775000,forsale,8300,,1976,asnew,gas,160,3,,,true,,true,,,,,,10/18/22
9878830,apartment,groundfloor,1800000,forsale,1180,hyperequipped,1990,asnew,gas,152,2,,,true,1000,true,,true,2,2,,10/18/22
9927319,apartment,apartment,1800000,forsale,8301,installed,1986,asnew,electric,299,4,,,true,,true,,,2,,,10/18/22
10114090,apartment,duplex,1975000,forsale,9000,hyperequipped,,asnew,gas,105,2,,,,,,,,,2,,10/18/22
10096364,apartment,apartment,1995000,forsale,8300,,1948,,,304,4,,,true,,true,,,1,,,10/18/22
10056710,apartment,duplex,2350000,forsale,8300,installed,,good,gas,206,4,,,true,,true,,,1,1,,10/18/22
9973467,apartment,apartment,2450000,forsale,1050,usahyperequipped,,justrenovated,,255,6,,,,,true,,,,,,10/18/22
10052519,apartment,penthouse,2475000,forsale,2000,usahyperequipped,,good,,202,3,,,true,,true,true,,,,,10/18/22
9964237,apartment,apartment,2700000,forsale,8300,installed,1969,justrenovated,gas,113,3,,,true,,true,,,2,,,10/18/22
9501906,apartment,apartment,4295000,forsale,8300,installed,2011,,gas,91,3,,,,,true,,,,,,10/18/22
10145030,apartment,apartment,331000,forsale,8850,hyperequipped,2020,,gas,,2,,,,,true,,,,,,10/18/22
10145031,apartment,apartment,342000,forsale,8850,hyperequipped,2020,,gas,,2,,,,,true,,,,,,10/18/22
10132088,apartment,apartment,259000,forsale,2100,,2015,,gas,75,2,,,,,true,,,,,,10/18/22
10147734,apartment,apartment,170000,forsale,5100,,2015,asnew,,81,2,,,,,true,,,,,,10/18/22
10147803,apartment,loft,259000,forsale,1070,usahyperequipped,,asnew,gas,603,2,,,true,,,,,,,,10/18/22
10146981,apartment,apartment,749500,forsale,8300,,1991,,,235,3,,,,,,,,,,,10/18/22
10147349,apartment,apartment,999900,forsale,1070,,,,,949,10,,,true,,,,,,,,10/18/22
10147014,apartment,apartment,1495000,forsale,8300,hyperequipped,1967,asnew,gas,84,3,,,true,,true,,,,,,10/18/22
10132165,apartmentgroup,apartmentgroup,25000-469800,forsale,8500,,,,,,,,,,,,,,,,1,10/18/22
10132682,apartmentgroup,apartmentgroup,127000-319000,forsale,5000,,,,,,,,,,,,,,,,1,10/18/22
10132105,apartmentgroup,apartmentgroup,255000-445000,forsale,9940,,,,,,,,,,,,,,,,1,10/18/22
10133250,apartmentgroup,apartmentgroup,414355-458150,forsale,1030,,,,,111,,,,,,,,,,,1,10/18/22
10132164,apartmentgroup,apartmentgroup,501300-972800,forsale,8500,,,,,,,,,,,,,,,,1,10/18/22
9867819,apartmentgroup,apartmentgroup,589000-1395000,forsale,2000,,,,,,,,,,,,,,,,1,10/18/22
10091151,apartment,apartment,205000,forsale,9300,,1964,good,,136,2,,,true,,true,,,1,,,10/18/22
10134024,apartment,flatstudio,249900,forsale,2060,usainstalled,,asnew,,140,0,,,true,,true,,,,1,,10/18/22
10158182,house,house,240000,forsale,5300,installed,,justrenovated,fueloil,299,2,300,true,true,,true,true,,1,2,,10/18/22
9625357,house,house,131000,forsale,2550,notinstalled,1930,,gas,371,3,1664,,true,1100,true,,,1,,,10/18/22
10158172,apartment,apartment,260000,forsale,8870,installed,2020,good,gas,47,2,,,,,true,,,,,,10/18/22
10158154,house,house,290000,forsale,7900,installed,2021,,gas,,3,515,true,,,,,,,2,1,10/18/22
10158153,house,bungalow,445000,forsale,1410,hyperequipped,1973,good,electric,555,2,681,true,,500,true,,,2,3,,10/18/22
10158149,apartment,flatstudio,59000,forsale,4000,notinstalled,,tobedoneup,,251,1,,,,,,,,,,,10/18/22
9641565,house,house,184000,forsale,2550,,,good,gas,,5,155,,true,,true,,,,1,,10/18/22
10121293,house,house,275000,forsale,1420,,,torenovate,fueloil,515,2,207,,,100,,true,,,,,10/18/22
10138766,apartment,apartment,189000,forsale,1083,usahyperequipped,1968,asnew,gas,182,2,,,true,,true,,,,,,10/18/22
10152975,apartment,apartment,200000,forsale,1000,usainstalled,,good,gas,,1,,,,,true,,,,,,10/18/22
10139682,apartment,apartment,140000,forsale,4101,installed,,good,gas,262,2,,,true,,true,,,,,,10/18/22
10139751,apartment,groundfloor,150000,forsale,3010,installed,1997,,gas,264,2,,,true,,true,,,1,,,10/18/22
9632701,apartment,apartment,171000,forsale,2200,,2022,good,,,1,,,,,true,,,,,1,10/18/22
9478823,apartment,flatstudio,174500,forsale,1000,,2021,asnew,gas,,0,,,true,,true,,,29,29,1,10/18/22
10139697,apartment,apartment,184000,forsale,2650,installed,1973,good,,160,2,,,,,,,,1,,,10/18/22
9765904,apartment,apartment,195000,forsale,2830,installed,,,,,1,,,,,true,,,,,1,10/18/22
9765905,apartment,apartment,199000,forsale,2830,installed,,,,,2,,,,,true,,,,,1,10/18/22
10091905,apartment,apartment,229500,forsale,1480,installed,2023,,gas,50,1,,,true,,true,,,,,1,10/18/22
10091901,apartment,apartment,229500,forsale,1480,installed,2023,,gas,50,1,,,true,,true,,,,,1,10/18/22
10091887,apartment,apartment,229500,forsale,1480,installed,2023,,gas,50,1,,,true,,true,,,,,1,10/18/22
10091880,apartment,apartment,229500,forsale,1480,installed,2023,,gas,50,1,,,true,,true,,,,,1,10/18/22
10091914,apartment,apartment,239000,forsale,1480,installed,2023,,gas,50,1,,,true,,true,,,,,1,10/18/22
9706532,apartment,groundfloor,245000,forsale,6060,hyperequipped,2021,asnew,gas,129,2,,,,,true,true,,1,,1,10/18/22
9478827,apartment,apartment,248000,forsale,1000,,2020,asnew,gas,,1,,,,,true,,,29,29,1,10/18/22
9329802,apartment,apartment,249000,forsale,2110,hyperequipped,2021,,gas,,1,,,true,21,true,,,1,,1,10/18/22
10091906,apartment,apartment,269000,forsale,1480,installed,2023,,gas,50,2,,,true,,true,,,,,1,10/18/22
10091902,apartment,apartment,269000,forsale,1480,installed,2023,,gas,50,2,,,true,,true,,,,,1,10/18/22
10091888,apartment,apartment,269000,forsale,1480,installed,2023,,gas,50,2,,,true,,true,,,,,1,10/18/22
10091884,apartment,apartment,269000,forsale,1480,installed,2023,,gas,50,2,,,true,,true,,,,,1,10/18/22
10091915,apartment,apartment,275000,forsale,1480,installed,2023,,gas,50,2,,,true,,true,,,,,1,10/18/22
10091879,apartment,apartment,279500,forsale,1480,installed,2023,,gas,50,2,,,true,,true,,,,,1,10/18/22
10091908,apartment,apartment,289000,forsale,1480,installed,2023,,gas,50,2,,,true,,true,,,,,1,10/18/22
10091904,apartment,apartment,289000,forsale,1480,installed,2023,,gas,50,2,,,true,,true,,,,,1,10/18/22
10091886,apartment,apartment,289000,forsale,1480,installed,2023,,gas,50,2,,,true,,true,,,,,1,10/18/22
10091882,apartment,apartment,289000,forsale,1480,installed,2023,,gas,50,2,,,true,,true,,,,,1,10/18/22
10091917,apartment,apartment,295000,forsale,1480,installed,2023,,gas,50,2,,,true,,true,,,,,1,10/18/22
10091903,apartment,apartment,295000,forsale,1480,installed,2023,,gas,50,1,,,true,,true,,,,,1,10/18/22
10091890,apartment,apartment,295000,forsale,1480,installed,2023,,gas,50,2,,,true,,true,,,,,1,10/18/22
10158182,house,house,240000,forsale,5300,installed,,justrenovated,fueloil,299,2,300,true,true,,true,true,,1,2,,10/18/22
9625357,house,house,131000,forsale,2550,notinstalled,1930,,gas,371,3,1664,,true,1100,true,,,1,,,10/18/22
10158172,apartment,apartment,260000,forsale,8870,installed,2020,good,gas,47,2,,,,,true,,,,,,10/18/22
10158154,house,house,290000,forsale,7900,installed,2021,,gas,,3,515,true,,,,,,,2,1,10/18/22
10158153,house,bungalow,445000,forsale,1410,hyperequipped,1973,good,electric,555,2,681,true,,500,true,,,2,3,,10/18/22
10158149,apartment,flatstudio,59000,forsale,4000,notinstalled,,tobedoneup,,251,1,,,,,,,,,,,10/18/22
9641565,house,house,184000,forsale,2550,,,good,gas,,5,155,,true,,true,,,,1,,10/18/22
10121293,house,house,275000,forsale,1420,,,torenovate,fueloil,515,2,207,,,100,,true,,,,,10/18/22
10091916,apartment,apartment,299000,forsale,1480,installed,2023,,gas,50,3,,,true,,true,,,,,1,10/18/22
10091907,apartment,apartment,299000,forsale,1480,installed,2023,,gas,50,3,,,true,,true,,,,,1,10/18/22
10091889,apartment,apartment,299000,forsale,1480,installed,2023,,gas,50,3,,,true,,true,,,,,1,10/18/22
10091885,apartment,apartment,299000,forsale,1480,installed,2023,,gas,50,3,,,true,,true,,,,,1,10/18/22
10091898,apartment,apartment,305000,forsale,1480,installed,2023,,gas,50,2,,,true,,true,,,,,1,10/18/22
10091881,apartment,apartment,319000,forsale,1480,installed,2023,,gas,50,3,,,true,,true,,,,,1,10/18/22
10091899,apartment,apartment,325000,forsale,1480,installed,2023,,gas,50,3,,,true,,true,,,,,1,10/18/22
10067029,apartment,apartment,329000,forsale,2550,hyperequipped,,good,gas,55,2,,,true,,true,,,,1,1,10/18/22
9793824,apartment,apartment,355000,forsale,9940,hyperequipped,2022,,gas,,2,,,,,true,,,,,1,10/18/22
9793814,apartment,apartment,355000,forsale,9940,hyperequipped,2022,,gas,,2,,,,,true,,,,,1,10/18/22
9697649,apartment,apartment,370000,forsale,1140,hyperequipped,2020,asnew,,,3,,,,,true,,,1,1,1,10/18/22
9596260,apartment,apartment,394500,forsale,9000,,2021,,,44.69,2,,,,,true,,,,,1,10/18/22
10138498,apartment,duplex,399000,forsale,1083,usainstalled,2008,asnew,gas,156,3,,,true,,true,,,,,,10/18/22
9793827,apartment,apartment,405000,forsale,9940,hyperequipped,2022,,gas,,3,,,,,true,,,,,1,10/18/22
9793815,apartment,apartment,405000,forsale,9940,hyperequipped,2022,,gas,,3,,,,,true,,,,,1,10/18/22
10123647,apartment,apartment,410000,forsale,1300,installed,,,gas,,2,,,,,true,,,1,,1,10/18/22
9766601,apartment,apartment,415000,forsale,2000,hyperequipped,2019,asnew,,84,1,,,true,,true,true,,,,1,10/18/22
10070820,apartment,apartment,430000,forsale,9000,,,asnew,,,2,,,,,true,,,,,1,10/18/22
9995358,apartment,apartment,436150,forsale,1420,usahyperequipped,2022,asnew,gas,,2,,,true,265,true,,,,1,1,10/18/22
10070823,apartment,apartment,438000,forsale,9000,,,asnew,,,2,,,,,true,,,,,1,10/18/22
10070826,apartment,apartment,441000,forsale,9000,,,asnew,,,2,,,,,true,,,,,1,10/18/22
10070818,apartment,apartment,441000,forsale,9000,,,asnew,,,2,,,,,true,,,,,1,10/18/22
10070825,apartment,apartment,442000,forsale,9000,,,asnew,,,3,,,,,true,,,,,1,10/18/22
10070824,apartment,apartment,442000,forsale,9000,,,asnew,,,3,,,,,true,,,,,1,10/18/22
10091895,apartment,apartment,455000,forsale,1480,installed,2023,,gas,50,3,,,true,,true,,,,,1,10/18/22
10070821,apartment,apartment,457000,forsale,9000,,,asnew,,,2,,,,,true,,,,,1,10/18/22
10070816,apartment,apartment,457000,forsale,9000,,,asnew,,,2,,,,,true,,,,,1,10/18/22
10070827,apartment,apartment,463000,forsale,9000,,,asnew,,,3,,,,,true,,,,,1,10/18/22
10070822,apartment,apartment,470000,forsale,9000,,,asnew,,,2,,,,,true,,,,,1,10/18/22
10091896,apartment,apartment,499000,forsale,1480,installed,2023,,gas,50,3,,,true,,true,,,,,1,10/18/22
10158182,house,house,240000,forsale,5300,installed,,justrenovated,fueloil,299,2,300,true,true,,true,true,,1,2,,10/18/22
9625357,house,house,131000,forsale,2550,notinstalled,1930,,gas,371,3,1664,,true,1100,true,,,1,,,10/18/22
10158172,apartment,apartment,260000,forsale,8870,installed,2020,good,gas,47,2,,,,,true,,,,,,10/18/22
10158154,house,house,290000,forsale,7900,installed,2021,,gas,,3,515,true,,,,,,,2,1,10/18/22
10158153,house,bungalow,445000,forsale,1410,hyperequipped,1973,good,electric,555,2,681,true,,500,true,,,2,3,,10/18/22
10158149,apartment,flatstudio,59000,forsale,4000,notinstalled,,tobedoneup,,251,1,,,,,,,,,,,10/18/22
9641565,house,house,184000,forsale,2550,,,good,gas,,5,155,,true,,true,,,,1,,10/18/22
10121293,house,house,275000,forsale,1420,,,torenovate,fueloil,515,2,207,,,100,,true,,,,,10/18/22
9891389,apartment,apartment,549000,forsale,9160,hyperequipped,2021,asnew,,,2,,,,,true,,,,,1,10/18/22
10070815,apartment,penthouse,583000,forsale,9000,,,asnew,,,2,,,,,true,,,,,1,10/18/22
10070814,apartment,penthouse,605000,forsale,9000,,,asnew,,,2,,,,,true,,,,,1,10/18/22
9891388,apartment,penthouse,629000,forsale,9160,hyperequipped,2021,asnew,,,2,,,,,true,,,,,1,10/18/22
10070819,apartment,apartment,637000,forsale,9000,,,asnew,,,3,,,,,true,,,,,1,10/18/22
10138553,apartment,apartment,640000,forsale,8300,installed,2017,,gas,,3,,,,,,,,,,,10/18/22
9059582,apartment,apartment,1950000,forsale,1000,usahyperequipped,2018,asnew,gas,67,3,,,,,true,,,2,50,1,10/18/22
10128540,apartment,apartment,1980000,forsale,1180,hyperequipped,2022,asnew,gas,46,3,,,true,,true,true,,1,2,1,10/18/22
10157280,apartment,apartment,329000,forsale,9000,,2016,,,129,2,,,,,true,,,,,,10/18/22
10157912,apartment,apartment,599000,forsale,2018,usahyperequipped,2020,asnew,gas,120,3,,,,,true,true,,,,,10/18/22
10060861,apartment,apartment,149000,forsale,8400,installed,,good,electric,,1,,,,,true,,,,,,10/18/22
10143800,apartment,apartment,195000,forsale,1050,,1937,tobedoneup,gas,349,1,,,,,true,,,,,,10/18/22
10143191,apartment,apartment,3850000,forsale,2000,hyperequipped,2021,asnew,,,4,,,true,,true,true,,5,5,,10/18/22
10130374,apartmentgroup,apartmentgroup,175000-220000,forsale,3000,,,,,,,,,,,,,,,,1,10/18/22
10079372,apartmentgroup,apartmentgroup,230000-580000,forsale,8900,,,,,,,,,,,,,,,,1,10/18/22
10130061,apartmentgroup,apartmentgroup,395000-495000,forsale,8500,,,,,,,,,,,,,,,,1,10/18/22
10055095,apartmentgroup,apartmentgroup,1130000-1140000,forsale,9000,,,,,,,,,,,,,,,,1,10/18/22
10133902,apartment,duplex,285000,forsale,9340,installed,2008,,electric,291,3,,,,,true,true,,1,1,,10/18/22
10080210,apartment,loft,465000,forsale,4020,installed,,good,gas,119,2,,,,195,true,true,,,1,,10/18/22
10151433,apartment,serviceflat,234885,forsale,2650,installed,2020,asnew,gas,,1,,,,,true,,,,,1,10/18/22
10148522,apartment,apartment,179000,forsale,8400,,1900,justrenovated,gas,232,2,,,true,,,,,,,,10/18/22
10150365,apartment,apartment,225000,forsale,1060,installed,,,,,1,,,,,,,,,,,10/18/22
10148599,apartment,apartment,255000,forsale,2830,hyperequipped,2019,,gas,,1,,,,,true,,,1,,,10/18/22
10065977,apartment,apartment,545000,forsale,1180,installed,1964,good,,109,3,,,true,,true,,,1,1,,10/18/22
10066102,apartment,apartment,179500,forsale,1400,hyperequipped,1800,good,gas,604,1,,,true,,true,,,,,,10/18/22
10082605,apartment,apartment,195000,forsale,1070,hyperequipped,1960,good,gas,195,2,,,true,,true,,,,,,10/18/22
10084272,apartment,apartment,215000,forsale,1080,usainstalled,1970,good,gas,304,2,,,true,,true,,,1,,,10/18/22
10074206,apartment,apartment,169000,forsale,1080,usahyperequipped,1968,asnew,electric,345,1,,,true,,true,,,,,,10/18/22
10021477,apartment,apartment,215000,forsale,1400,hyperequipped,1970,asnew,gas,428,2,,,,,,,,,,,10/18/22
10136471,apartment,apartment,247500,forsale,2018,usahyperequipped,,asnew,gas,203,2,,,,,,,,,,,10/18/22
10158182,house,house,240000,forsale,5300,installed,,justrenovated,fueloil,299,2,300,true,true,,true,true,,1,2,,10/18/22
9625357,house,house,131000,forsale,2550,notinstalled,1930,,gas,371,3,1664,,true,1100,true,,,1,,,10/18/22
10158172,apartment,apartment,260000,forsale,8870,installed,2020,good,gas,47,2,,,,,true,,,,,,10/18/22
10158154,house,house,290000,forsale,7900,installed,2021,,gas,,3,515,true,,,,,,,2,1,10/18/22
10158153,house,bungalow,445000,forsale,1410,hyperequipped,1973,good,electric,555,2,681,true,,500,true,,,2,3,,10/18/22
10158149,apartment,flatstudio,59000,forsale,4000,notinstalled,,tobedoneup,,251,1,,,,,,,,,,,10/18/22
9641565,house,house,184000,forsale,2550,,,good,gas,,5,155,,true,,true,,,,1,,10/18/22
10121293,house,house,275000,forsale,1420,,,torenovate,fueloil,515,2,207,,,100,,true,,,,,10/18/22
10136467,apartment,apartment,350000,forsale,8850,,2012,,,179,1,,,,,,,,,1,,10/18/22
10136929,apartment,apartment,1399000,forsale,8300,hyperequipped,,,,193,3,,,,,,,,1,,,10/18/22
10156721,apartment,apartment,170000,forsale,8430,installed,,,gas,245,1,,,,,true,,,,1,,10/18/22
10155949,apartment,apartment,295000,forsale,7090,installed,2008,,electric,377,3,,,,,true,,,1,,,10/18/22
10140334,apartment,apartment,247500,forsale,9030,,1967,,,179,2,,,,,true,,,,,,10/18/22
10140808,apartment,apartment,675000,forsale,9000,hyperequipped,,asnew,,,2,,,,,true,,,1,,,10/18/22
9964793,apartment,apartment,120000,forsale,8800,installed,1974,good,,204,2,,,true,,,,,,,,10/18/22
8801688,apartment,kot,130000,forsale,8000,installed,2015,asnew,gas,,1,,,,,true,,,,,,10/18/22
10127135,apartment,apartment,155000,forsale,3000,installed,1961,,,190,2,,,true,,,,,,,,10/18/22
9969128,apartment,flatstudio,159000,forsale,1030,installed,2001,good,electric,195,0,,,,,true,,,,1,,10/18/22
9969126,apartment,flatstudio,159000,forsale,1140,installed,2001,good,electric,195,0,,,,,true,,,,1,,10/18/22
9969127,apartment,flatstudio,159000,forsale,1200,installed,2001,good,electric,195,0,,,,,true,,,,1,,10/18/22
10123823,apartment,apartment,159000,forsale,2060,installed,,good,gas,371,1,,,,,,,,,,,10/18/22
10102616,apartment,apartment,160000,forsale,2070,installed,1978,,,319,2,,,,,true,,,1,,,10/18/22
10053386,apartment,apartment,169000,forsale,1120,installed,1978,,,194,2,,,true,,true,,,,,,10/18/22
10119525,apartment,apartment,169000,forsale,8500,,1971,good,gas,264,2,,,true,,true,,,,1,,10/18/22
10098839,apartment,apartment,169000,forsale,9700,,,asnew,gas,185,1,,,true,,,,,,,,10/18/22
10112551,apartment,apartment,170000,forsale,1070,installed,,good,,168,1,,,true,,,,,1,,,10/18/22
10114259,apartment,apartment,175000,forsale,1400,,,good,electric,522,1,,,,,,,,,,,10/18/22
10081127,apartment,apartment,175000,forsale,8450,installed,2007,good,,159,2,,,,,,,,1,,,10/18/22
10117098,apartment,groundfloor,179000,forsale,8400,,1966,tobedoneup,gas,,2,,,true,,true,,,,,,10/18/22
10013615,apartment,apartment,185000,forsale,1470,,,tobedoneup,fueloil,419,3,,,,,,,,,,,10/18/22
10095367,apartment,apartment,190000,forsale,2500,installed,1987,good,,120,2,,,true,,true,true,,1,,,10/18/22
9182197,apartment,apartment,196000,forsale,1370,usahyperequipped,2021,,gas,,1,,,true,,,,,,12,,10/18/22
9951629,apartment,groundfloor,198000,forsale,7500,usainstalled,,asnew,gas,,2,,,true,75,true,true,,1,,,10/18/22
10099933,apartment,apartment,199000,forsale,2000,,2012,good,gas,154,1,,,,,,,,,,,10/18/22
8640774,apartment,apartment,199000,forsale,7712,installed,,good,gas,142,2,,,,,,,,,,,10/18/22
10053387,apartment,apartment,209000,forsale,1120,installed,1978,,,194,2,,,true,,true,,,,2,,10/18/22
8432575,apartment,serviceflat,210000,forsale,9700,notinstalled,,,gas,,1,,,,,true,,,,,,10/18/22
9483880,apartment,apartment,213500,forsale,4100,notinstalled,,,,,2,,,,6,true,,,,,,10/18/22
10158182,house,house,240000,forsale,5300,installed,,justrenovated,fueloil,299,2,300,true,true,,true,true,,1,2,,10/18/22
9625357,house,house,131000,forsale,2550,notinstalled,1930,,gas,371,3,1664,,true,1100,true,,,1,,,10/18/22
10158172,apartment,apartment,260000,forsale,8870,installed,2020,good,gas,47,2,,,,,true,,,,,,10/18/22
10158154,house,house,290000,forsale,7900,installed,2021,,gas,,3,515,true,,,,,,,2,1,10/18/22
10158153,house,bungalow,445000,forsale,1410,hyperequipped,1973,good,electric,555,2,681,true,,500,true,,,2,3,,10/18/22
10158149,apartment,flatstudio,59000,forsale,4000,notinstalled,,tobedoneup,,251,1,,,,,,,,,,,10/18/22
9641565,house,house,184000,forsale,2550,,,good,gas,,5,155,,true,,true,,,,1,,10/18/22
10121293,house,house,275000,forsale,1420,,,torenovate,fueloil,515,2,207,,,100,,true,,,,,10/18/22
9767202,apartment,apartment,215000,forsale,8460,installed,,good,,90,2,,,,,true,,,,,,10/18/22
9483882,apartment,apartment,218500,forsale,4100,notinstalled,,,,,1,,,,14,true,,,,,,10/18/22
10122573,apartment,groundfloor,219900,forsale,6000,,1899,asnew,gas,199,2,,,true,80,true,,,,,,10/18/22
9785997,apartment,apartment,223000,forsale,7860,,2020,,gas,115,2,,,true,,true,,,,,,10/18/22
9678083,apartment,apartment,224000,forsale,2850,,,,,,2,,,,,true,,,1,,,10/18/22
10117432,apartment,apartment,225000,forsale,3300,,,asnew,,,1,,,,,true,,,,,,10/18/22
9927701,apartment,serviceflat,225000,forsale,8400,,2019,,gas,60,0,,,,,,,,,,,10/18/22
10114872,apartment,apartment,229000,forsale,2060,installed,,asnew,gas,117,1,,,,,true,,,,,,10/18/22
10126678,apartment,duplex,229000,forsale,8420,,2008,good,electric,,2,,,,,,,,,,,10/18/22
9085533,apartment,serviceflat,234900,forsale,9800,,2015,asnew,gas,153.58,1,,,,,true,,,,,,10/18/22
9857006,apartment,penthouse,235000,forsale,2220,installed,2013,justrenovated,gas,210,2,,,,,,,,,,,10/18/22
10096304,apartment,duplex,235000,forsale,7860,,2020,,gas,94,2,,,true,,true,,,,,,10/18/22
9786005,apartment,duplex,235000,forsale,7860,,2020,,gas,94,2,,,true,,true,,,,,,10/18/22
9786002,apartment,duplex,235000,forsale,7860,,2020,,gas,83,2,,,true,,true,,,,,,10/18/22
9426727,apartment,apartment,235000,forsale,8434,installed,2021,asnew,gas,,2,,,,,,,,,,,10/18/22
9176456,apartment,apartment,240000,forsale,8770,,2019,asnew,,,2,,,,,true,,,1,,,10/18/22
9442120,apartment,apartment,243000,forsale,2610,installed,1964,,gas,188,3,,,,,true,,,,1,,10/18/22
9483881,apartment,apartment,243750,forsale,4100,notinstalled,,,,,2,,,,,true,,,,,,10/18/22
9483879,apartment,apartment,243750,forsale,4100,notinstalled,,,,,2,,,,,true,,,,,,10/18/22
9182198,apartment,apartment,245000,forsale,1370,usahyperequipped,2021,,gas,,2,,,true,,true,,,,12,,10/18/22
9947800,apartment,apartment,245000,forsale,8370,installed,2019,,gas,,1,,,,,true,,,,,,10/18/22
10112959,apartment,apartment,247500,forsale,8790,installed,1997,good,,121,2,,,true,,true,,,1,,,10/18/22
10126895,apartment,apartment,249000,forsale,1083,,,tobedoneup,gas,184,2,,,,,true,,,,,,10/18/22
10030117,apartment,apartment,250000,forsale,5651,installed,,,gas,,3,,,,,,,,,1,,10/18/22
9814723,apartment,apartment,255000,forsale,1080,installed,,good,gas,,2,,,,,true,,,,,,10/18/22
9442913,apartment,apartment,258000,forsale,8800,installed,2001,good,,128,2,,,,,,,,1,1,,10/18/22
10102998,apartment,apartment,260000,forsale,8020,installed,1995,,,309,2,,,,,,,,,,,10/18/22
10120307,apartment,groundfloor,265000,forsale,1190,usasemiequipped,2004,asnew,,139,1,,,true,,,true,,,,,10/18/22
9355570,apartment,apartment,265000,forsale,1370,usahyperequipped,2021,,gas,,2,,,true,,true,,,,12,,10/18/22
10004101,apartment,duplex,265000,forsale,1420,,1995,,gas,228,2,,,,,,,,,,,10/18/22
10158182,house,house,240000,forsale,5300,installed,,justrenovated,fueloil,299,2,300,true,true,,true,true,,1,2,,10/18/22
9625357,house,house,131000,forsale,2550,notinstalled,1930,,gas,371,3,1664,,true,1100,true,,,1,,,10/18/22
10158172,apartment,apartment,260000,forsale,8870,installed,2020,good,gas,47,2,,,,,true,,,,,,10/18/22
10158154,house,house,290000,forsale,7900,installed,2021,,gas,,3,515,true,,,,,,,2,1,10/18/22
10158153,house,bungalow,445000,forsale,1410,hyperequipped,1973,good,electric,555,2,681,true,,500,true,,,2,3,,10/18/22
10158149,apartment,flatstudio,59000,forsale,4000,notinstalled,,tobedoneup,,251,1,,,,,,,,,,,10/18/22
9641565,house,house,184000,forsale,2550,,,good,gas,,5,155,,true,,true,,,,1,,10/18/22
10121293,house,house,275000,forsale,1420,,,torenovate,fueloil,515,2,207,,,100,,true,,,,,10/18/22
9882325,apartment,groundfloor,265000,forsale,2650,,1969,good,gas,429,3,,,,,,,,,,,10/18/22
10010864,apartment,apartment,269000,forsale,1310,,,justrenovated,gas,461,3,,,,,,,,,,,10/18/22
9970319,apartment,apartment,269000,forsale,8630,installed,2012,,,115,2,,,true,,true,,,,1,,10/18/22
10030118,apartment,apartment,270000,forsale,5651,installed,,,gas,,3,,,,,true,,,,1,,10/18/22
10062996,apartment,apartment,275000,forsale,2018,,1923,justrenovated,gas,232,1,,,true,,,,,,,,10/18/22
9985785,apartment,apartment,275000,forsale,2060,,,good,gas,186,3,,,,,,,,,,,10/18/22
9947802,apartment,apartment,275000,forsale,8370,installed,2019,,gas,,2,,,,,true,,,,,,10/18/22
10013110,apartment,apartment,275000,forsale,8400,installed,,justrenovated,gas,,2,,,true,,true,,,,,,10/18/22
10124730,apartment,apartment,275000,forsale,9160,,1921,good,gas,184,2,,,,,true,,,,,,10/18/22
9751052,apartment,apartment,279000,forsale,2500,installed,1990,good,gas,149,2,,,,,,,,,1,,10/18/22
9182973,apartment,apartment,280000,forsale,1370,usahyperequipped,2021,,gas,,2,,,true,,true,,,,12,,10/18/22
9182972,apartment,apartment,280000,forsale,1370,usahyperequipped,2021,,gas,,2,,,true,,true,,,,12,,10/18/22
9974503,apartment,apartment,280000,forsale,8400,,1976,justrenovated,gas,,2,,,true,,,,,,,,10/18/22
10016603,apartment,apartment,289500,forsale,1070,usahyperequipped,2022,,gas,,3,,,true,,true,,,2,,,10/18/22
9924808,apartment,duplex,290000,forsale,8450,installed,2015,good,,89.27,3,,,,,true,,,,,,10/18/22
9536122,apartment,apartment,290000,forsale,8600,installed,1995,good,,255,3,,,true,,true,true,,2,2,,10/18/22
9869801,apartment,apartment,295000,forsale,1300,usasemiequipped,,,gas,293,2,,,true,,true,,,,,,10/18/22
9947805,apartment,apartment,295000,forsale,8370,installed,2019,,gas,,2,,,,,true,,,,,,10/18/22
10016125,apartment,apartment,295000,forsale,9690,,2018,,gas,35,2,,,,,,,,,,,10/18/22
10115959,apartment,apartment,299000,forsale,2018,,,good,fueloil,298,1,,,,,true,,,,,,10/18/22
10121810,apartment,apartment,299000,forsale,8400,installed,1969,tobedoneup,,370,2,,,true,,true,,,,,,10/18/22
9974066,apartment,apartment,299500,forsale,8800,installed,2018,,gas,,2,,,,,true,,,,,,10/18/22
10117433,apartment,apartment,300000,forsale,3300,,,asnew,,,2,,,,,true,,,,,,10/18/22
10048126,apartment,apartment,313000,forsale,8670,hyperequipped,2020,asnew,gas,,2,,,,,true,,,,1,,10/18/22
9947803,apartment,apartment,315000,forsale,8370,installed,2019,,gas,,2,,,,,true,,,,,,10/18/22
10096785,apartment,apartment,319000,forsale,2850,hyperequipped,2014,,gas,105.1,2,,,true,,true,,,1,,,10/18/22
9970112,apartment,apartment,325000,forsale,1040,installed,,,gas,324,3,,,true,,,,,,,,10/18/22
10091180,apartment,apartment,344000,forsale,3130,installed,2018,good,,60.61,2,,,,198,true,,,1,2,,10/18/22
9977252,apartment,apartment,345000,forsale,8380,hyperequipped,,asnew,,,2,,,,135,,,,1,,,10/18/22
10126658,apartment,apartment,347500,forsale,8660,installed,1964,,,187,3,,,true,,,,,,,,10/18/22
10158182,house,house,240000,forsale,5300,installed,,justrenovated,fueloil,299,2,300,true,true,,true,true,,1,2,,10/18/22
9625357,house,house,131000,forsale,2550,notinstalled,1930,,gas,371,3,1664,,true,1100,true,,,1,,,10/18/22
10158172,apartment,apartment,260000,forsale,8870,installed,2020,good,gas,47,2,,,,,true,,,,,,10/18/22
10158154,house,house,290000,forsale,7900,installed,2021,,gas,,3,515,true,,,,,,,2,1,10/18/22
10158153,house,bungalow,445000,forsale,1410,hyperequipped,1973,good,electric,555,2,681,true,,500,true,,,2,3,,10/18/22
10158149,apartment,flatstudio,59000,forsale,4000,notinstalled,,tobedoneup,,251,1,,,,,,,,,,,10/18/22
9641565,house,house,184000,forsale,2550,,,good,gas,,5,155,,true,,true,,,,1,,10/18/22
10121293,house,house,275000,forsale,1420,,,torenovate,fueloil,515,2,207,,,100,,true,,,,,10/18/22
10124730,apartment,apartment,275000,forsale,9160,,1921,good,gas,184,2,,,,,true,,,,,,10/18/22
9751052,apartment,apartment,279000,forsale,2500,installed,1990,good,gas,149,2,,,,,,,,,1,,10/18/22
9182973,apartment,apartment,280000,forsale,1370,usahyperequipped,2021,,gas,,2,,,true,,true,,,,12,,10/18/22
9182972,apartment,apartment,280000,forsale,1370,usahyperequipped,2021,,gas,,2,,,true,,true,,,,12,,10/18/22
9974503,apartment,apartment,280000,forsale,8400,,1976,justrenovated,gas,,2,,,true,,,,,,,,10/18/22
10016603,apartment,apartment,289500,forsale,1070,usahyperequipped,2022,,gas,,3,,,true,,true,,,2,,,10/18/22
9924808,apartment,duplex,290000,forsale,8450,installed,2015,good,,89.27,3,,,,,true,,,,,,10/18/22
9536122,apartment,apartment,290000,forsale,8600,installed,1995,good,,255,3,,,true,,true,true,,2,2,,10/18/22
9869801,apartment,apartment,295000,forsale,1300,usasemiequipped,,,gas,293,2,,,true,,true,,,,,,10/18/22
9947805,apartment,apartment,295000,forsale,8370,installed,2019,,gas,,2,,,,,true,,,,,,10/18/22
10016125,apartment,apartment,295000,forsale,9690,,2018,,gas,35,2,,,,,,,,,,,10/18/22
10115959,apartment,apartment,299000,forsale,2018,,,good,fueloil,298,1,,,,,true,,,,,,10/18/22
10121810,apartment,apartment,299000,forsale,8400,installed,1969,tobedoneup,,370,2,,,true,,true,,,,,,10/18/22
9974066,apartment,apartment,299500,forsale,8800,installed,2018,,gas,,2,,,,,true,,,,,,10/18/22
10117433,apartment,apartment,300000,forsale,3300,,,asnew,,,2,,,,,true,,,,,,10/18/22
10048126,apartment,apartment,313000,forsale,8670,hyperequipped,2020,asnew,gas,,2,,,,,true,,,,1,,10/18/22
9947803,apartment,apartment,315000,forsale,8370,installed,2019,,gas,,2,,,,,true,,,,,,10/18/22
10096785,apartment,apartment,319000,forsale,2850,hyperequipped,2014,,gas,105.1,2,,,true,,true,,,1,,,10/18/22
9970112,apartment,apartment,325000,forsale,1040,installed,,,gas,324,3,,,true,,,,,,,,10/18/22
10091180,apartment,apartment,344000,forsale,3130,installed,2018,good,,60.61,2,,,,198,true,,,1,2,,10/18/22
9977252,apartment,apartment,345000,forsale,8380,hyperequipped,,asnew,,,2,,,,135,,,,1,,,10/18/22
10126658,apartment,apartment,347500,forsale,8660,installed,1964,,,187,3,,,true,,,,,,,,10/18/22
10117024,apartment,apartment,350000,forsale,9506,,2015,asnew,,,3,,,,,true,,,,,,10/18/22
9945260,apartment,apartment,358000,forsale,8700,installed,2014,good,,129,2,,,,60,true,,,1,,,10/18/22
9946576,apartment,duplex,360000,forsale,3210,installed,2008,,,146,3,,,true,,,,,1,1,,10/18/22
9947806,apartment,apartment,365000,forsale,8370,installed,2019,,gas,,2,,,,,true,,,,,,10/18/22
10010625,apartment,apartment,375000,forsale,8300,,1997,asnew,gas,189,1,,,,,,,,,,,10/18/22
10111800,apartment,apartment,375000,forsale,9000,,,asnew,gas,609,1,,,,,,true,,,,,10/18/22
10105708,apartment,apartment,380000,forsale,3001,installed,1975,asnew,,325,2,,,true,,true,,,1,,,10/18/22
10016605,apartment,apartment,385000,forsale,1070,usahyperequipped,2022,,gas,,5,,,true,,true,,,2,,,10/18/22
10158182,house,house,240000,forsale,5300,installed,,justrenovated,fueloil,299,2,300,true,true,,true,true,,1,2,,10/18/22
9625357,house,house,131000,forsale,2550,notinstalled,1930,,gas,371,3,1664,,true,1100,true,,,1,,,10/18/22
10158172,apartment,apartment,260000,forsale,8870,installed,2020,good,gas,47,2,,,,,true,,,,,,10/18/22
10158154,house,house,290000,forsale,7900,installed,2021,,gas,,3,515,true,,,,,,,2,1,10/18/22
10158153,house,bungalow,445000,forsale,1410,hyperequipped,1973,good,electric,555,2,681,true,,500,true,,,2,3,,10/18/22
10158149,apartment,flatstudio,59000,forsale,4000,notinstalled,,tobedoneup,,251,1,,,,,,,,,,,10/18/22
9641565,house,house,184000,forsale,2550,,,good,gas,,5,155,,true,,true,,,,1,,10/18/22
10121293,house,house,275000,forsale,1420,,,torenovate,fueloil,515,2,207,,,100,,true,,,,,10/18/22
10029047,apartment,apartment,385000,forsale,1200,hyperequipped,1964,good,,214,2,,,,,true,,,,,,10/18/22
10075631,apartment,penthouse,385000,forsale,2300,hyperequipped,2011,asnew,gas,,2,,,true,,true,true,,1,,,10/18/22
9966044,apartment,apartment,398000,forsale,8300,,1997,asnew,gas,189,1,,,,,,,,,,,10/18/22
10082897,apartment,groundfloor,400000,forsale,4000,usahyperequipped,2014,asnew,gas,,3,,,true,80,true,,,,,,10/18/22
10111210,apartment,apartment,420000,forsale,1050,usainstalled,,good,gas,,2,,,true,,true,,,1,,,10/18/22
10025187,apartment,apartment,425000,forsale,8300,usahyperequipped,2015,asnew,,95,2,,,true,,true,,,,,,10/18/22
10086165,apartment,apartment,429000,forsale,2018,,,asnew,fueloil,,3,,,,,true,,,,,,10/18/22
9568541,apartment,apartment,447000,forsale,2020,hyperequipped,,asnew,gas,,3,,,true,,,true,,2,1,,10/18/22
9818337,apartment,penthouse,449000,forsale,2600,,1933,good,gas,248,2,,,,,true,,,,,,10/18/22
10093789,apartment,apartment,455000,forsale,9880,installed,2017,,gas,,2,,,true,,true,,,,,,10/18/22
10027124,apartment,apartment,470000,forsale,2018,,,asnew,gas,275,3,,,true,,true,,,1,1,,10/18/22
10117626,apartment,apartment,490000,forsale,1730,,2020,good,,,4,,,,,true,,,,,,10/18/22
9309583,apartment,apartment,490000,forsale,2000,usahyperequipped,,asnew,gas,,2,,,,,true,,,,,,10/18/22
10094925,apartment,apartment,519000,forsale,1000,installed,1950,,,423,3,,,,,,,,,,,10/18/22
9978553,apartment,apartment,539000,forsale,9550,,1958,asnew,gas,,5,,,true,,true,true,,1,,,10/18/22
9986723,apartment,apartment,550000,forsale,8300,,1992,,gas,130,2,,,,,,,,,,,10/18/22
10060714,apartment,groundfloor,550000,forsale,9660,usahyperequipped,2018,asnew,gas,,2,,,,113,true,true,,5,2,,10/18/22
9481452,apartment,apartment,575000,forsale,2000,hyperequipped,2021,asnew,gas,,1,,,true,,true,true,,13,13,,10/18/22
9922904,apartment,apartment,585000,forsale,8770,installed,2020,,gas,,3,,,,,true,,,,,,10/18/22
9738974,apartment,apartment,654000,forsale,8300,,1966,justrenovated,gas,194,3,,,,,,true,,,,,10/18/22
10123914,apartment,duplex,765000,forsale,8300,usahyperequipped,2011,asnew,gas,95,2,,,true,,true,,,1,1,,10/18/22
9172131,apartment,apartment,775000,forsale,8670,hyperequipped,2013,asnew,,78,2,,,,,true,,,2,,,10/18/22
10061257,apartment,apartment,779000,forsale,8400,,2021,asnew,,,2,,,true,1,true,,,,,,10/18/22
10055932,apartment,apartment,795000,forsale,8300,,1987,,gas,163,3,,,,,,,,,,,10/18/22
10129939,apartment,apartment,850000,forsale,8370,,1970,asnew,gas,221,6,,,,,,,,3,,,10/18/22
10032347,apartment,apartment,868500,forsale,8300,,,justrenovated,gas,256,3,,,,,,,,,,,10/18/22
10098965,apartment,penthouse,920000,forsale,2000,,,asnew,gas,146,2,,,true,,true,true,,1,1,,10/18/22
9741772,apartment,duplex,945000,forsale,1000,hyperequipped,2012,asnew,gas,,3,,,true,25,true,true,true,,2,,10/18/22
10073753,apartment,apartment,950000,forsale,8300,,2017,asnew,,,2,,,,,,,,,,,10/18/22
9953123,apartment,apartment,995000,forsale,8300,,1978,,gas,116,3,,,,,,,,,,,10/18/22
10158182,house,house,240000,forsale,5300,installed,,justrenovated,fueloil,299,2,300,true,true,,true,true,,1,2,,10/18/22
9625357,house,house,131000,forsale,2550,notinstalled,1930,,gas,371,3,1664,,true,1100,true,,,1,,,10/18/22
10158172,apartment,apartment,260000,forsale,8870,installed,2020,good,gas,47,2,,,,,true,,,,,,10/18/22
10158154,house,house,290000,forsale,7900,installed,2021,,gas,,3,515,true,,,,,,,2,1,10/18/22
10158153,house,bungalow,445000,forsale,1410,hyperequipped,1973,good,electric,555,2,681,true,,500,true,,,2,3,,10/18/22
10158149,apartment,flatstudio,59000,forsale,4000,notinstalled,,tobedoneup,,251,1,,,,,,,,,,,10/18/22
9641565,house,house,184000,forsale,2550,,,good,gas,,5,155,,true,,true,,,,1,,10/18/22
10121293,house,house,275000,forsale,1420,,,torenovate,fueloil,515,2,207,,,100,,true,,,,,10/18/22
10030371,apartment,apartment,1095000,forsale,8300,,1978,,gas,103,3,,,,,,,,,,,10/18/22
10043446,apartment,apartment,1185000,forsale,8300,,1972,,gas,88,3,,,,,true,,,,,,10/18/22
10018432,apartment,penthouse,1195000,forsale,2018,installed,2022,,gas,,3,,,,,true,,,,2,,10/18/22
9028057,apartment,penthouse,1200000,forsale,2000,,2020,,gas,,3,,,,,true,,,,,,10/18/22
9799361,apartment,duplex,1395000,forsale,8300,,2005,good,gas,,4,,,true,,,,,,,,10/18/22
9702425,apartment,apartment,1600000,forsale,2000,,,asnew,gas,203,2,,,,,,,,,,,10/18/22
9481265,apartment,apartment,1795000,forsale,8300,,2011,,gas,129,4,,,true,,,,,,,,10/18/22
10016301,apartment,apartment,1800000,forsale,1180,,1992,,gas,385,2,,,true,400,true,,true,2,,,10/18/22
10025351,apartment,penthouse,2495000,forsale,2000,,2005,good,gas,187,3,,,,,true,,,1,,,10/18/22
10145602,apartment,penthouse,430000,forsale,9000,hyperequipped,,good,gas,97,2,,,,,true,,,,,,10/18/22
9897417,apartmentgroup,apartmentgroup,15000-185000,forsale,3110,,,,,,,,,,,,,,,,1,10/18/22
10076899,apartmentgroup,apartmentgroup,23200-332902,forsale,8710,,,,,,,,,,,,,,,,1,10/18/22
9990766,apartmentgroup,apartmentgroup,25000-295000,forsale,9400,,,,,,,,,,,,,,1,1,1,10/18/22
9559421,apartmentgroup,apartmentgroup,30000-369500,forsale,8000,,,,,,,,,,,,,,,,1,10/18/22
9621842,apartmentgroup,apartmentgroup,30000-286000,forsale,8460,,,,,,,,,,,,,,,,1,10/18/22
9710912,apartmentgroup,apartmentgroup,31800-318000,forsale,1070,,,,,,,,,,,,,,6,,1,10/18/22
9879367,apartmentgroup,apartmentgroup,32000-780000,forsale,3000,,,,,,,,,,,,,,,,1,10/18/22
10101235,apartmentgroup,apartmentgroup,32500-325000,forsale,8800,,,,,,,,,,,,,,,,1,10/18/22
9631913,apartmentgroup,apartmentgroup,38000-467500,forsale,8000,,,,,,,,,,,,,,,,1,10/18/22
10021362,apartmentgroup,apartmentgroup,42000-349000,forsale,8450,,,,,,,,,,,,,,,,1,10/18/22
9079753,apartmentgroup,apartmentgroup,65000-475000,forsale,8400,,,,,,,,,,,,,,,,1,10/18/22
9764857,apartmentgroup,apartmentgroup,109000-295000,forsale,7500,,,,,,,,,,,,,,,,1,10/18/22
9654345,apartmentgroup,apartmentgroup,119900-159900,forsale,4800,,,,,,,,,,,,,,,,1,10/18/22
9223779,apartmentgroup,apartmentgroup,122220-699000,forsale,9990,,,,,,,,,,,,,,,,1,10/18/22
7016565,apartmentgroup,apartmentgroup,132400-910000,forsale,2000,,,,,,,,,,,,,,,,1,10/18/22
9989389,apartmentgroup,apartmentgroup,134000-249000,forsale,6183,,,,,,,,,,,,,,,,1,10/18/22
10107181,apartmentgroup,apartmentgroup,140000-167000,forsale,8650,,,,,,,,,,,,,,,,1,10/18/22
9340575,apartmentgroup,apartmentgroup,145000-255000,forsale,8600,,,,,,,,,,,,,,,,1,10/18/22
9828556,apartmentgroup,apartmentgroup,149000-275000,forsale,7090,,,,,,,,,,,,,,,,1,10/18/22
9046836,apartmentgroup,apartmentgroup,150000-245000,forsale,7050,,,,,,,,,,,,,,,,1,10/18/22
10158182,house,house,240000,forsale,5300,installed,,justrenovated,fueloil,299,2,300,true,true,,true,true,,1,2,,10/18/22
9625357,house,house,131000,forsale,2550,notinstalled,1930,,gas,371,3,1664,,true,1100,true,,,1,,,10/18/22
10158172,apartment,apartment,260000,forsale,8870,installed,2020,good,gas,47,2,,,,,true,,,,,,10/18/22
10158154,house,house,290000,forsale,7900,installed,2021,,gas,,3,515,true,,,,,,,2,1,10/18/22
10158153,house,bungalow,445000,forsale,1410,hyperequipped,1973,good,electric,555,2,681,true,,500,true,,,2,3,,10/18/22
10158149,apartment,flatstudio,59000,forsale,4000,notinstalled,,tobedoneup,,251,1,,,,,,,,,,,10/18/22
9641565,house,house,184000,forsale,2550,,,good,gas,,5,155,,true,,true,,,,1,,10/18/22
10121293,house,house,275000,forsale,1420,,,torenovate,fueloil,515,2,207,,,100,,true,,,,,10/18/22
9878780,apartmentgroup,apartmentgroup,150000-230000,forsale,7134,,,,,88,,,,,,,,,,,1,10/18/22
9781743,apartmentgroup,apartmentgroup,150640-366980,forsale,9700,,,,,,,,,,,,,,,,1,10/18/22
9582696,apartmentgroup,apartmentgroup,151000-247500,forsale,8600,,,,,,,,,,,,,,,,1,10/18/22
9983163,apartmentgroup,apartmentgroup,152508-283185,forsale,4020,,,,,,,,,,,,,,,,1,10/18/22
8901310,apartmentgroup,apartmentgroup,154303-252480,forsale,7800,,,,,,,,,,,,,,,,1,10/18/22
9240441,apartmentgroup,apartmentgroup,155000-190000,forsale,7600,,,,,,,,,,,,,,,17,1,10/18/22
7940959,apartmentgroup,apartmentgroup,156800-156800,forsale,4000,,,,,,,,,,,,,,,,1,10/18/22
9729476,apartmentgroup,apartmentgroup,163800-347500,forsale,4000,,,,,,,,,,,,,,,,1,10/18/22
8435603,apartmentgroup,apartmentgroup,165000-197000,forsale,7021,,,,,90,,,,,,,,,11,1,1,10/18/22
9414678,apartmentgroup,apartmentgroup,166000-362000,forsale,5000,,,,,,,,,,,,,,,,1,10/18/22
9733298,apartmentgroup,apartmentgroup,167000-167000,forsale,7000,,,,,,,,,,,,,,,,1,10/18/22
9748076,apartmentgroup,apartmentgroup,169000-217000,forsale,7712,,,,,,,,,,,,,,,,1,10/18/22
8931266,apartmentgroup,apartmentgroup,169000-345000,forsale,8400,,,,,,,,,,,,,,,,1,10/18/22
10104418,apartmentgroup,apartmentgroup,170000-255000,forsale,6060,,,,,,,,,,,,,,,,1,10/18/22
9128343,apartmentgroup,apartmentgroup,170770-235150,forsale,6230,,,,,,,,,,,,,,,,1,10/18/22
9868287,apartmentgroup,apartmentgroup,171000-216000,forsale,8840,,,,,,,,,,,,,,,,1,10/18/22
8837837,apartmentgroup,apartmentgroup,172900-172900,forsale,1700,,,,,,,,,,,,,,,,1,10/18/22
9062490,apartmentgroup,apartmentgroup,173200-799250,forsale,7500,,,,,,,,,,,,,,,,1,10/18/22
10112630,apartmentgroup,apartmentgroup,175480-553123,forsale,9000,,,,,,,,,,,,,,,48,1,10/18/22
9632972,apartmentgroup,apartmentgroup,175950-307250,forsale,9160,,,,,,,,,,,,,,,,1,10/18/22
9891262,apartmentgroup,apartmentgroup,176985-307287,forsale,4624,,,,,,,,,,,,,,,,1,10/18/22
8616939,apartmentgroup,apartmentgroup,179000-289000,forsale,2100,,,,,,,,,,,,,,,,1,10/18/22
9584236,apartmentgroup,apartmentgroup,180000-449000,forsale,1490,,,,,,,,,,,,,,,,1,10/18/22
9965519,apartmentgroup,apartmentgroup,180800-396500,forsale,8770,,,,,,,,,,,,,,,,1,10/18/22
9557858,apartmentgroup,apartmentgroup,181000-229000,forsale,4400,,,,,,,,,,,,,,,,1,10/18/22
8820657,apartmentgroup,apartmentgroup,181570-278538,forsale,8760,,,,,,,,,,,,,,,,1,10/18/22
9649200,apartmentgroup,apartmentgroup,183000-269000,forsale,1020,,,,,,,,,,,,,,,,1,10/18/22
9793645,apartmentgroup,apartmentgroup,183000-290000,forsale,7090,,,,,,,,,,,,,,,,1,10/18/22
9585666,apartmentgroup,apartmentgroup,184000-454000,forsale,1490,,,,,,,,,,,,,,,,1,10/18/22
9988061,apartmentgroup,apartmentgroup,184028-262042,forsale,8791,,,,,,,,,,,,,,,,1,10/18/22
10158182,house,house,240000,forsale,5300,installed,,justrenovated,fueloil,299,2,300,true,true,,true,true,,1,2,,10/18/22
9625357,house,house,131000,forsale,2550,notinstalled,1930,,gas,371,3,1664,,true,1100,true,,,1,,,10/18/22
10158172,apartment,apartment,260000,forsale,8870,installed,2020,good,gas,47,2,,,,,true,,,,,,10/18/22
10158154,house,house,290000,forsale,7900,installed,2021,,gas,,3,515,true,,,,,,,2,1,10/18/22
10158153,house,bungalow,445000,forsale,1410,hyperequipped,1973,good,electric,555,2,681,true,,500,true,,,2,3,,10/18/22
10158149,apartment,flatstudio,59000,forsale,4000,notinstalled,,tobedoneup,,251,1,,,,,,,,,,,10/18/22
9641565,house,house,184000,forsale,2550,,,good,gas,,5,155,,true,,true,,,,1,,10/18/22
10121293,house,house,275000,forsale,1420,,,torenovate,fueloil,515,2,207,,,100,,true,,,,,10/18/22
9633324,apartmentgroup,apartmentgroup,185000-555000,forsale,4100,,,,,,,,,,,,,,,,1,10/18/22
8804190,apartmentgroup,apartmentgroup,185000-403000,forsale,6900,,,,,,,,,,,,,,,,1,10/18/22
9242760,apartmentgroup,apartmentgroup,185000-286000,forsale,8850,,,,,,,,,,,,,,,,1,10/18/22
9020615,apartmentgroup,apartmentgroup,186800-391640,forsale,8710,,,,,,,,,,,,,,,,1,10/18/22
8476154,apartmentgroup,apartmentgroup,187500-187500,forsale,4430,,,,,,,,,,,,,,,,1,10/18/22
9991210,apartmentgroup,apartmentgroup,188000-454000,forsale,4020,,,,,,,,,,,,,,,,1,10/18/22
9129654,apartmentgroup,apartmentgroup,189900-269900,forsale,7950,,,,,,,,,,,,,,,,1,10/18/22
9622738,apartmentgroup,apartmentgroup,190000-375000,forsale,4900,,,,,,,,,,,,,,,,1,10/18/22
9626223,apartmentgroup,apartmentgroup,190000-252000,forsale,9700,,,,,,,,,,,,,,,,1,10/18/22
9661354,apartmentgroup,apartmentgroup,191787-233195,forsale,2018,,,,,,,,,,,,,,,,1,10/18/22
9999474,apartmentgroup,apartmentgroup,192139-234692,forsale,8790,,,,,,,,,,,,,,,,1,10/18/22
9702824,apartmentgroup,apartmentgroup,192462-192462,forsale,7000,,,,,,,,,,,,,,,,1,10/18/22
9686909,apartmentgroup,apartmentgroup,192500-465000,forsale,1080,,,,,,,,,,,,,,,,1,10/18/22
9898144,apartmentgroup,apartmentgroup,192840-396288,forsale,8920,,,,,,,,,,,,,,,,1,10/18/22
10101542,apartmentgroup,apartmentgroup,193000-285000,forsale,4420,,,,,,,,,,,,,,8,,1,10/18/22
10101536,apartmentgroup,apartmentgroup,193000-285000,forsale,4420,,,,,,,,,,,,,,8,,1,10/18/22
9958779,apartmentgroup,apartmentgroup,193738-330213,forsale,9790,,,,,,,,,,,,,,,,1,10/18/22
9893965,apartmentgroup,apartmentgroup,194000-240000,forsale,7334,,,,,85,,,,,,,,,6,20,1,10/18/22
9739576,apartmentgroup,apartmentgroup,195000-485000,forsale,8450,,,,,,,,,,,,,,,,1,10/18/22
9810425,apartmentgroup,apartmentgroup,195000-395000,forsale,9940,,,,,,,,,,,,,,,,1,10/18/22
9075982,apartmentgroup,apartmentgroup,196000-289000,forsale,9200,,,,,,,,,,,,,,,,1,10/18/22
9579313,apartmentgroup,apartmentgroup,196650-370902,forsale,8580,,,,,45,,,,,,,,,,,1,10/18/22
9948612,apartmentgroup,apartmentgroup,197900-197900,forsale,1120,,,,,,,,,,,,,,,,1,10/18/22
10129406,apartmentgroup,apartmentgroup,198000-295000,forsale,9500,,,,,,,,,,,,,,2,5,1,10/18/22
9515793,apartmentgroup,apartmentgroup,198080-258580,forsale,8800,,,,,,,,,,,,,,,,1,10/18/22
9885103,apartmentgroup,apartmentgroup,198500-324000,forsale,9300,,,,,,,,,,,,,,,,1,10/18/22
9393202,apartmentgroup,apartmentgroup,199000-319000,forsale,8434,,,,,,,,,,,,,,,,1,10/18/22
9993275,apartmentgroup,apartmentgroup,199000-560000,forsale,8870,,,,,,,,,,,,,,,,1,10/18/22
9595243,apartmentgroup,apartmentgroup,199000-340000,forsale,8870,,,,,,,,,,,,,,,,1,10/18/22
9546785,apartmentgroup,apartmentgroup,199000-289000,forsale,8870,,,,,,,,,,,,,,,,1,10/18/22
10158182,house,house,240000,forsale,5300,installed,,justrenovated,fueloil,299,2,300,true,true,,true,true,,1,2,,10/18/22
9625357,house,house,131000,forsale,2550,notinstalled,1930,,gas,371,3,1664,,true,1100,true,,,1,,,10/18/22
10158172,apartment,apartment,260000,forsale,8870,installed,2020,good,gas,47,2,,,,,true,,,,,,10/18/22
10158154,house,house,290000,forsale,7900,installed,2021,,gas,,3,515,true,,,,,,,2,1,10/18/22
10158153,house,bungalow,445000,forsale,1410,hyperequipped,1973,good,electric,555,2,681,true,,500,true,,,2,3,,10/18/22
10158149,apartment,flatstudio,59000,forsale,4000,notinstalled,,tobedoneup,,251,1,,,,,,,,,,,10/18/22
9641565,house,house,184000,forsale,2550,,,good,gas,,5,155,,true,,true,,,,1,,10/18/22
10121293,house,house,275000,forsale,1420,,,torenovate,fueloil,515,2,207,,,100,,true,,,,,10/18/22
9817550,apartmentgroup,apartmentgroup,199000-388750,forsale,9220,,,,,,,,,,,,,,,,1,10/18/22
9768773,apartmentgroup,apartmentgroup,199000-399000,forsale,9620,,,,,,,,,,,,,,,,1,10/18/22
9708452,apartmentgroup,apartmentgroup,199000-232500,forsale,9900,,,,,,,,,,,,,,,,1,10/18/22
7890654,apartmentgroup,apartmentgroup,199000-232500,forsale,9900,,,,,,,,,,,,,,,,1,10/18/22
9353457,apartmentgroup,apartmentgroup,199250-300000,forsale,3580,,,,,,,,,,,,,,,,1,10/18/22
9573762,apartmentgroup,apartmentgroup,199500-309500,forsale,2100,,,,,,,,,,,,,,,,1,10/18/22
8511065,apartmentgroup,apartmentgroup,199500-399800,forsale,9600,,,,,,,,,,,,,,,,1,10/18/22
9309593,apartmentgroup,apartmentgroup,201000-399000,forsale,1500,,,,,,,,,,,,,,,,1,10/18/22
9610530,apartmentgroup,apartmentgroup,201200-369100,forsale,3545,,,,,,,,,,,,,,,,1,10/18/22
9148274,apartmentgroup,apartmentgroup,202500-222500,forsale,5600,,,,,,,,,,,,,,,,1,10/18/22
10123351,apartmentgroup,apartmentgroup,202591-314741,forsale,8800,,,,,,,,,,,,,,,,1,10/18/22
9570396,apartmentgroup,apartmentgroup,202591-202591,forsale,8800,,,,,,,,,,,,,,,,1,10/18/22
8828091,apartmentgroup,apartmentgroup,202616-400304,forsale,8800,,,,,,,,,,,,,,,,1,10/18/22
9670303,apartmentgroup,apartmentgroup,203000-283000,forsale,7911,,,,,85,,,,,,,,,,22,1,10/18/22
9441834,apartmentgroup,apartmentgroup,203000-547500,forsale,8430,,,,,,,,,,,,,,,,1,10/18/22
9348627,apartmentgroup,apartmentgroup,203300-339300,forsale,4430,,,,,,,,,,,,,,,,1,10/18/22
9506044,apartmentgroup,apartmentgroup,204000-266500,forsale,4500,,,,,93,,,,,,,,,,,1,10/18/22
9988433,apartmentgroup,apartmentgroup,205000-577000,forsale,8770,,,,,,,,,,,,,,,,1,10/18/22
9640406,apartmentgroup,apartmentgroup,205000-395000,forsale,8770,,,,,,,,,,,,,,,,1,10/18/22
9480401,apartmentgroup,apartmentgroup,205875-277000,forsale,8650,,,,,,,,,,,,,,,,1,10/18/22
10125538,apartmentgroup,apartmentgroup,206500-505000,forsale,3060,,,,,,,,,,,,,,,,1,10/18/22
9929202,apartmentgroup,apartmentgroup,206500-329000,forsale,9200,,,,,,,,,,,,,,,,1,10/18/22
10122769,apartmentgroup,apartmentgroup,206550-316050,forsale,9550,,,,,,,,,,,,,,,,1,10/18/22
9590938,apartmentgroup,apartmentgroup,208600-304000,forsale,9300,,,,,,,,,,,,,,,,1,10/18/22
9551108,apartmentgroup,apartmentgroup,208834.5-299961.9,forsale,7700,,,,,,,,,,,,,,,,1,10/18/22
10004911,apartmentgroup,apartmentgroup,209000-329000,forsale,9120,,,,,,,,,,,,,,,,1,10/18/22
9725024,apartmentgroup,apartmentgroup,209582-364587,forsale,1930,,,,,,,,,,,,,,,,1,10/18/22
8670495,apartmentgroup,apartmentgroup,210000-225000,forsale,8900,,,,,,,,,,,,,,,,1,10/18/22
9675496,apartmentgroup,apartmentgroup,210000-336000,forsale,9120,,,,,,,,,,,,,,,75,1,10/18/22
9770154,apartmentgroup,apartmentgroup,210046-210046,forsale,3000,,,,,,,,,,,,,,,,1,10/18/22
10158182,house,house,240000,forsale,5300,installed,,justrenovated,fueloil,299,2,300,true,true,,true,true,,1,2,,10/18/22
9625357,house,house,131000,forsale,2550,notinstalled,1930,,gas,371,3,1664,,true,1100,true,,,1,,,10/18/22
10158172,apartment,apartment,260000,forsale,8870,installed,2020,good,gas,47,2,,,,,true,,,,,,10/18/22
10158154,house,house,290000,forsale,7900,installed,2021,,gas,,3,515,true,,,,,,,2,1,10/18/22
10158153,house,bungalow,445000,forsale,1410,hyperequipped,1973,good,electric,555,2,681,true,,500,true,,,2,3,,10/18/22
10158149,apartment,flatstudio,59000,forsale,4000,notinstalled,,tobedoneup,,251,1,,,,,,,,,,,10/18/22
9641565,house,house,184000,forsale,2550,,,good,gas,,5,155,,true,,true,,,,1,,10/18/22
10121293,house,house,275000,forsale,1420,,,torenovate,fueloil,515,2,207,,,100,,true,,,,,10/18/22
10099143,apartmentgroup,apartmentgroup,210450-319950,forsale,9550,,,,,,,,,,,,,,,,1,10/18/22
8884612,apartmentgroup,apartmentgroup,211284-236754,forsale,9700,,,,,,,,,,,,,,,,1,10/18/22
6915057,apartmentgroup,apartmentgroup,212100-212100,forsale,4430,,,,,,,,,,,,,,,,1,10/18/22
9704588,apartmentgroup,apartmentgroup,212250-217500,forsale,9900,,,,,,,,,,,,,,,,1,10/18/22
9715704,apartmentgroup,apartmentgroup,212500-245000,forsale,6041,,,,,106,,,,,,,,,,4,1,10/18/22
9016802,apartmentgroup,apartmentgroup,213000-416000,forsale,4100,,,,,,,,,,,,,,,,1,10/18/22
9465937,apartmentgroup,apartmentgroup,213000-283000,forsale,7910,,,,,,,,,,,,,,,30,1,10/18/22
9391191,apartmentgroup,apartmentgroup,213601-321549,forsale,9900,,,,,,,,,,,,,,,,1,10/18/22
9753882,apartmentgroup,apartmentgroup,214060-285830,forsale,9400,,,,,,,,,,,,,,,,1,10/18/22
10023642,apartmentgroup,apartmentgroup,215000-215000,forsale,6150,,,,,,,,,,,,,,,,1,10/18/22
9473996,apartmentgroup,apartmentgroup,215000-215000,forsale,8600,,,,,,,,,,,,,,,,1,10/18/22
7299438,apartmentgroup,apartmentgroup,215000-235000,forsale,8750,,,,,99,,,,,,,,,,,1,10/18/22
8665884,apartmentgroup,apartmentgroup,215000-309000,forsale,8770,,,,,,,,,,,,,,,,1,10/18/22
9998413,apartmentgroup,apartmentgroup,215000-295000,forsale,9320,,,,,,,,,,,,,,,11,1,10/18/22
8493879,apartmentgroup,apartmentgroup,216672-481831,forsale,9800,,,,,,,,,,,,,,,,1,10/18/22
9253065,apartmentgroup,apartmentgroup,216672-481831,forsale,9800,,,,,,,,,,,,,,9,66,1,10/18/22
9542122,apartmentgroup,apartmentgroup,217393-418419,forsale,8870,,,,,,,,,,,,,,,,1,10/18/22
9579361,apartmentgroup,apartmentgroup,217394-418419,forsale,8870,,,,,36,,,,,,,,,,,1,10/18/22
9803460,apartmentgroup,apartmentgroup,217929-343735,forsale,3200,,,,,,,,,,,,,,,,1,10/18/22
9975711,apartmentgroup,apartmentgroup,219000-359000,forsale,9140,,,,,,,,,,,,,,,,1,10/18/22
9947513,apartmentgroup,apartmentgroup,220000-370000,forsale,8800,,,,,,,,,,,,,,,,1,10/18/22
10126853,apartmentgroup,apartmentgroup,220000-280000,forsale,9500,,,,,,,,,,,,,,,,1,10/18/22
10086404,apartmentgroup,apartmentgroup,220000-420000,forsale,9890,,,,,,,,,,,,,,,,1,10/18/22
9820385,apartmentgroup,apartmentgroup,220191-434042,forsale,1500,,,,,,,,,,,,,,,,1,10/18/22
9657053,apartmentgroup,apartmentgroup,220325-327225,forsale,8460,,,,,,,,,,,,,,,,1,10/18/22
9666554,apartmentgroup,apartmentgroup,220586-220586,forsale,7700,,,,,,,,,,,,,,,,1,10/18/22
7941015,apartmentgroup,apartmentgroup,221400-227800,forsale,4420,,,,,,,,,,,,,,,,1,10/18/22
9632601,apartmentgroup,apartmentgroup,222500-322500,forsale,9120,,,,,,,,,,,,,,,,1,10/18/22
10009790,apartmentgroup,apartmentgroup,222643-222643,forsale,3000,,,,,,,,,,,,,,,,1,10/18/22
9403497,apartmentgroup,apartmentgroup,222900-399900,forsale,9300,,,,,,,,,,,,,,,,1,10/18/22
10158182,house,house,240000,forsale,5300,installed,,justrenovated,fueloil,299,2,300,true,true,,true,true,,1,2,,10/18/22
9625357,house,house,131000,forsale,2550,notinstalled,1930,,gas,371,3,1664,,true,1100,true,,,1,,,10/18/22
10158172,apartment,apartment,260000,forsale,8870,installed,2020,good,gas,47,2,,,,,true,,,,,,10/18/22
10158154,house,house,290000,forsale,7900,installed,2021,,gas,,3,515,true,,,,,,,2,1,10/18/22
10158153,house,bungalow,445000,forsale,1410,hyperequipped,1973,good,electric,555,2,681,true,,500,true,,,2,3,,10/18/22
10158149,apartment,flatstudio,59000,forsale,4000,notinstalled,,tobedoneup,,251,1,,,,,,,,,,,10/18/22
9641565,house,house,184000,forsale,2550,,,good,gas,,5,155,,true,,true,,,,1,,10/18/22
10121293,house,house,275000,forsale,1420,,,torenovate,fueloil,515,2,207,,,100,,true,,,,,10/18/22
9711855,apartmentgroup,apartmentgroup,223700-297100,forsale,8800,,,,,,,,,,,,,,,,1,10/18/22
8911392,apartmentgroup,apartmentgroup,224000-239000,forsale,8400,,,,,,,,,,,,,,,,1,10/18/22
9838046,apartmentgroup,apartmentgroup,224100-358200,forsale,8570,,,,,,,,,,,,,,,,1,10/18/22
9065567,apartmentgroup,apartmentgroup,224500-224500,forsale,8470,,,,,99,,,,,,,,,,,1,10/18/22
9855931,apartmentgroup,apartmentgroup,224500-667500,forsale,9160,,,,,,,,,,,,,,,,1,10/18/22
10127985,apartmentgroup,apartmentgroup,225000-375000,forsale,3300,,,,,,,,,,,,,,,,1,10/18/22
8469436,apartmentgroup,apartmentgroup,225000-299000,forsale,8400,,,,,,,,,,,,,,,,1,10/18/22
9833095,apartmentgroup,apartmentgroup,225000-305000,forsale,8434,,,,,,,,,,,,,,,,1,10/18/22
9829462,apartmentgroup,apartmentgroup,225000-322000,forsale,9120,,,,,,,,,,,,,,13,37,1,10/18/22
9268192,apartmentgroup,apartmentgroup,225000-425000,forsale,9940,,,,,,,,,,,,,,,,1,10/18/22
9724453,apartmentgroup,apartmentgroup,225300-225300,forsale,5300,,,,,,,,,,,,,,,,1,10/18/22
7055285,apartmentgroup,apartmentgroup,226000-226000,forsale,7700,,,,,,,,,,,,,,,,1,10/18/22
9938335,apartmentgroup,apartmentgroup,227000-238000,forsale,8800,,,,,,,,,,,,,,,,1,10/18/22
9938334,apartmentgroup,apartmentgroup,227000-242000,forsale,8800,,,,,,,,,,,,,,,,1,10/18/22
9543458,apartmentgroup,apartmentgroup,227495-329204,forsale,9280,,,,,,,,,,,,,,,,1,10/18/22
9638089,apartmentgroup,apartmentgroup,228000-324000,forsale,1700,,,,,,,,,,,,,,,,1,10/18/22
7482390,apartmentgroup,apartmentgroup,228000-285600,forsale,7090,,,,,,,,,,,,,,,,1,10/18/22
9902209,apartmentgroup,apartmentgroup,228000-290000,forsale,8600,,,,,,,,,,,,,,,,1,10/18/22
9604898,apartmentgroup,apartmentgroup,228000-290000,forsale,8600,,,,,,,,,,,,,,,,1,10/18/22
9678375,apartmentgroup,apartmentgroup,228000-228000,forsale,9240,,,,,,,,,,,,,,,,1,10/18/22
10094602,apartmentgroup,apartmentgroup,228250-448250,forsale,9180,,,,,,,,,,,,,,,,1,10/18/22
9751975,apartmentgroup,apartmentgroup,228973-411936,forsale,9200,,,,,,,,,,,,,,,,1,10/18/22
10119568,apartmentgroup,apartmentgroup,229000-249500,forsale,8470,,,,,67,,,,,,,,,,,1,10/18/22
9967364,apartmentgroup,apartmentgroup,229500-344000,forsale,8980,,,,,,,,,,,,,,,,1,10/18/22
9735712,apartmentgroup,apartmentgroup,230000-319000,forsale,3000,,,,,,,,,,,,,,,,1,10/18/22
10049415,apartmentgroup,apartmentgroup,230000-272500,forsale,5000,,,,,,,,,,,,,,,,1,10/18/22
9551782,apartmentgroup,apartmentgroup,230000-585000,forsale,8770,,,,,,,,,,,,,,,,1,10/18/22
9705581,apartmentgroup,apartmentgroup,231000-262000,forsale,4360,,,,,,,,,,,,,,,2,1,10/18/22
9281515,apartmentgroup,apartmentgroup,232000-339500,forsale,4000,,,,,,,,,,,,,,,,1,10/18/22
10080859,apartmentgroup,apartmentgroup,233750-373500,forsale,8370,,,,,,,,,,,,,,,,1,10/18/22
10158182,house,house,240000,forsale,5300,installed,,justrenovated,fueloil,299,2,300,true,true,,true,true,,1,2,,10/18/22
9625357,house,house,131000,forsale,2550,notinstalled,1930,,gas,371,3,1664,,true,1100,true,,,1,,,10/18/22
10158172,apartment,apartment,260000,forsale,8870,installed,2020,good,gas,47,2,,,,,true,,,,,,10/18/22
10158154,house,house,290000,forsale,7900,installed,2021,,gas,,3,515,true,,,,,,,2,1,10/18/22
10158153,house,bungalow,445000,forsale,1410,hyperequipped,1973,good,electric,555,2,681,true,,500,true,,,2,3,,10/18/22
10158149,apartment,flatstudio,59000,forsale,4000,notinstalled,,tobedoneup,,251,1,,,,,,,,,,,10/18/22
9641565,house,house,184000,forsale,2550,,,good,gas,,5,155,,true,,true,,,,1,,10/18/22
10121293,house,house,275000,forsale,1420,,,torenovate,fueloil,515,2,207,,,100,,true,,,,,10/18/22
9947954,apartmentgroup,apartmentgroup,235000-385000,forsale,8370,,,,,,,,,,,,,,,,1,10/18/22
9810277,apartmentgroup,apartmentgroup,235238-498040,forsale,2570,,,,,,,,,,,,,,,,1,10/18/22
9876477,apartmentgroup,apartmentgroup,235538-424301,forsale,1785,,,,,,,,,,,,,,,,1,10/18/22
10006046,apartmentgroup,apartmentgroup,235900-698500,forsale,9160,,,,,,,,,,,,,,,,1,10/18/22
8677653,apartmentgroup,apartmentgroup,235939-490800,forsale,8740,,,,,,,,,,,,,,,1,1,10/18/22
9904757,apartmentgroup,apartmentgroup,236000-338500,forsale,8210,,,,,,,,,,,,,,,,1,10/18/22
9420721,apartmentgroup,apartmentgroup,236500-335500,forsale,9200,,,,,,,,,,,,,,,,1,10/18/22
9580190,apartmentgroup,apartmentgroup,237000-432000,forsale,9400,,,,,,,,,,,,,,,,1,10/18/22
9221754,apartmentgroup,apartmentgroup,237500-399750,forsale,8530,,,,,,,,,,,,,,,,1,10/18/22
9393461,apartmentgroup,apartmentgroup,237500-237500,forsale,9900,,,,,,,,,,,,,,,,1,10/18/22
9631750,apartmentgroup,apartmentgroup,237700-468800,forsale,3800,,,,,,,,,,,,,,,,1,10/18/22
9921164,apartmentgroup,apartmentgroup,238000-319000,forsale,9320,,,,,,,,,,,,,,,,1,10/18/22
8588169,apartmentgroup,apartmentgroup,238500-238500,forsale,8972,,,,,,,,,,,,,,,,1,10/18/22
7961390,apartmentgroup,apartmentgroup,239000-389000,forsale,8530,,,,,,,,,,,,,,,,1,10/18/22
9914225,apartmentgroup,apartmentgroup,239450-453025,forsale,3270,,,,,,,,,,,,,,,,1,10/18/22
9998151,apartmentgroup,apartmentgroup,240000-480000,forsale,4620,,,,,,,,,,,,,,36,,1,10/18/22
9901864,apartmentgroup,apartmentgroup,240000-450000,forsale,9200,,,,,,,,,,,,,,,,1,10/18/22
9730593,apartmentgroup,apartmentgroup,241000-245000,forsale,9900,,,,,,,,,,,,,,,,1,10/18/22
9519048,apartmentgroup,apartmentgroup,241800-241800,forsale,3390,,,,,,,,,,,,,,,,1,10/18/22
9753461,apartmentgroup,apartmentgroup,242000-425000,forsale,8560,,,,,,,,,,,,,,,,1,10/18/22
9753460,apartmentgroup,apartmentgroup,242000-425000,forsale,8560,,,,,,,,,,,,,,,,1,10/18/22
9197478,apartmentgroup,apartmentgroup,242237-253286,forsale,1730,,,,,,,,,,,,,,,,1,10/18/22
9257223,apartmentgroup,apartmentgroup,242500-244500,forsale,9700,,,,,,,,,,,,,,,7,1,10/18/22
8996311,apartmentgroup,apartmentgroup,242500-244500,forsale,9700,,,,,,,,,,,,,,,,1,10/18/22
10014437,apartmentgroup,apartmentgroup,243000-517000,forsale,2180,,,,,,,,,,,,,,,,1,10/18/22
10020474,apartmentgroup,apartmentgroup,243400-353500,forsale,2830,,,,,,,,,,,,,,,,1,10/18/22
10082973,apartmentgroup,apartmentgroup,244500-357700,forsale,8610,,,,,,,,,,,,,,,,1,10/18/22
9763310,apartmentgroup,apartmentgroup,244500-455000,forsale,9910,,,,,,,,,,,,,,,,1,10/18/22
9396144,apartmentgroup,apartmentgroup,245000-377500,forsale,3440,,,,,,,,,,,,,,,,1,10/18/22
9507740,apartmentgroup,apartmentgroup,245000-245000,forsale,5600,,,,,,,,,,,,,,,,1,10/18/22
10158182,house,house,240000,forsale,5300,installed,,justrenovated,fueloil,299,2,300,true,true,,true,true,,1,2,,10/18/22
9625357,house,house,131000,forsale,2550,notinstalled,1930,,gas,371,3,1664,,true,1100,true,,,1,,,10/18/22
10158172,apartment,apartment,260000,forsale,8870,installed,2020,good,gas,47,2,,,,,true,,,,,,10/18/22
10158154,house,house,290000,forsale,7900,installed,2021,,gas,,3,515,true,,,,,,,2,1,10/18/22
10158153,house,bungalow,445000,forsale,1410,hyperequipped,1973,good,electric,555,2,681,true,,500,true,,,2,3,,10/18/22
10158149,apartment,flatstudio,59000,forsale,4000,notinstalled,,tobedoneup,,251,1,,,,,,,,,,,10/18/22
9641565,house,house,184000,forsale,2550,,,good,gas,,5,155,,true,,true,,,,1,,10/18/22
10121293,house,house,275000,forsale,1420,,,torenovate,fueloil,515,2,207,,,100,,true,,,,,10/18/22
9377320,apartmentgroup,apartmentgroup,245000-770000,forsale,8400,,,,,,,,,,,,,,,,1,10/18/22
8673253,apartmentgroup,apartmentgroup,245000-425000,forsale,8400,,,,,,,,,,,,,,,,1,10/18/22
9925517,apartmentgroup,apartmentgroup,245000-289000,forsale,9600,,,,,,,,,,,,,,,,1,10/18/22
9745747,apartmentgroup,apartmentgroup,245200-311300,forsale,1190,,,,,,,,,,,,,,,,1,10/18/22
9391192,apartmentgroup,apartmentgroup,245826-311478,forsale,9900,,,,,,,,,,,,,,,,1,10/18/22
9713107,apartmentgroup,apartmentgroup,246600-395925,forsale,1830,,,,,,,,,,,,,,,,1,10/18/22
9913109,apartmentgroup,apartmentgroup,249000-395000,forsale,1853,,,,,,,,,,,,,,,,1,10/18/22
7899353,apartmentgroup,apartmentgroup,249500-385500,forsale,4800,,,,,,,,,,,,,,,,1,10/18/22
9729847,apartmentgroup,apartmentgroup,249900-661980,forsale,2950,,,,,,,,,,,,,,38,38,1,10/18/22
9729386,apartmentgroup,apartmentgroup,249900-489000,forsale,2950,,,,,,,,,,,,,,38,38,1,10/18/22
9646103,apartmentgroup,apartmentgroup,250000-300000,forsale,1080,,,,,,,,,,,,,,,,1,10/18/22
9657932,apartmentgroup,apartmentgroup,250000-500000,forsale,2300,,,,,,,,,,,,,,,,1,10/18/22
8911138,apartmentgroup,apartmentgroup,250000-250000,forsale,8020,,,,,40,,,,,,,,,,,1,10/18/22
9818053,apartmentgroup,apartmentgroup,250000-360000,forsale,8370,,,,,,,,,,,,,,,,1,10/18/22
9794325,apartmentgroup,apartmentgroup,250000-925000,forsale,9600,,,,,,,,,,,,,,1,,1,10/18/22
9833362,apartmentgroup,apartmentgroup,250309-466464,forsale,9120,,,,,,,,,,,,,,34,34,1,10/18/22
9431352,apartmentgroup,apartmentgroup,250500-262500,forsale,9100,,,,,,,,,,,,,,,,1,10/18/22
9957696,apartmentgroup,apartmentgroup,250950-498037,forsale,8570,,,,,,,,,,,,,,,,1,10/18/22
10105871,apartmentgroup,apartmentgroup,254000-455000,forsale,8540,,,,,,,,,,,,,,,,1,10/18/22
10096969,apartmentgroup,apartmentgroup,255000-545000,forsale,4000,,,,,,,,,,,,,,,,1,10/18/22
7969942,apartmentgroup,apartmentgroup,255000-545000,forsale,4000,,,,,,,,,,,,,,,,1,10/18/22
10102353,apartmentgroup,apartmentgroup,255000-380000,forsale,6001,,,,,,,,,,,,,,,,1,10/18/22
9897972,apartmentgroup,apartmentgroup,256174-366415,forsale,8700,,,,,,,,,,,,,,,,1,10/18/22
10024084,apartmentgroup,apartmentgroup,256500-304500,forsale,9550,,,,,,,,,,,,,,,1,1,10/18/22
8989846,apartmentgroup,apartmentgroup,257000-299250,forsale,2900,,,,,,,,,,,,,,,,1,10/18/22
9729010,apartmentgroup,apartmentgroup,257000-260000,forsale,9250,,,,,,,,,,,,,,,,1,10/18/22
9539724,apartmentgroup,apartmentgroup,257700-257700,forsale,4040,,,,,,,,,,,,,,,,1,10/18/22
7964804,apartmentgroup,apartmentgroup,257700-257700,forsale,4040,,,,,,,,,,,,,,,,1,10/18/22
9944643,apartmentgroup,apartmentgroup,258000-382000,forsale,8630,,,,,,,,,,,,,,,,1,10/18/22
9918231,apartmentgroup,apartmentgroup,258500-375500,forsale,9880,,,,,45,,,,,,,,,,,1,10/18/22
10158182,house,house,240000,forsale,5300,installed,,justrenovated,fueloil,299,2,300,true,true,,true,true,,1,2,,10/18/22
9625357,house,house,131000,forsale,2550,notinstalled,1930,,gas,371,3,1664,,true,1100,true,,,1,,,10/18/22
10158172,apartment,apartment,260000,forsale,8870,installed,2020,good,gas,47,2,,,,,true,,,,,,10/18/22
10158154,house,house,290000,forsale,7900,installed,2021,,gas,,3,515,true,,,,,,,2,1,10/18/22
10158153,house,bungalow,445000,forsale,1410,hyperequipped,1973,good,electric,555,2,681,true,,500,true,,,2,3,,10/18/22
10158149,apartment,flatstudio,59000,forsale,4000,notinstalled,,tobedoneup,,251,1,,,,,,,,,,,10/18/22
9641565,house,house,184000,forsale,2550,,,good,gas,,5,155,,true,,true,,,,1,,10/18/22
10121293,house,house,275000,forsale,1420,,,torenovate,fueloil,515,2,207,,,100,,true,,,,,10/18/22
9919194,apartmentgroup,apartmentgroup,258550-346000,forsale,8650,,,,,,,,,,,,,,,,1,10/18/22
9124189,apartmentgroup,apartmentgroup,259000-379000,forsale,9255,,,,,,,,,,,,,,,,1,10/18/22
7827549,apartmentgroup,apartmentgroup,259475-384000,forsale,6800,,,,,,,,,,,,,,,,1,10/18/22
9114854,apartmentgroup,apartmentgroup,259500-295000,forsale,6534,,,,,,,,,,,,,,,,1,10/18/22
10055770,apartmentgroup,apartmentgroup,259649.25-397162.5,forsale,9220,,,,,,,,,,,,,,,,1,10/18/22
8910719,apartmentgroup,apartmentgroup,260000-300000,forsale,8400,,,,,,,,,,,,,,,,1,10/18/22
9152604,apartmentgroup,apartmentgroup,260000-271500,forsale,9230,,,,,99,,,,,,,,,,,1,10/18/22
10109698,apartmentgroup,apartmentgroup,261000-450000,forsale,1340,,,,,,,,,,,,,,13,,1,10/18/22
8885993,apartmentgroup,apartmentgroup,261000-262500,forsale,9900,,,,,,,,,,,,,,,,1,10/18/22
9272765,apartmentgroup,apartmentgroup,261817-397670,forsale,9255,,,,,,,,,,,,,,,,1,10/18/22
8692536,apartmentgroup,apartmentgroup,262000-392000,forsale,1700,,,,,,,,,,,,,,,,1,10/18/22
9523077,apartmentgroup,apartmentgroup,262218-374536,forsale,3390,,,,,,,,,,,,,,,,1,10/18/22
9901721,apartmentgroup,apartmentgroup,263000-284000,forsale,3270,,,,,,,,,,,,,,,,1,10/18/22
10066582,apartmentgroup,apartmentgroup,263000-315000,forsale,8870,,,,,,,,,,,,,,,,1,10/18/22
10125667,apartmentgroup,apartmentgroup,263410-365170,forsale,2070,,,,,,,,,,,,,,,,1,10/18/22
9706442,apartmentgroup,apartmentgroup,264000-383000,forsale,1500,,,,,,,,,,,,,,,,1,10/18/22
9889168,apartmentgroup,apartmentgroup,264000-426000,forsale,8370,,,,,,,,,,,,,,,,1,10/18/22
9541234,apartmentgroup,apartmentgroup,264500-287500,forsale,1500,,,,,,,,,,,,,,,,1,10/18/22
9924992,apartmentgroup,apartmentgroup,264500-389500,forsale,9230,,,,,,,,,,,,,,,,1,10/18/22
9914565,apartmentgroup,apartmentgroup,265000-550000,forsale,8400,,,,,,,,,,,,,,,,1,10/18/22
9802835,apartmentgroup,apartmentgroup,265000-299000,forsale,8400,,,,,,,,,,,,,,,,1,10/18/22
9383775,apartmentgroup,apartmentgroup,265000-330000,forsale,8400,,,,,,,,,,,,,,,,1,10/18/22
9757663,apartmentgroup,apartmentgroup,265000-400000,forsale,8520,,,,,,,,,,,,,,,,1,10/18/22
8886032,apartmentgroup,apartmentgroup,266080-302580,forsale,8540,,,,,,,,,,,,,,,,1,10/18/22
10033999,apartmentgroup,apartmentgroup,266363-398386,forsale,9200,,,,,,,,,,,,,,,,1,10/18/22
9791560,apartmentgroup,apartmentgroup,268000-407000,forsale,8600,,,,,,,,,,,,,,,,1,10/18/22
9416879,apartmentgroup,apartmentgroup,269000-395000,forsale,8600,,,,,,,,,,,,,,,,1,10/18/22
9943975,apartmentgroup,apartmentgroup,269000-375000,forsale,9200,,,,,,,,,,,,,,,,1,10/18/22
9799333,apartmentgroup,apartmentgroup,269520-478741,forsale,9340,,,,,,,,,,,,,,,12,1,10/18/22
8831797,apartmentgroup,apartmentgroup,269777.54-284954,forsale,9160,,,,,,,,,,,,,,,,1,10/18/22
10158182,house,house,240000,forsale,5300,installed,,justrenovated,fueloil,299,2,300,true,true,,true,true,,1,2,,10/18/22
9625357,house,house,131000,forsale,2550,notinstalled,1930,,gas,371,3,1664,,true,1100,true,,,1,,,10/18/22
10158172,apartment,apartment,260000,forsale,8870,installed,2020,good,gas,47,2,,,,,true,,,,,,10/18/22
10158154,house,house,290000,forsale,7900,installed,2021,,gas,,3,515,true,,,,,,,2,1,10/18/22
10158153,house,bungalow,445000,forsale,1410,hyperequipped,1973,good,electric,555,2,681,true,,500,true,,,2,3,,10/18/22
10158149,apartment,flatstudio,59000,forsale,4000,notinstalled,,tobedoneup,,251,1,,,,,,,,,,,10/18/22
9641565,house,house,184000,forsale,2550,,,good,gas,,5,155,,true,,true,,,,1,,10/18/22
10121293,house,house,275000,forsale,1420,,,torenovate,fueloil,515,2,207,,,100,,true,,,,,10/18/22
9377134,apartmentgroup,apartmentgroup,270000-450000,forsale,8430,,,,,,,,,,,,,,,,1,10/18/22
10005496,apartmentgroup,apartmentgroup,270500-314100,forsale,9880,,,,,45,,,,,,,,,,,1,10/18/22
9982102,apartmentgroup,apartmentgroup,271500-473000,forsale,4900,,,,,,,,,,,,,,,,1,10/18/22
9960707,apartmentgroup,apartmentgroup,271500-473000,forsale,4900,,,,,,,,,,,,,,,,1,10/18/22
9965007,apartmentgroup,apartmentgroup,274000-415000,forsale,3200,,,,,,,,,,,,,,,,1,10/18/22
9829010,apartmentgroup,apartmentgroup,274500-387500,forsale,8610,,,,,,,,,,,,,,,,1,10/18/22
9183365,apartmentgroup,apartmentgroup,275000-346000,forsale,2890,,,,,,,,,,,,,,,,1,10/18/22
10030288,apartmentgroup,apartmentgroup,275000-635000,forsale,8400,,,,,,,,,,,,,,,,1,10/18/22
8524828,apartmentgroup,apartmentgroup,275000-275000,forsale,8750,,,,,,,,,,,,,,,,1,10/18/22
9011165,apartmentgroup,apartmentgroup,275000-310000,forsale,8760,,,,,,,,,,,,,,,,1,10/18/22
9960171,apartmentgroup,apartmentgroup,275000-434000,forsale,9041,,,,,,,,,,,,,,,,1,10/18/22
9901866,apartmentgroup,apartmentgroup,275000-1235250,forsale,9200,,,,,,,,,,,,,,,,1,10/18/22
9901862,apartmentgroup,apartmentgroup,275000-1185000,forsale,9200,,,,,,,,,,,,,,,,1,10/18/22
9809516,apartmentgroup,apartmentgroup,275000-310000,forsale,9200,,,,,,,,,,,,,,,,1,10/18/22
9554936,apartmentgroup,apartmentgroup,275000-635000,forsale,9820,,,,,,,,,,,,,,,,1,10/18/22
9855231,apartmentgroup,apartmentgroup,275000-425000,forsale,9940,,,,,,,,,,,,,,,,1,10/18/22
9475779,apartmentgroup,apartmentgroup,275717-275717,forsale,8490,,,,,,,,,,,,,,,,1,10/18/22
8804242,apartmentgroup,apartmentgroup,277000-365000,forsale,6900,,,,,,,,,,,,,,,,1,10/18/22
9110386,apartmentgroup,apartmentgroup,277500-277500,forsale,9890,,,,,,,,,,,,,,5,6,1,10/18/22
8885955,apartmentgroup,apartmentgroup,277666-380820,forsale,8900,,,,,,,,,,,,,,,,1,10/18/22
9391478,apartmentgroup,apartmentgroup,278250-289500,forsale,9910,,,,,,,,,,,,,,,,1,10/18/22
8488803,apartmentgroup,apartmentgroup,278500-278500,forsale,9160,,,,,,,,,,,,,,78,78,1,10/18/22
10018523,apartmentgroup,apartmentgroup,278858.5-315529,forsale,1020,,,,,,,,,,,,,,,,1,10/18/22
9651616,apartmentgroup,apartmentgroup,279000-650000,forsale,1785,,,,,,,,,,,,,,,,1,10/18/22
10127185,apartmentgroup,apartmentgroup,279000-575000,forsale,2050,,,,,,,,,,,,,,,,1,10/18/22
9083951,apartmentgroup,apartmentgroup,279000-349000,forsale,2870,,,,,,,,,,,,,,,,1,10/18/22
9737179,apartmentgroup,apartmentgroup,279000-410000,forsale,3200,,,,,30,,,,,,,,,18,,1,10/18/22
10004748,apartmentgroup,apartmentgroup,279000-495000,forsale,9052,,,,,,,,,,,,,,,,1,10/18/22
10129428,apartmentgroup,apartmentgroup,279500-359500,forsale,3290,,,,,,,,,,,,,,78,10,1,10/18/22
8803262,apartmentgroup,apartmentgroup,280000-280000,forsale,8660,,,,,,,,,,,,,,,,1,10/18/22
10158182,house,house,240000,forsale,5300,installed,,justrenovated,fueloil,299,2,300,true,true,,true,true,,1,2,,10/18/22
9625357,house,house,131000,forsale,2550,notinstalled,1930,,gas,371,3,1664,,true,1100,true,,,1,,,10/18/22
10158172,apartment,apartment,260000,forsale,8870,installed,2020,good,gas,47,2,,,,,true,,,,,,10/18/22
10158154,house,house,290000,forsale,7900,installed,2021,,gas,,3,515,true,,,,,,,2,1,10/18/22
10158153,house,bungalow,445000,forsale,1410,hyperequipped,1973,good,electric,555,2,681,true,,500,true,,,2,3,,10/18/22
10158149,apartment,flatstudio,59000,forsale,4000,notinstalled,,tobedoneup,,251,1,,,,,,,,,,,10/18/22
9641565,house,house,184000,forsale,2550,,,good,gas,,5,155,,true,,true,,,,1,,10/18/22
10121293,house,house,275000,forsale,1420,,,torenovate,fueloil,515,2,207,,,100,,true,,,,,10/18/22
9179416,apartmentgroup,apartmentgroup,280000-360000,forsale,8670,,,,,,,,,,,,,,,,1,10/18/22
8590207,apartmentgroup,apartmentgroup,280000-280000,forsale,9160,,,,,,,,,,,,,,,,1,10/18/22
9553611,apartmentgroup,apartmentgroup,280537-657038,forsale,9000,,,,,,,,,,,,,,,,1,10/18/22
10056739,apartmentgroup,apartmentgroup,283500-598500,forsale,3200,,,,,,,,,,,,,,,,1,10/18/22
9057744,apartmentgroup,apartmentgroup,283606-368970,forsale,9260,,,,,,,,,,,,,,,,1,10/18/22
9778549,apartmentgroup,apartmentgroup,283678-412741,forsale,2870,,,,,,,,,,,,,,,,1,10/18/22
9303530,apartmentgroup,apartmentgroup,284000-877500,forsale,7500,,,,,,,,,,,,,,,,1,10/18/22
9275081,apartmentgroup,apartmentgroup,284485-284485,forsale,8200,,,,,,,,,,,,,,,,1,10/18/22
9576432,apartmentgroup,apartmentgroup,284570-499999,forsale,4450,,,,,,,,,,,,,,,,1,10/18/22
9807909,apartmentgroup,apartmentgroup,285000-349000,forsale,5060,,,,,,,,,,,,,,,,1,10/18/22
9972416,apartmentgroup,apartmentgroup,285000-320000,forsale,8800,,,,,,,,,,,,,,,,1,10/18/22
9544431,apartmentgroup,apartmentgroup,285000-320000,forsale,8800,,,,,,,,,,,,,,,,1,10/18/22
9704461,apartmentgroup,apartmentgroup,286000-325000,forsale,9120,,,,,,,,,,,,,,,75,1,10/18/22
9704903,apartmentgroup,apartmentgroup,286500-371000,forsale,2500,,,,,,,,,,,,,,85,,1,10/18/22
9764944,apartmentgroup,apartmentgroup,288000-519000,forsale,1500,,,,,,,,,,,,,,,,1,10/18/22
8886037,apartmentgroup,apartmentgroup,288000-328560,forsale,8790,,,,,,,,,,,,,,,,1,10/18/22
8972061,apartmentgroup,apartmentgroup,288025-373062,forsale,8370,,,,,,,,,,,,,,,,1,10/18/22
9828554,apartmentgroup,apartmentgroup,289000-299000,forsale,1480,,,,,,,,,,,,,,,,1,10/18/22
10088134,apartmentgroup,apartmentgroup,289000-475000,forsale,1540,,,,,,,,,,,,,,,,1,10/18/22
9124163,apartmentgroup,apartmentgroup,289000-545750,forsale,8370,,,,,,,,,,,,,,,,1,10/18/22
10002545,apartmentgroup,apartmentgroup,289000-309000,forsale,9120,,,,,,,,,,,,,,,,1,10/18/22
9804002,apartmentgroup,apartmentgroup,289000-378000,forsale,9300,,,,,,,,,,,,,,,,1,10/18/22
10017119,apartmentgroup,apartmentgroup,289500-499500,forsale,1070,,,,,46,,,,,,,,,13,23,1,10/18/22
9854077,apartmentgroup,apartmentgroup,290000-620000,forsale,4000,,,,,,,,,,,,,,,,1,10/18/22
9338394,apartmentgroup,apartmentgroup,290000-310000,forsale,9940,,,,,,,,,,,,,,,,1,10/18/22
8815481,apartmentgroup,apartmentgroup,292144-318668.67,forsale,3390,,,,,,,,,,,,,,,,1,10/18/22
9834489,apartmentgroup,apartmentgroup,294500-395000,forsale,7090,,,,,,,,,,,,,,,,1,10/18/22
9996585,apartmentgroup,apartmentgroup,295000-590000,forsale,2600,,,,,,,,,,,,,,,,1,10/18/22
9380319,apartmentgroup,apartmentgroup,295000-315000,forsale,8430,,,,,,,,,,,,,,,,1,10/18/22
9828746,apartmentgroup,apartmentgroup,295000-295000,forsale,9700,,,,,,,,,,,,,,,,1,10/18/22
10158182,house,house,240000,forsale,5300,installed,,justrenovated,fueloil,299,2,300,true,true,,true,true,,1,2,,10/18/22
9625357,house,house,131000,forsale,2550,notinstalled,1930,,gas,371,3,1664,,true,1100,true,,,1,,,10/18/22
10158172,apartment,apartment,260000,forsale,8870,installed,2020,good,gas,47,2,,,,,true,,,,,,10/18/22
10158154,house,house,290000,forsale,7900,installed,2021,,gas,,3,515,true,,,,,,,2,1,10/18/22
10158153,house,bungalow,445000,forsale,1410,hyperequipped,1973,good,electric,555,2,681,true,,500,true,,,2,3,,10/18/22
10158149,apartment,flatstudio,59000,forsale,4000,notinstalled,,tobedoneup,,251,1,,,,,,,,,,,10/18/22
9641565,house,house,184000,forsale,2550,,,good,gas,,5,155,,true,,true,,,,1,,10/18/22
10121293,house,house,275000,forsale,1420,,,torenovate,fueloil,515,2,207,,,100,,true,,,,,10/18/22
8909467,apartmentgroup,apartmentgroup,297500-323000,forsale,8020,,,,,40,,,,,,,,,,,1,10/18/22
9495836,apartmentgroup,apartmentgroup,299000-1025000,forsale,2160,,,,,,,,,,,,,,,,1,10/18/22
9306513,apartmentgroup,apartmentgroup,299000-309000,forsale,2880,,,,,,,,,,,,,,,,1,10/18/22
9566996,apartmentgroup,apartmentgroup,299000-385000,forsale,8800,,,,,,,,,,,,,,,,1,10/18/22
9975623,apartmentgroup,apartmentgroup,299000-322500,forsale,9140,,,,,,,,,,,,,,,,1,10/18/22
10127233,apartmentgroup,apartmentgroup,299208-1236064,forsale,2500,,,,,,,,,,,,,,,,1,10/18/22
9353456,apartmentgroup,apartmentgroup,300750-367250,forsale,3580,,,,,,,,,,,,,,,,1,10/18/22
9155480,apartmentgroup,apartmentgroup,302500-324750,forsale,1840,,,,,,,,,,,,,,8,,1,10/18/22
9469896,apartmentgroup,apartmentgroup,302651-314740,forsale,8800,,,,,,,,,,,,,,,,1,10/18/22
9016176,apartmentgroup,apartmentgroup,303000-308000,forsale,3350,,,,,,,,,,,,,,,,1,10/18/22
9830902,apartmentgroup,apartmentgroup,303500-462000,forsale,8530,,,,,,,,,,,,,,,,1,10/18/22
7974164,apartmentgroup,apartmentgroup,303539.5-699400,forsale,1020,,,,,,,,,,,,,,,,1,10/18/22
9527457,apartmentgroup,apartmentgroup,304000-374000,forsale,1050,,,,,45,,,,,,,,,,,1,10/18/22
9337287,apartmentgroup,apartmentgroup,304000-799000,forsale,1050,,,,,45,,,,,,,,,,,1,10/18/22
9335326,apartmentgroup,apartmentgroup,304000-799000,forsale,1050,,,,,45,,,,,,,,,,,1,10/18/22
9527433,apartmentgroup,apartmentgroup,304000-799000,forsale,1160,,,,,45,,,,,,,,,,,1,10/18/22
9335372,apartmentgroup,apartmentgroup,304000-799000,forsale,1160,,,,,45,,,,,,,,,,,1,10/18/22
8597753,apartmentgroup,apartmentgroup,304000-799000,forsale,1160,,,,,,,,,,,,,,,,1,10/18/22
9838738,apartmentgroup,apartmentgroup,305000-305000,forsale,2400,,,,,30,,,,,,,,,,3,1,10/18/22
9415188,apartmentgroup,apartmentgroup,305000-335000,forsale,8200,,,,,,,,,,,,,,,,1,10/18/22
9294644,apartmentgroup,apartmentgroup,308900-429500,forsale,3500,,,,,,,,,,,,,,,,1,10/18/22
9093112,apartmentgroup,apartmentgroup,309200-413600,forsale,3370,,,,,,,,,,,,,,,,1,10/18/22
9093108,apartmentgroup,apartmentgroup,309743-309743,forsale,3620,,,,,,,,,,,,,,,,1,10/18/22
9421297,apartmentgroup,apartmentgroup,310000-310000,forsale,1500,,,,,,,,,,,,,,,,1,10/18/22
7697843,apartmentgroup,apartmentgroup,310000-310000,forsale,1500,,,,,,,,,,,,,,,,1,10/18/22
9870149,apartmentgroup,apartmentgroup,312000-355000,forsale,3300,,,,,,,,,,,,,,,,1,10/18/22
9990044,apartmentgroup,apartmentgroup,315000-547500,forsale,1210,,,,,,,,,,,,,,,,1,10/18/22
9890644,apartmentgroup,apartmentgroup,315000-535000,forsale,8301,,,,,,,,,,,,,,,,1,10/18/22
9373571,apartmentgroup,apartmentgroup,315000-430000,forsale,8430,,,,,,,,,,,,,,,,1,10/18/22
9791561,apartmentgroup,apartmentgroup,315000-402500,forsale,8600,,,,,,,,,,,,,,,,1,10/18/22
10158182,house,house,240000,forsale,5300,installed,,justrenovated,fueloil,299,2,300,true,true,,true,true,,1,2,,10/18/22
9625357,house,house,131000,forsale,2550,notinstalled,1930,,gas,371,3,1664,,true,1100,true,,,1,,,10/18/22
10158172,apartment,apartment,260000,forsale,8870,installed,2020,good,gas,47,2,,,,,true,,,,,,10/18/22
10158154,house,house,290000,forsale,7900,installed,2021,,gas,,3,515,true,,,,,,,2,1,10/18/22
10158153,house,bungalow,445000,forsale,1410,hyperequipped,1973,good,electric,555,2,681,true,,500,true,,,2,3,,10/18/22
10158149,apartment,flatstudio,59000,forsale,4000,notinstalled,,tobedoneup,,251,1,,,,,,,,,,,10/18/22
9641565,house,house,184000,forsale,2550,,,good,gas,,5,155,,true,,true,,,,1,,10/18/22
10121293,house,house,275000,forsale,1420,,,torenovate,fueloil,515,2,207,,,100,,true,,,,,10/18/22
9829466,apartmentgroup,apartmentgroup,315000-315000,forsale,9120,,,,,,,,,,,,,,4,4,1,10/18/22
8818047,apartmentgroup,apartmentgroup,315800-325800,forsale,3840,,,,,,,,,,,,,,,,1,10/18/22
9573935,apartmentgroup,apartmentgroup,319500-355900,forsale,2940,,,,,,,,,,,,,,,,1,10/18/22
8804214,apartmentgroup,apartmentgroup,320000-417500,forsale,6900,,,,,,,,,,,,,,,,1,10/18/22
9292381,apartmentgroup,apartmentgroup,322000-377000,forsale,9750,,,,,,,,,,,,,,,,1,10/18/22
9542178,apartmentgroup,apartmentgroup,325000-417000,forsale,1400,,,,,,,,,,,,,,,,1,10/18/22
9353458,apartmentgroup,apartmentgroup,325000-425000,forsale,3580,,,,,,,,,,,,,,,,1,10/18/22
8531051,apartmentgroup,apartmentgroup,325000-325000,forsale,8400,,,,,,,,,,,,,,,,1,10/18/22
9982184,apartmentgroup,apartmentgroup,325000-447700,forsale,9051,,,,,,,,,,,,,,,,1,10/18/22
8677658,apartmentgroup,apartmentgroup,327500-477350,forsale,8630,,,,,,,,,,,,,,,,1,10/18/22
8967816,apartmentgroup,apartmentgroup,328642-328642,forsale,8710,,,,,,,,,,,,,,,,1,10/18/22
9995993,apartmentgroup,apartmentgroup,329000-799000,forsale,2000,,,,,,,,,,,,,,,,1,10/18/22
9400586,apartmentgroup,apartmentgroup,329000-599000,forsale,2000,,,,,,,,,,,,,,13,13,1,10/18/22
9661012,apartmentgroup,apartmentgroup,329000-329000,forsale,9080,,,,,,,,,,,,,,,,1,10/18/22
9817602,apartmentgroup,apartmentgroup,329000-329000,forsale,9340,,,,,,,,,,,,,,,,1,10/18/22
9540052,apartmentgroup,apartmentgroup,329800-556000,forsale,8200,,,,,,,,,,,,,,,,1,10/18/22
9593302,apartmentgroup,apartmentgroup,329978-329978,forsale,3000,,,,,30,,,,,,,,,,,1,10/18/22
9378723,apartmentgroup,apartmentgroup,330000-335000,forsale,8370,,,,,,,,,,,,,,,,1,10/18/22
10047041,apartmentgroup,apartmentgroup,330000-524000,forsale,9220,,,,,,,,,,,,,,,,1,10/18/22
9321828,apartmentgroup,apartmentgroup,333800-398575,forsale,8620,,,,,,,,,,,,,,,,1,10/18/22
9400574,apartmentgroup,apartmentgroup,334000-549000,forsale,2000,,,,,,,,,,,,,,13,13,1,10/18/22
9833626,apartmentgroup,apartmentgroup,335000-335000,forsale,1700,,,,,,,,,,,,,,5,6,1,10/18/22
8998633,apartmentgroup,apartmentgroup,335000-409500,forsale,4802,,,,,,,,,,,,,,,,1,10/18/22
7854663,apartmentgroup,apartmentgroup,336500-336500,forsale,9100,,,,,,,,,,,,,,,,1,10/18/22
9613339,apartmentgroup,apartmentgroup,336616-409886,forsale,9770,,,,,,,,,,,,,,,25,1,10/18/22
9400595,apartmentgroup,apartmentgroup,338000-599000,forsale,2000,,,,,,,,,,,,,,13,13,1,10/18/22
9628969,apartmentgroup,apartmentgroup,338354-349252,forsale,2050,,,,,,,,,,,,,,,,1,10/18/22
9085662,apartmentgroup,apartmentgroup,339500-675000,forsale,8800,,,,,,,,,,,,,,,,1,10/18/22
9415710,apartmentgroup,apartmentgroup,340000-340000,forsale,1840,,,,,,,,,,,,,,,,1,10/18/22
9542554,apartmentgroup,apartmentgroup,344000-405500,forsale,1620,,,,,,,,,,,,,,,,1,10/18/22
10158182,house,house,240000,forsale,5300,installed,,justrenovated,fueloil,299,2,300,true,true,,true,true,,1,2,,10/18/22
9625357,house,house,131000,forsale,2550,notinstalled,1930,,gas,371,3,1664,,true,1100,true,,,1,,,10/18/22
10158172,apartment,apartment,260000,forsale,8870,installed,2020,good,gas,47,2,,,,,true,,,,,,10/18/22
10158154,house,house,290000,forsale,7900,installed,2021,,gas,,3,515,true,,,,,,,2,1,10/18/22
10158153,house,bungalow,445000,forsale,1410,hyperequipped,1973,good,electric,555,2,681,true,,500,true,,,2,3,,10/18/22
10158149,apartment,flatstudio,59000,forsale,4000,notinstalled,,tobedoneup,,251,1,,,,,,,,,,,10/18/22
9641565,house,house,184000,forsale,2550,,,good,gas,,5,155,,true,,true,,,,1,,10/18/22
10121293,house,house,275000,forsale,1420,,,torenovate,fueloil,515,2,207,,,100,,true,,,,,10/18/22
9901865,apartmentgroup,apartmentgroup,345000-650000,forsale,9200,,,,,,,,,,,,,,,,1,10/18/22
10101607,apartmentgroup,apartmentgroup,349500-485450,forsale,9000,,,,,,,,,,,,,,,,1,10/18/22
8390643,apartmentgroup,apartmentgroup,349500-485450,forsale,9000,,,,,,,,,,,,,,,,1,10/18/22
9901863,apartmentgroup,apartmentgroup,350000-1240250,forsale,9200,,,,,,,,,,,,,,,,1,10/18/22
9537618,apartmentgroup,apartmentgroup,351000-475700,forsale,4845,,,,,,,,,,,,,,,,1,10/18/22
9054685,apartmentgroup,apartmentgroup,352000-477000,forsale,9308,,,,,,,,,,,,,,20,22,1,10/18/22
9638133,apartmentgroup,apartmentgroup,359500-359500,forsale,8490,,,,,,,,,,,,,,,,1,10/18/22
8655681,apartmentgroup,apartmentgroup,365000-760000,forsale,8400,,,,,,,,,,,,,,,,1,10/18/22
7659679,apartmentgroup,apartmentgroup,365000-365000,forsale,8670,,,,,,,,,,,,,,,,1,10/18/22
9735442,apartmentgroup,apartmentgroup,369000-490000,forsale,9051,,,,,,,,,,,,,,13,13,1,10/18/22
9703159,apartmentgroup,apartmentgroup,378500-695500,forsale,9000,,,,,,,,,,,,,,,,1,10/18/22
9663785,apartmentgroup,apartmentgroup,379500-685900,forsale,9080,,,,,,,,,,,,,,,,1,10/18/22
9823628,apartmentgroup,apartmentgroup,380000-380000,forsale,8370,,,,,,,,,,,,,,,,1,10/18/22
8886026,apartmentgroup,apartmentgroup,381401-381401,forsale,1700,,,,,,,,,,,,,,,,1,10/18/22
8406401,apartmentgroup,apartmentgroup,389500-389500,forsale,3111,,,,,,,,,,,,,,,,1,10/18/22
6770722,apartmentgroup,apartmentgroup,390526-390526,forsale,8800,,,,,,,,,,,,,,,,1,10/18/22
9653727,apartmentgroup,apartmentgroup,394000-538000,forsale,9230,,,,,,,,,,,,,,,,1,10/18/22
9143624,apartmentgroup,apartmentgroup,395000-395000,forsale,2140,,,,,,,,,,,,,,33,33,1,10/18/22
10050545,apartmentgroup,apartmentgroup,398000-583155,forsale,2800,,,,,,,,,,,,,,,,1,10/18/22
9715483,apartmentgroup,apartmentgroup,399000-399000,forsale,2800,,,,,30,,,,,,,,,24,,1,10/18/22
9586559,apartmentgroup,apartmentgroup,399000-749000,forsale,8000,,,,,99,,,,,,,,,,,1,10/18/22
8886014,apartmentgroup,apartmentgroup,399862-399862,forsale,8400,,,,,,,,,,,,,,,,1,10/18/22
9257304,apartmentgroup,apartmentgroup,400000-480000,forsale,3000,,,,,,,,,,,,,,,,1,10/18/22
8532102,apartmentgroup,apartmentgroup,405000-720000,forsale,8400,,,,,,,,,,,,,,,,1,10/18/22
8973507,apartmentgroup,apartmentgroup,411000-755000,forsale,9000,,,,,,,,,,,,,,,,1,10/18/22
8468289,apartmentgroup,apartmentgroup,415000-499000,forsale,1500,,,,,,,,,,,,,,,,1,10/18/22
9629939,apartmentgroup,apartmentgroup,420000-479500,forsale,9290,,,,,,,,,,,,,,5,23,1,10/18/22
9701385,apartmentgroup,apartmentgroup,423500-423500,forsale,9700,,,,,,,,,,,,,,,,1,10/18/22
9417163,apartmentgroup,apartmentgroup,425000-865000,forsale,8000,,,,,,,,,,,,,,,,1,10/18/22
10097089,apartmentgroup,apartmentgroup,429000-429000,forsale,1310,,,,,,,,,,,,,,20,20,1,10/18/22
10158182,house,house,240000,forsale,5300,installed,,justrenovated,fueloil,299,2,300,true,true,,true,true,,1,2,,10/18/22
9625357,house,house,131000,forsale,2550,notinstalled,1930,,gas,371,3,1664,,true,1100,true,,,1,,,10/18/22
10158172,apartment,apartment,260000,forsale,8870,installed,2020,good,gas,47,2,,,,,true,,,,,,10/18/22
10158154,house,house,290000,forsale,7900,installed,2021,,gas,,3,515,true,,,,,,,2,1,10/18/22
10158153,house,bungalow,445000,forsale,1410,hyperequipped,1973,good,electric,555,2,681,true,,500,true,,,2,3,,10/18/22
10158149,apartment,flatstudio,59000,forsale,4000,notinstalled,,tobedoneup,,251,1,,,,,,,,,,,10/18/22
9641565,house,house,184000,forsale,2550,,,good,gas,,5,155,,true,,true,,,,1,,10/18/22
10121293,house,house,275000,forsale,1420,,,torenovate,fueloil,515,2,207,,,100,,true,,,,,10/18/22
9686173,apartmentgroup,apartmentgroup,434000-799000,forsale,1160,,,,,,,,,,,,,,100,100,1,10/18/22
10106101,apartmentgroup,apartmentgroup,440000-495000,forsale,8800,,,,,,,,,,,,,,,,1,10/18/22
9989454,apartmentgroup,apartmentgroup,447500-465000,forsale,1780,,,,,,,,,,,,,,,,1,10/18/22
9675055,apartmentgroup,apartmentgroup,447500-1225868,forsale,9000,,,,,,,,,,,,,,,,1,10/18/22
8429582,apartmentgroup,apartmentgroup,449500-467845,forsale,9000,,,,,,,,,,,,,,,,1,10/18/22
7752056,apartmentgroup,apartmentgroup,453000-480000,forsale,4900,,,,,,,,,,,,,,,,1,10/18/22
8566220,apartmentgroup,apartmentgroup,460700-543900,forsale,2050,,,,,,,,,,,,,,,,1,10/18/22
10071216,apartmentgroup,apartmentgroup,465000-545000,forsale,8670,,,,,,,,,,,,,,,,1,10/18/22
9374065,apartmentgroup,apartmentgroup,465600-465600,forsale,2050,,,,,,,,,,,,,,,,1,10/18/22
8982544,apartmentgroup,apartmentgroup,475000-795000,forsale,8670,,,,,,,,,,,,,,,,1,10/18/22
9117514,apartmentgroup,apartmentgroup,477000-477000,forsale,9300,,,,,,,,,,,,,,20,22,1,10/18/22
9839001,apartmentgroup,apartmentgroup,480000-580000,forsale,2801,,,,,,,,,,,,,,,4,1,10/18/22
8458139,apartmentgroup,apartmentgroup,481000-1116500,forsale,8300,,,,,,,,,,,,,,,,1,10/18/22
9782446,apartmentgroup,apartmentgroup,485000-610000,forsale,1330,,,,,,,,,,,,,,,,1,10/18/22
9676975,apartmentgroup,apartmentgroup,485650-485650,forsale,9400,,,,,,,,,,,,,,,,1,10/18/22
8833272,apartmentgroup,apartmentgroup,490000-570000,forsale,8400,,,,,,,,,,,,,,,,1,10/18/22
8494452,apartmentgroup,apartmentgroup,495000-495000,forsale,8301,,,,,,,,,,,,,,,,1,10/18/22
9911117,apartmentgroup,apartmentgroup,499000-1250000,forsale,8400,,,,,,,,,,,,,,,,1,10/18/22
10102993,apartmentgroup,apartmentgroup,513873-660904,forsale,9000,,,,,,,,,,,,,,,,1,10/18/22
8886016,apartmentgroup,apartmentgroup,513873-660903,forsale,9000,,,,,,,,,,,,,,,,1,10/18/22
10128958,apartmentgroup,apartmentgroup,515000-529000,forsale,2500,,,,,,,,,,,,,,,,1,10/18/22
10003578,apartmentgroup,apartmentgroup,534500-1106500,forsale,2018,,,,,,,,,,,,,,260,10,1,10/18/22
9291812,apartmentgroup,apartmentgroup,535000-1350000,forsale,8400,,,,,,,,,,,,,,,,1,10/18/22
9651603,apartmentgroup,apartmentgroup,567500-579459,forsale,2400,,,,,,,,,,,,,,75,75,1,10/18/22
9830469,apartmentgroup,apartmentgroup,569000-569000,forsale,3018,,,,,,,,,,,,,,,,1,10/18/22
9248744,apartmentgroup,apartmentgroup,575000-1930319.23,forsale,2000,,,,,,,,,,,,,,,,1,10/18/22
8468956,apartmentgroup,apartmentgroup,576700-586500,forsale,8420,,,,,,,,,,,,,,,2,1,10/18/22
9713190,apartmentgroup,apartmentgroup,585000-695000,forsale,2000,,,,,,,,,,,,,,,,1,10/18/22
7751983,apartmentgroup,apartmentgroup,585000-705000,forsale,4900,,,,,,,,,,,,,,,,1,10/18/22
8955393,apartmentgroup,apartmentgroup,595000-595000,forsale,8670,,,,,,,,,,,,,,,,1,10/18/22
10158182,house,house,240000,forsale,5300,installed,,justrenovated,fueloil,299,2,300,true,true,,true,true,,1,2,,10/18/22
9625357,house,house,131000,forsale,2550,notinstalled,1930,,gas,371,3,1664,,true,1100,true,,,1,,,10/18/22
10158172,apartment,apartment,260000,forsale,8870,installed,2020,good,gas,47,2,,,,,true,,,,,,10/18/22
10158154,house,house,290000,forsale,7900,installed,2021,,gas,,3,515,true,,,,,,,2,1,10/18/22
10158153,house,bungalow,445000,forsale,1410,hyperequipped,1973,good,electric,555,2,681,true,,500,true,,,2,3,,10/18/22
10158149,apartment,flatstudio,59000,forsale,4000,notinstalled,,tobedoneup,,251,1,,,,,,,,,,,10/18/22
9641565,house,house,184000,forsale,2550,,,good,gas,,5,155,,true,,true,,,,1,,10/18/22
10121293,house,house,275000,forsale,1420,,,torenovate,fueloil,515,2,207,,,100,,true,,,,,10/18/22
9481263,apartmentgroup,apartmentgroup,615000-650000,forsale,8301,,,,,,,,,,,,,,1,,1,10/18/22
10010459,apartmentgroup,apartmentgroup,625000-825000,forsale,8300,,,,,,,,,,,,,,,,1,10/18/22
8441712,apartmentgroup,apartmentgroup,635000-635000,forsale,8370,,,,,,,,,,,,,,,,1,10/18/22
10020222,apartmentgroup,apartmentgroup,650000-1700000,forsale,8500,,,,,,,,,,,,,,,,1,10/18/22
8501917,apartmentgroup,apartmentgroup,665000-695000,forsale,9000,,,,,,,,,,,,,,,,1,10/18/22
10054410,apartmentgroup,apartmentgroup,784000-807000,forsale,8620,,,,,35,,,,,,,,,,,1,10/18/22
10020223,apartmentgroup,apartmentgroup,825000-875000,forsale,8500,,,,,,,,,,,,,,,,1,10/18/22
8775810,apartmentgroup,apartmentgroup,895000-895000,forsale,4000,,,,,,,,,,,,,,,,1,10/18/22
10028000,apartmentgroup,apartmentgroup,945000-5995000,forsale,8300,,,,,,,,,,,,,,,,1,10/18/22
9838806,apartmentgroup,apartmentgroup,945000-5995000,forsale,8300,,,,,,,,,,,,,,,,1,10/18/22
9983523,apartmentgroup,apartmentgroup,945000-945000,forsale,8301,,,,,,,,,,,,,,,,1,10/18/22
9073546,apartmentgroup,apartmentgroup,975500-975500,forsale,8500,,,,,,,,,,,,,,,,1,10/18/22
9120974,apartmentgroup,apartmentgroup,1180000-1795000,forsale,2000,,,,,,,,,,,,,,,,1,10/18/22
9941416,apartmentgroup,apartmentgroup,2900000-2950000,forsale,8300,,,,,,,,,,,,,,,,1,10/18/22
9182787,apartmentgroup,apartmentgroup,3050000-4125000,forsale,8300,,,,,,,,,,,,,,1,,1,10/18/22
10132227,apartment,apartment,390000,forsale,9820,hyperequipped,2006,asnew,gas,102,2,,,,,true,,,,1,,10/18/22
10132768,apartment,loft,395000,forsale,1000,,,tobedoneup,gas,160,3,,,,,true,,,,,,10/18/22
10132617,apartment,apartment,420000,forsale,9000,hyperequipped,2012,asnew,gas,140,3,,,true,,true,true,,1,1,,10/18/22
10132243,apartment,apartment,585000,forsale,8300,,1997,justrenovated,,189,2,,,,,true,,,,,,10/18/22
10132038,apartment,apartment,595000,forsale,8620,installed,1993,tobedoneup,gas,,3,,,,,,,,,5,,10/18/22
10133163,apartment,penthouse,1550000,forsale,2000,usahyperequipped,,asnew,gas,101,3,,,,,true,,,,1,,10/18/22
10149406,apartment,apartment,159000,forsale,6183,hyperequipped,2022,,gas,,1,,,,,,,,,1,1,10/18/22
10149396,apartment,apartment,249000,forsale,6183,hyperequipped,2022,,gas,,2,,,,60,true,,,,1,1,10/18/22
10147204,apartment,kot,169000,forsale,3000,,2015,good,,77.29,1,,,,,,,,,,,10/18/22
10147454,apartment,flatstudio,175000,forsale,3000,installed,1992,,,508,1,,,,,true,,,,,,10/18/22
10135037,apartment,apartment,219000,forsale,2811,usainstalled,,,,133,2,,,,,true,,,,,,10/18/22
10135093,apartment,apartment,230000,forsale,9160,,2009,,,116,2,,,,,true,,,1,,,10/18/22
10151381,apartment,duplex,165000,forsale,9400,installed,,good,electric,277,2,,,,,,,,,,,10/18/22
10154218,apartment,apartment,170000,forsale,9900,installed,1981,good,,227,3,,,,,,,,1,,,10/18/22
10154033,apartment,apartment,180000,forsale,8870,,1956,good,,234,0,,,,,,,,,,,10/18/22
10158182,house,house,240000,forsale,5300,installed,,justrenovated,fueloil,299,2,300,true,true,,true,true,,1,2,,10/18/22
9625357,house,house,131000,forsale,2550,notinstalled,1930,,gas,371,3,1664,,true,1100,true,,,1,,,10/18/22
10158172,apartment,apartment,260000,forsale,8870,installed,2020,good,gas,47,2,,,,,true,,,,,,10/18/22
10158154,house,house,290000,forsale,7900,installed,2021,,gas,,3,515,true,,,,,,,2,1,10/18/22
10158153,house,bungalow,445000,forsale,1410,hyperequipped,1973,good,electric,555,2,681,true,,500,true,,,2,3,,10/18/22
10158149,apartment,flatstudio,59000,forsale,4000,notinstalled,,tobedoneup,,251,1,,,,,,,,,,,10/18/22
9641565,house,house,184000,forsale,2550,,,good,gas,,5,155,,true,,true,,,,1,,10/18/22
10121293,house,house,275000,forsale,1420,,,torenovate,fueloil,515,2,207,,,100,,true,,,,,10/18/22
10153963,apartment,apartment,190000,forsale,8800,,2009,good,,142,2,,,,,,,,1,,,10/18/22
10153062,apartment,apartment,194500,forsale,9450,,1997,asnew,,205,2,,,,,true,,,1,,,10/18/22
10106717,apartment,duplex,329000,forsale,1420,usahyperequipped,2010,asnew,gas,147,3,,,true,,true,,,1,,,10/18/22
10039073,apartment,duplex,329000,forsale,1440,usahyperequipped,2010,asnew,gas,147,3,,,true,,true,,,1,,,10/18/22
10151510,apartment,apartment,695000,forsale,8620,,1994,asnew,gas,298,3,,,,,true,,,,,,10/18/22
10138260,apartment,apartment,115000,forsale,9500,installed,1963,asnew,electric,351,1,,,,,,,,,1,,10/18/22
10138259,apartment,apartment,125000,forsale,9500,installed,1963,asnew,electric,312,1,,,,,,,,,1,,10/18/22
10050630,apartment,apartment,174325,forsale,6230,hyperequipped,2022,asnew,gas,,1,,,true,,true,,,32,10,1,10/18/22
9497132,apartment,apartment,196000,forsale,4800,installed,,asnew,,,2,,,true,,true,,,,35,1,10/18/22
9805749,apartment,apartment,205000,forsale,6000,hyperequipped,2021,asnew,gas,117,2,,,true,,true,,,,,1,10/18/22
10139983,apartment,apartment,212557,forsale,9300,installed,,,gas,,1,,,,,true,,,,,,10/18/22
10139984,apartment,apartment,213950,forsale,9300,installed,,,gas,,1,,,,,true,,,,,,10/18/22
9796991,apartment,apartment,218000,forsale,4100,,2021,asnew,gas,,2,,,true,,true,,,1,1,1,10/18/22
10139663,apartment,duplex,219000,forsale,1070,semiequipped,,good,gas,505,3,,true,,,true,,,,,,10/18/22
9346848,apartment,apartment,228973,forsale,9200,hyperequipped,2021,asnew,,40,1,,,,,true,,,1,,1,10/18/22
8498723,apartment,apartment,230000,forsale,8770,,2018,asnew,,,2,,,,,true,,,,,1,10/18/22
9812490,apartment,apartment,247770,forsale,3920,installed,,asnew,gas,,2,,,,,true,,,15,,1,10/18/22
9478830,apartment,apartment,248000,forsale,1000,installed,2020,asnew,,,1,,,true,,true,,,29,29,1,10/18/22
9106823,apartment,apartment,250155,forsale,8770,,2020,good,,,2,,,true,,true,,,,1,1,10/18/22
10129054,apartment,apartment,252000,forsale,3270,installed,2022,good,gas,,2,,,true,,true,,,1,,1,10/18/22
9790558,apartment,apartment,259000,forsale,8600,installed,2021,good,,,2,,,true,14,true,,,1,,1,10/18/22
10122809,apartment,apartment,260000,forsale,1470,hyperequipped,2022,asnew,gas,,2,,,true,,true,,,18,4,1,10/18/22
9989666,apartment,apartment,265000,forsale,3270,installed,2022,asnew,,,2,,,,,true,,,1,,1,10/18/22
9762655,apartment,serviceflat,270000,forsale,8490,hyperequipped,2019,asnew,gas,,1,,,,,,,,,,1,10/18/22
10139985,apartment,apartment,275790,forsale,9300,installed,,,gas,,2,,,,,true,,,,,,10/18/22
9720907,apartment,apartment,284954,forsale,9160,hyperequipped,2021,asnew,,,2,,,,,true,,,1,,1,10/18/22
9831608,apartment,groundfloor,310000,forsale,9160,hyperequipped,2021,asnew,,39,2,,,,20,true,true,,,,1,10/18/22
9990786,apartment,apartment,317900,forsale,9180,installed,2021,,gas,,2,,,,,true,,,,,1,10/18/22
9985485,apartment,duplex,329000,forsale,4530,usahyperequipped,2021,,gas,,3,,,true,,true,true,,,2,1,10/18/22
9795710,apartment,duplex,349000,forsale,3200,hyperequipped,2022,,,30,2,,,,,true,,,1,1,1,10/18/22
10158182,house,house,240000,forsale,5300,installed,,justrenovated,fueloil,299,2,300,true,true,,true,true,,1,2,,10/18/22
9625357,house,house,131000,forsale,2550,notinstalled,1930,,gas,371,3,1664,,true,1100,true,,,1,,,10/18/22
10158172,apartment,apartment,260000,forsale,8870,installed,2020,good,gas,47,2,,,,,true,,,,,,10/18/22
10158154,house,house,290000,forsale,7900,installed,2021,,gas,,3,515,true,,,,,,,2,1,10/18/22
10158153,house,bungalow,445000,forsale,1410,hyperequipped,1973,good,electric,555,2,681,true,,500,true,,,2,3,,10/18/22
10158149,apartment,flatstudio,59000,forsale,4000,notinstalled,,tobedoneup,,251,1,,,,,,,,,,,10/18/22
9641565,house,house,184000,forsale,2550,,,good,gas,,5,155,,true,,true,,,,1,,10/18/22
10121293,house,house,275000,forsale,1420,,,torenovate,fueloil,515,2,207,,,100,,true,,,,,10/18/22
10127563,apartment,apartment,349500,forsale,8800,installed,2020,asnew,,,2,,,true,84,true,true,,1,,1,10/18/22
9257022,apartment,serviceflat,355000,forsale,2000,usahyperequipped,,asnew,,,1,,,,,true,,,,,1,10/18/22
9813551,apartment,penthouse,379000,forsale,2600,,,asnew,,181,3,,,true,,true,true,,1,1,1,10/18/22
8498735,apartment,apartment,390000,forsale,8770,,2018,asnew,,,2,,,,,true,,,,,1,10/18/22
10043679,apartment,apartment,406437,forsale,9300,installed,2022,asnew,gas,,2,,,,,true,,,1,,1,10/18/22
9882568,apartment,groundfloor,409600,forsale,9850,installed,2021,asnew,gas,,3,,,,,true,,,,1,1,10/18/22
10123646,apartment,apartment,410000,forsale,1300,installed,2023,,gas,,2,,,,,true,,,1,,1,10/18/22
9969664,apartment,apartment,436500,forsale,8790,,2021,asnew,,,3,,,,,true,,,1,,1,10/18/22
9820508,apartment,penthouse,448000,forsale,1800,installed,2021,asnew,gas,,2,,,true,,true,,,,,1,10/18/22
8835113,apartment,apartment,453000,forsale,4900,installed,2018,asnew,pellet,,2,,,true,,true,,,1,,1,10/18/22
10074852,apartment,apartment,469000,forsale,2820,installed,2022,,,,2,,,true,,true,true,,2,,1,10/18/22
10057604,apartment,duplex,480971,forsale,9000,hyperequipped,2020,asnew,,,2,,,,,,,,,4,1,10/18/22
9389868,apartment,apartment,575000,forsale,1800,usahyperequipped,2020,,,,3,,,true,138,true,,,,,1,10/18/22
7735826,apartment,apartment,585000,forsale,4900,hyperequipped,2017,asnew,pellet,,2,,,true,,true,,true,1,,1,10/18/22
10157520,apartment,apartment,160000,forsale,4020,,,tobedoneup,,277,2,,,true,,true,,,,,,10/18/22
10144888,apartment,apartment,255000,forsale,9940,,2023,,,,1,,,,,true,,,,,1,10/18/22
10096692,apartment,penthouse,465000,forsale,1040,usahyperequipped,2016,asnew,,52,1,,,true,,true,,,,1,,10/18/22
10144883,apartment,penthouse,556900,forsale,9070,hyperequipped,2023,asnew,gas,,2,,,,,true,,,,1,1,10/18/22
10143753,apartment,loft,459000,forsale,7700,,,asnew,electric,246,3,,,,,,,,1,,,10/18/22
10144580,apartment,penthouse,795000,forsale,8300,installed,1978,good,,336,2,,,,,true,,,,,,10/18/22
9664107,apartment,apartment,195000,forsale,8620,installed,1997,asnew,,449,1,,,,,true,,,,,,10/18/22
10131817,apartment,apartment,210000,forsale,9900,installed,2011,good,,177,1,,,,,,,,1,,,10/18/22
10130302,apartment,duplex,285000,forsale,3200,,2007,asnew,gas,169,2,,,,,true,,,1,1,,10/18/22
10094437,apartment,apartment,299000,forsale,3000,,1964,,gas,150,2,,,true,,true,,,,,,10/18/22
10131998,apartment,apartment,475000,forsale,9000,,1932,,gas,284,2,,,,,,,,,,,10/18/22
10048849,apartment,apartment,519000,forsale,2000,,2015,,,184,3,,,,,true,,,,,,10/18/22
10130046,apartment,apartment,975000,forsale,8300,hyperequipped,1958,,gas,130,3,,,true,,,,,,,,10/18/22
10146644,apartment,apartment,375000,forsale,8301,installed,1966,good,,272,3,,,,,true,,,,,,10/18/22
10152788,apartment,groundfloor,335000,forsale,9340,hyperequipped,2022,asnew,,,3,,,,,true,,,,,1,10/18/22
10151255,apartment,apartment,210000,forsale,9900,hyperequipped,,asnew,gas,186,2,,,,,,,,1,,,10/18/22
10158182,house,house,240000,forsale,5300,installed,,justrenovated,fueloil,299,2,300,true,true,,true,true,,1,2,,10/18/22
9625357,house,house,131000,forsale,2550,notinstalled,1930,,gas,371,3,1664,,true,1100,true,,,1,,,10/18/22
10158172,apartment,apartment,260000,forsale,8870,installed,2020,good,gas,47,2,,,,,true,,,,,,10/18/22
10158154,house,house,290000,forsale,7900,installed,2021,,gas,,3,515,true,,,,,,,2,1,10/18/22
10158153,house,bungalow,445000,forsale,1410,hyperequipped,1973,good,electric,555,2,681,true,,500,true,,,2,3,,10/18/22
10158149,apartment,flatstudio,59000,forsale,4000,notinstalled,,tobedoneup,,251,1,,,,,,,,,,,10/18/22
9641565,house,house,184000,forsale,2550,,,good,gas,,5,155,,true,,true,,,,1,,10/18/22
10121293,house,house,275000,forsale,1420,,,torenovate,fueloil,515,2,207,,,100,,true,,,,,10/18/22
10151042,apartment,apartment,469000,forsale,8400,installed,,asnew,,,2,,,,,true,,,,,,10/18/22
10149011,apartment,duplex,3450000,forsale,2000,,,asnew,gas,182,5,,,,,true,true,,1,3,,10/18/22
10103784,apartment,apartment,220000,forsale,1082,,,good,gas,145,1,,,true,,true,,,,,,10/18/22
10135742,apartment,apartment,247500,forsale,9000,,1967,,,179,2,,,,,true,,,,,,10/18/22
10136499,apartment,apartment,289000,forsale,1020,usahyperequipped,1972,justrenovated,gas,,2,,,true,,true,,,,,,10/18/22
10136920,apartment,apartment,1950000,forsale,8300,hyperequipped,,,,165,3,,,,,,,,1,,,10/18/22
10147791,apartment,flatstudio,137000,forsale,1090,semiequipped,1997,tobedoneup,gas,109,0,,,true,,,,,,1,,10/18/22
10157736,apartment,apartment,289000,forsale,1300,,,asnew,,,1,,,,,true,,,,1,1,10/18/22
10157737,apartment,apartment,309000,forsale,1300,,,asnew,,,1,,,,,true,,,,1,1,10/18/22
10157735,apartment,apartment,349000,forsale,1300,,,asnew,,,2,,,,,true,,,,1,1,10/18/22
10156743,apartment,apartment,269000,forsale,8380,installed,2002,,electric,226,2,,,,,true,,,,,,10/18/22
10156476,apartment,apartment,300000,forsale,1050,,,good,gas,159,1,,,true,,,,,,,,10/18/22
10154749,apartment,apartment,499900,forsale,2610,installed,,justrenovated,,267,3,,,,45,true,,,,1,,10/18/22
10140434,apartment,penthouse,493000,forsale,9000,,2012,,gas,,2,,,,,true,,,1,1,,10/18/22
10116163,apartment,flatstudio,50000,forsale,1030,semiequipped,1979,good,gas,132,0,,,true,,true,,,,,,10/18/22
10104740,apartment,flatstudio,70000,forsale,8434,,1978,good,electric,,0,,,,,,,,,,,10/18/22
10043426,apartment,flatstudio,85000,forsale,8400,,1964,,gas,1051,0,,,,,,,,1,,,10/18/22
10113899,apartment,flatstudio,90000,forsale,8430,installed,1966,torenovate,,264,0,,,,,,,,,,,10/18/22
9862290,apartment,duplex,100000,forsale,3900,hyperequipped,2005,,gas,,3,,,true,,true,,,1,,,10/18/22
10013162,apartment,flatstudio,119000,forsale,4020,notinstalled,,,fueloil,234,0,,,,,true,,,,,,10/18/22
10108515,apartment,apartment,120000,forsale,3970,,1980,,gas,210,2,,,,,true,,,,,,10/18/22
9993812,apartment,apartment,124999,forsale,6000,semiequipped,1979,good,gas,262,3,,,,,true,,,,,,10/18/22
10054773,apartment,apartment,125000,forsale,4020,,,asnew,gas,359,1,,,,,,,,,,,10/18/22
10054772,apartment,apartment,125000,forsale,4020,,,asnew,gas,359,1,,,,,,,,,,,10/18/22
9883781,apartment,apartment,125000,forsale,8420,installed,1930,good,gas,386,1,,,,,,,,,,,10/18/22
10105742,apartment,flatstudio,127500,forsale,2000,,1999,good,electric,240,0,,,,,,,,,,,10/18/22
9895550,apartment,apartment,129000,forsale,8450,,2003,asnew,,319,1,,,,,true,,true,,,,10/18/22
9997269,apartment,flatstudio,130000,forsale,8370,,,asnew,gas,127,0,,,true,,,,,,,,10/18/22
9912617,apartment,groundfloor,135000,forsale,1400,,,tobedoneup,,303,2,,,,,,,,,,,10/18/22
9901992,apartment,apartment,155000,forsale,9700,,1969,,electric,446,2,,,,,,,,1,,,10/18/22
10158182,house,house,240000,forsale,5300,installed,,justrenovated,fueloil,299,2,300,true,true,,true,true,,1,2,,10/18/22
9625357,house,house,131000,forsale,2550,notinstalled,1930,,gas,371,3,1664,,true,1100,true,,,1,,,10/18/22
10158172,apartment,apartment,260000,forsale,8870,installed,2020,good,gas,47,2,,,,,true,,,,,,10/18/22
10158154,house,house,290000,forsale,7900,installed,2021,,gas,,3,515,true,,,,,,,2,1,10/18/22
10158153,house,bungalow,445000,forsale,1410,hyperequipped,1973,good,electric,555,2,681,true,,500,true,,,2,3,,10/18/22
10158149,apartment,flatstudio,59000,forsale,4000,notinstalled,,tobedoneup,,251,1,,,,,,,,,,,10/18/22
9641565,house,house,184000,forsale,2550,,,good,gas,,5,155,,true,,true,,,,1,,10/18/22
10121293,house,house,275000,forsale,1420,,,torenovate,fueloil,515,2,207,,,100,,true,,,,,10/18/22
8688292,apartment,groundfloor,160000,forsale,9000,installed,1965,,gas,,2,,,true,,true,,,1,,,10/18/22
9996834,apartment,duplex,169000,forsale,4800,,,good,gas,709,2,,,true,,,,,,,,10/18/22
9548115,apartment,apartment,170000,forsale,8400,,2002,,,454,2,,,,,true,,,,,,10/18/22
9705705,apartment,apartment,172500,forsale,7000,,,,,103,2,,,,,true,,,1,1,,10/18/22
9533286,apartment,apartment,175000,forsale,3800,installed,1970,asnew,,947,2,,,,,true,,,,,,10/18/22
10067650,apartment,apartment,175000,forsale,5310,installed,,good,,199,2,,,true,,true,,,1,1,,10/18/22
10103346,apartment,apartment,175000,forsale,8370,,,asnew,,312,1,,,true,,,,,,,,10/18/22
10101697,apartment,duplex,179000,forsale,5380,usainstalled,,good,gas,167,2,,true,,,true,,,,,,10/18/22
10080271,apartment,apartment,179000,forsale,8420,,2008,,,84,2,,,,,true,,,,,,10/18/22
9953685,apartment,duplex,179000,forsale,9550,,2014,asnew,gas,113,3,,,,,true,,,2,,,10/18/22
10125657,apartment,apartment,180000,forsale,8530,,1971,asnew,,153,3,,,,,true,,,2,,,10/18/22
9920688,apartment,apartment,184000,forsale,9400,installed,1993,good,electric,533,1,,,true,,true,,,1,1,,10/18/22
10063817,apartment,apartment,185000,forsale,6000,,,good,,227,2,,,true,,true,,,,,,10/18/22
9896281,apartment,apartment,185000,forsale,7370,hyperequipped,,asnew,gas,119,2,,,,,,,,,,,10/18/22
10054438,apartment,apartment,189000,forsale,4000,,,good,gas,189,3,,,true,,,,,,,,10/18/22
10013186,apartment,apartment,190000,forsale,1060,installed,,,gas,476,2,,,true,,true,,,,,,10/18/22
9831780,apartment,apartment,195000,forsale,6000,,,asnew,gas,170,2,,,true,,,,,1,,,10/18/22
10009262,apartment,apartment,195000,forsale,8790,,2002,asnew,,282,2,,,,,true,,,,,,10/18/22
9928907,apartment,groundfloor,195000,forsale,9300,hyperequipped,,asnew,fueloil,423,1,,,,,true,,,1,2,,10/18/22
10045432,apartment,apartment,195000,forsale,9470,usahyperequipped,,tobedoneup,gas,149,2,,,,,true,,,,,,10/18/22
9960206,apartment,apartment,198000,forsale,9810,,,justrenovated,,156,3,,,,,,,,,,,10/18/22
9865967,apartment,apartment,199000,forsale,1620,usainstalled,2009,asnew,gas,102,1,,,,,true,,,1,,,10/18/22
10074116,apartment,apartment,199000,forsale,8380,installed,2002,,electric,489,2,,,,,true,,,,1,,10/18/22
9788230,apartment,serviceflat,199000,forsale,9900,installed,2019,asnew,,,1,,,,,true,,,,,,10/18/22
10083288,apartment,apartment,200000,forsale,9910,,,asnew,gas,543,4,,,,,true,,,,,,10/18/22
8674083,apartment,serviceflat,202500,forsale,9900,installed,2019,asnew,,,1,,,,,true,,,,,,10/18/22
9873613,apartment,apartment,204000,forsale,2020,,,,fueloil,202,3,,,true,,true,,,,,,10/18/22
9955849,apartment,apartment,210000,forsale,1400,installed,,good,gas,189,2,,,true,,true,,,1,,,10/18/22
10083468,apartment,apartment,210000,forsale,8400,,2002,,gas,132,2,,,,,,,,,,,10/18/22
9915326,apartment,apartment,212000,forsale,4020,,,,gas,443,3,,,true,50,,,,1,,,10/18/22
10158334,house,house,489000,forsale,7712,,,,,172,4,430,,,,true,,,5,5,,10/18/22
10158332,house,house,249000,forsale,8792,semiequipped,,good,gas,427,3,516,,true,,,,,3,2,,10/18/22
10158327,house,villa,745000,forsale,7850,installed,1978,good,,271,4,3135,,true,2500,true,true,true,2,8,,10/18/22
10158324,apartment,flatstudio,199000,forsale,1180,installed,,,gas,242,0,,,,,true,,,,,,10/18/22
10094199,house,house,159000,forsale,2620,installed,1972,good,gas,338,3,69,,,,,,,,,,10/18/22
10158321,house,house,278532,forsale,6530,,,,,,2,210,,,,,,,,,1,10/18/22
10158313,housegroup,housegroup,199000-199000,forsale,4400,,,,,,,,,,,,,,,,1,10/18/22
10158302,apartment,apartment,230000,forsale,2018,installed,2018,asnew,gas,77,1,,,,,true,,,1,1,,10/18/22
8813879,apartment,apartment,212000,forsale,8800,,2006,good,,126,2,,,,,true,,,,,,10/18/22
10072557,apartment,apartment,215000,forsale,8000,installed,,good,gas,225,2,,,true,,true,,,1,1,,10/18/22
8674086,apartment,serviceflat,217500,forsale,9900,installed,2019,asnew,,,2,,,,,true,,,,,,10/18/22
9981520,apartment,apartment,219000,forsale,1080,installed,,good,fueloil,,2,,,,,,,,1,,,10/18/22
10080446,apartment,apartment,219000,forsale,2060,installed,,asnew,gas,124,1,,,true,,true,,,,,,10/18/22
9809278,apartment,groundfloor,219000,forsale,9400,,2018,good,,74,2,,,,,,,,,,,10/18/22
9809280,apartment,groundfloor,219000,forsale,9402,,2018,good,,74,2,,,,,,,,,,,10/18/22
10092167,apartment,apartment,220000,forsale,8200,,1965,good,,233,0,,,,,,,,,2,,10/18/22
10001223,apartment,apartment,224500,forsale,2650,,1975,good,gas,181,2,,,true,,true,,,,1,,10/18/22
9991342,apartment,groundfloor,225000,forsale,1340,,,good,gas,297,3,,,true,,,,,,,,10/18/22
8674084,apartment,serviceflat,227500,forsale,9900,installed,2019,asnew,,,1,,,,,true,,,,1,,10/18/22
10057096,apartment,apartment,229000,forsale,2018,hyperequipped,,justrenovated,gas,,1,,,true,,,,,,,,10/18/22
10118637,apartment,apartment,230000,forsale,1190,notinstalled,,,fueloil,286,1,,,true,,,,,,,,10/18/22
9521510,apartment,serviceflat,230000,forsale,8700,,2016,good,,84.13,2,,,true,,,,,,,,10/18/22
9262001,apartment,apartment,235000,forsale,1500,,2021,,,,1,,,,,,,,,,,10/18/22
9933615,apartment,apartment,240000,forsale,1150,,1989,asnew,electric,208,1,,,true,,true,,,1,,,10/18/22
9888214,apartment,apartment,247000,forsale,9220,hyperequipped,,asnew,gas,97,1,,,,,,,,,1,,10/18/22
10125999,apartment,groundfloor,248000,forsale,2610,installed,,asnew,gas,229,2,,,true,,true,,,,,,10/18/22
10044893,apartment,apartment,249000,forsale,2100,,,asnew,,97.46,2,,,,,true,,,,,,10/18/22
9934366,apartment,flatstudio,249000,forsale,8300,,1964,,,133,1,,,,,,,,,,,10/18/22
10053888,apartment,apartment,249000,forsale,8670,,1984,,electric,443,2,,,true,,true,,,,,,10/18/22
10022536,apartment,apartment,250000,forsale,8620,hyperequipped,,asnew,,,1,,,,,,,,,,,10/18/22
10105338,apartment,apartment,250000,forsale,9400,installed,2007,good,gas,191,2,,,,,true,,,1,,,10/18/22
10024611,apartment,apartment,254000,forsale,4020,usainstalled,,good,gas,,2,,,,,true,,,,,,10/18/22
9948141,apartment,apartment,259000,forsale,9800,,,asnew,gas,312,2,,,,,,,,,,,10/18/22
9729392,apartment,apartment,259080,forsale,2950,installed,2022,asnew,,,1,,,,,true,,,,1,,10/18/22
10073780,apartment,apartment,260000,forsale,2140,,,asnew,,140,1,,,,,true,,,,,,10/18/22
10089127,apartment,apartment,260000,forsale,9300,usainstalled,,good,gas,164,3,,,,,true,,,1,1,,10/18/22
10107280,apartment,apartment,265000,forsale,1000,hyperequipped,2025,asnew,,,1,,,,,true,,,,,,10/18/22
10093012,apartment,apartment,265000,forsale,3001,,1969,,fueloil,215,3,,,,,true,,,1,,,10/18/22
10158334,house,house,489000,forsale,7712,,,,,172,4,430,,,,true,,,5,5,,10/18/22
10158332,house,house,249000,forsale,8792,semiequipped,,good,gas,427,3,516,,true,,,,,3,2,,10/18/22
10158327,house,villa,745000,forsale,7850,installed,1978,good,,271,4,3135,,true,2500,true,true,true,2,8,,10/18/22
10158324,apartment,flatstudio,199000,forsale,1180,installed,,,gas,242,0,,,,,true,,,,,,10/18/22
10094199,house,house,159000,forsale,2620,installed,1972,good,gas,338,3,69,,,,,,,,,,10/18/22
10158321,house,house,278532,forsale,6530,,,,,,2,210,,,,,,,,,1,10/18/22
10158313,housegroup,housegroup,199000-199000,forsale,4400,,,,,,,,,,,,,,,,1,10/18/22
10158302,apartment,apartment,230000,forsale,2018,installed,2018,asnew,gas,77,1,,,,,true,,,1,1,,10/18/22
9915554,apartment,apartment,265000,forsale,9000,,,asnew,,327,2,,,,,true,,,,,,10/18/22
10127679,apartment,apartment,267000,forsale,2830,installed,2009,good,gas,106,2,,,,,,,,,3,,10/18/22
10126178,apartment,flatstudio,270000,forsale,1180,,2022,asnew,,55,0,,,true,,true,,,,1,,10/18/22
10020328,apartment,apartment,270000,forsale,8370,,2012,asnew,,163,3,,,,,true,,,,1,,10/18/22
9983232,apartment,serviceflat,270000,forsale,9820,,,asnew,gas,93,1,,,,,true,,,,1,,10/18/22
9261482,apartment,apartment,271500,forsale,1500,,2021,,,,2,,,,,,,,,,,10/18/22
10078975,apartment,apartment,275000,forsale,1180,installed,,asnew,gas,205,2,,,,,true,,,,1,,10/18/22
10067411,apartment,apartment,275000,forsale,2140,hyperequipped,,asnew,gas,156,2,,,,,true,,,,,,10/18/22
10051663,apartment,apartment,275000,forsale,8370,,1977,asnew,,228,2,,,true,,,,,,,,10/18/22
9763435,apartment,apartment,275000,forsale,8750,installed,2018,asnew,,,2,,,,,true,,,,,,10/18/22
9880408,apartment,apartment,275000,forsale,9400,,2018,good,,74,3,,,,,,,,,,,10/18/22
9880409,apartment,apartment,275000,forsale,9402,,2018,good,,74,3,,,,,,,,,,,10/18/22
9880406,apartment,apartment,275000,forsale,9402,,2018,good,,74,3,,,,,,,,,,,10/18/22
9950213,apartment,apartment,275000,forsale,9700,,,asnew,,91,3,,,,,true,,,,,,10/18/22
9486552,apartment,apartment,279900,forsale,1500,,2022,,,,2,,,,,,,,,,,10/18/22
10113190,apartment,groundfloor,285000,forsale,1170,,,good,gas,326,2,,,true,,true,,,,,,10/18/22
10101116,apartment,apartment,286000,forsale,9140,installed,2021,,gas,48,2,,,,,true,,,,,,10/18/22
10109068,apartment,apartment,287000,forsale,2050,hyperequipped,1966,asnew,gas,153,2,,,,,true,,,,,,10/18/22
10047381,apartment,duplex,289000,forsale,2150,,,good,gas,440,3,,,true,,,,,,,,10/18/22
9486554,apartment,apartment,289900,forsale,1500,,2022,,,,2,,,,,,,,,,,10/18/22
9369751,apartment,apartment,289900,forsale,1500,,2022,,,,2,,,,,,,,,,,10/18/22
10024711,apartment,apartment,290000,forsale,8370,,1977,justrenovated,,192,1,,,true,,true,,,,,,10/18/22
10107958,apartment,apartment,292000,forsale,1000,hyperequipped,2025,good,,,1,,,,,true,,,,,,10/18/22
10121755,apartment,apartment,295000,forsale,1190,notinstalled,1900,torenovate,gas,,2,,,,,,,,,,,10/18/22
10090577,apartment,apartment,295000,forsale,3001,,1969,,fueloil,323,2,,,,,,,,,,,10/18/22
9781437,apartment,serviceflat,295000,forsale,8700,,2016,good,,70.94,2,,,true,,,,,,,,10/18/22
10085166,apartment,duplex,299000,forsale,1930,,2003,,gas,268,2,,,,,true,,,1,,,10/18/22
10034438,apartment,apartment,299000,forsale,2650,installed,2021,asnew,gas,,2,,,,,true,,,,,,10/18/22
9941376,apartment,loft,299000,forsale,7000,hyperequipped,,asnew,gas,94,1,,,,,true,,,,1,,10/18/22
10071482,apartment,apartment,299000,forsale,8400,,1980,,gas,112,2,,,true,,true,,,,1,,10/18/22
10158334,house,house,489000,forsale,7712,,,,,172,4,430,,,,true,,,5,5,,10/18/22
10158332,house,house,249000,forsale,8792,semiequipped,,good,gas,427,3,516,,true,,,,,3,2,,10/18/22
10158327,house,villa,745000,forsale,7850,installed,1978,good,,271,4,3135,,true,2500,true,true,true,2,8,,10/18/22
10158324,apartment,flatstudio,199000,forsale,1180,installed,,,gas,242,0,,,,,true,,,,,,10/18/22
10094199,house,house,159000,forsale,2620,installed,1972,good,gas,338,3,69,,,,,,,,,,10/18/22
10158321,house,house,278532,forsale,6530,,,,,,2,210,,,,,,,,,1,10/18/22
10158313,housegroup,housegroup,199000-199000,forsale,4400,,,,,,,,,,,,,,,,1,10/18/22
10158302,apartment,apartment,230000,forsale,2018,installed,2018,asnew,gas,77,1,,,,,true,,,1,1,,10/18/22
9572750,apartment,serviceflat,300000,forsale,8670,,2019,,,61,1,,,,,true,,,,,,10/18/22
9486550,apartment,apartment,304900,forsale,1500,,2022,,,,2,,,,,,,,,,,10/18/22
9262319,apartment,apartment,313500,forsale,1500,,2021,,,,2,,,,,,,,,,,10/18/22
10119440,apartment,apartment,315000,forsale,8430,,1963,,,114,3,,,true,,,,,1,,,10/18/22
9572749,apartment,serviceflat,315000,forsale,8670,,2018,,,58,1,,,,,true,,,,,,10/18/22
10066540,apartment,apartment,315000,forsale,9000,,,asnew,,201,2,,,,,,,,1,,,10/18/22
10107276,apartment,apartment,319000,forsale,1000,hyperequipped,2025,asnew,,,2,,,,,,,,,,,10/18/22
9841474,apartment,serviceflat,320000,forsale,8670,,2020,good,,100,2,,,,,,,true,,,,10/18/22
9262758,apartment,apartment,324000,forsale,1500,,2021,,,,2,,,,,,,,,,,10/18/22
10107959,apartment,apartment,325000,forsale,1000,hyperequipped,2025,asnew,,,2,,,,,true,,,,,,10/18/22
9969976,apartment,apartment,325000,forsale,1190,hyperequipped,2002,asnew,gas,120,3,,,true,,true,,,1,,,10/18/22
9998052,apartment,duplex,325000,forsale,4041,,2014,asnew,gas,79,3,,,,,true,true,,1,1,,10/18/22
10017453,apartment,apartment,329000,forsale,9340,installed,2022,asnew,gas,,2,,,,,,,,,1,,10/18/22
9572748,apartment,serviceflat,330000,forsale,8670,,2019,,,69,2,,,,,true,,,,,,10/18/22
10011271,apartment,penthouse,339000,forsale,8730,,2016,,gas,94.96,2,,,,,true,,,,,,10/18/22
10115260,apartment,penthouse,340000,forsale,1180,installed,1980,asnew,gas,,2,,,true,,true,,,,,,10/18/22
10117640,apartment,groundfloor,346000,forsale,9300,,2023,good,,,3,,,true,,true,,,,,,10/18/22
10126684,apartment,duplex,347000,forsale,9400,,2002,asnew,fueloil,119,3,,,,,true,,,1,1,,10/18/22
10102486,apartment,apartment,350000,forsale,2100,installed,,asnew,gas,298,2,,,,,true,,,,,,10/18/22
9806913,apartment,apartment,350000,forsale,8430,installed,1964,good,gas,269,3,,,,,,,,,,,10/18/22
10107277,apartment,apartment,358000,forsale,1000,hyperequipped,2025,good,,,2,,,,,true,,,,,,10/18/22
8979532,apartment,apartment,362000,forsale,1500,,2020,,,,3,,,,,,,,,,,10/18/22
10121754,apartment,apartment,365000,forsale,1190,notinstalled,1900,torenovate,gas,,2,,,,,,,,,,,10/18/22
10099739,apartment,apartment,370000,forsale,2800,installed,1972,good,fueloil,159,5,,,true,,true,true,,,2,,10/18/22
10109591,apartment,duplex,375000,forsale,1050,notinstalled,1912,,gas,370,1,,,true,20,,,,,,,10/18/22
10123385,apartment,apartment,375000,forsale,2000,,2011,asnew,,86,1,,,true,,true,,,,,,10/18/22
10084199,apartment,duplex,375000,forsale,2000,hyperequipped,,asnew,gas,172,2,,,true,,,,,,,,10/18/22
9978783,apartment,apartment,380000,forsale,8620,,1992,asnew,electric,188,2,,,,,true,,,,,,10/18/22
10107960,apartment,apartment,382000,forsale,1000,hyperequipped,2025,asnew,,,3,,,,,true,,,,,,10/18/22
9988812,apartment,apartment,385000,forsale,6060,semiequipped,,tobedoneup,gas,403,9,,,,,,,,,,,10/18/22
10158334,house,house,489000,forsale,7712,,,,,172,4,430,,,,true,,,5,5,,10/18/22
10158332,house,house,249000,forsale,8792,semiequipped,,good,gas,427,3,516,,true,,,,,3,2,,10/18/22
10158327,house,villa,745000,forsale,7850,installed,1978,good,,271,4,3135,,true,2500,true,true,true,2,8,,10/18/22
10158324,apartment,flatstudio,199000,forsale,1180,installed,,,gas,242,0,,,,,true,,,,,,10/18/22
10094199,house,house,159000,forsale,2620,installed,1972,good,gas,338,3,69,,,,,,,,,,10/18/22
10158321,house,house,278532,forsale,6530,,,,,,2,210,,,,,,,,,1,10/18/22
10158313,housegroup,housegroup,199000-199000,forsale,4400,,,,,,,,,,,,,,,,1,10/18/22
10158302,apartment,apartment,230000,forsale,2018,installed,2018,asnew,gas,77,1,,,,,true,,,1,1,,10/18/22
10105945,apartment,apartment,389000,forsale,8210,,2016,,,107,2,,,,,,true,,,,,10/18/22
10061268,apartment,apartment,393000,forsale,1853,usahyperequipped,,,gas,209,4,,,true,,true,,,,,,10/18/22
9874402,apartment,duplex,395000,forsale,1050,notinstalled,1912,,gas,512,2,,,true,,true,,,,,,10/18/22
9850789,apartment,duplex,395000,forsale,3000,installed,,justrenovated,,192,2,,,,,,,,,,,10/18/22
9779475,apartment,apartment,395000,forsale,8000,installed,,justrenovated,gas,252,4,,,,,,,,,,,10/18/22
10081173,apartment,apartment,395000,forsale,8300,semiequipped,1989,good,electric,123,2,,,true,,true,,,,,,10/18/22
10113143,apartment,apartment,399000,forsale,2000,installed,2016,asnew,gas,62,3,,,,,true,,,1,,,10/18/22
9854936,apartment,apartment,399000,forsale,8580,,1980,torenovate,gas,239,3,,true,,,true,true,,,,,10/18/22
9833914,apartment,duplex,415000,forsale,1410,installed,2006,asnew,gas,146,3,,,,,true,,,1,1,,10/18/22
9714178,apartment,duplex,420000,forsale,8620,installed,2019,good,,,2,,,,,true,,,,,,10/18/22
9884262,apartment,duplex,425000,forsale,1000,usahyperequipped,1900,justrenovated,gas,251,1,,,,,true,,,,,,10/18/22
9709762,apartment,duplex,425000,forsale,1000,usahyperequipped,1900,justrenovated,gas,251,1,,,,,true,,,,,,10/18/22
9961160,apartment,apartment,435000,forsale,8300,hyperequipped,1982,good,gas,93,1,,,true,,true,,,,,,10/18/22
9770047,apartment,apartment,449000,forsale,8300,,2018,,,89,1,,,true,,true,,,2,,,10/18/22
9246623,apartment,apartment,449000,forsale,8300,,2018,,,89,1,,,true,,true,,,2,,,10/18/22
9927910,apartment,duplex,455000,forsale,8420,hyperequipped,,asnew,,,4,,,,,true,,,1,,,10/18/22
10112995,apartment,groundfloor,457000,forsale,2018,hyperequipped,,asnew,gas,271,3,,,true,80,true,,,,,,10/18/22
9507497,apartment,duplex,460000,forsale,1080,usahyperequipped,2021,asnew,gas,,3,,,true,,true,,,1,,,10/18/22
9793314,apartment,apartment,479000,forsale,4000,,,asnew,,123,2,,,true,,true,,,1,,,10/18/22
10107378,apartment,penthouse,482000,forsale,1000,hyperequipped,2025,asnew,,,3,,,,,true,,,,,,10/18/22
10116224,apartment,apartment,495000,forsale,1180,,1970,torenovate,gas,207,3,,,true,,true,,,,1,,10/18/22
10112878,apartment,apartment,495000,forsale,1180,,1970,torenovate,gas,207,3,,,true,,true,,,,1,,10/18/22
10098036,apartment,penthouse,495000,forsale,1180,installed,1925,good,gas,248,2,,,true,,true,,,,,,10/18/22
8102542,apartment,apartment,495000,forsale,2000,,,asnew,,232,2,,,,,true,,,1,,,10/18/22
10067081,apartment,apartment,495000,forsale,8300,usahyperequipped,1979,good,gas,126,2,,,,,true,,,,,,10/18/22
9989046,apartment,apartment,499000,forsale,1050,semiequipped,1930,torenovate,gas,237,2,,,,,,true,,1,1,,10/18/22
10103551,apartment,groundfloor,499000,forsale,2018,,1913,asnew,,194,2,,,,102,true,true,,,,,10/18/22
10103277,apartment,apartment,520000,forsale,8300,installed,2003,,gas,130,2,,,,,,,,,,,10/18/22
9938383,apartment,apartment,520000,forsale,8400,,,asnew,,250,3,,,true,,true,,,,,,10/18/22
10067674,apartment,apartment,525000,forsale,2050,hyperequipped,2017,asnew,,89,3,,,true,,true,,,1,,,10/18/22
10158334,house,house,489000,forsale,7712,,,,,172,4,430,,,,true,,,5,5,,10/18/22
10158332,house,house,249000,forsale,8792,semiequipped,,good,gas,427,3,516,,true,,,,,3,2,,10/18/22
10158327,house,villa,745000,forsale,7850,installed,1978,good,,271,4,3135,,true,2500,true,true,true,2,8,,10/18/22
10158324,apartment,flatstudio,199000,forsale,1180,installed,,,gas,242,0,,,,,true,,,,,,10/18/22
10094199,house,house,159000,forsale,2620,installed,1972,good,gas,338,3,69,,,,,,,,,,10/18/22
10158321,house,house,278532,forsale,6530,,,,,,2,210,,,,,,,,,1,10/18/22
10158313,housegroup,housegroup,199000-199000,forsale,4400,,,,,,,,,,,,,,,,1,10/18/22
10158302,apartment,apartment,230000,forsale,2018,installed,2018,asnew,gas,77,1,,,,,true,,,1,1,,10/18/22
10127842,apartment,apartment,525000,forsale,8670,,2008,asnew,,114,1,,,,,true,,,,,,10/18/22
10112582,apartment,duplex,535000,forsale,2640,,2003,good,gas,131,3,,,true,,true,,,1,,,10/18/22
9904587,apartment,apartment,535000,forsale,9000,,,asnew,,325,3,,,,,true,,,1,,,10/18/22
10008139,apartment,apartment,555000,forsale,2018,hyperequipped,,asnew,gas,221,2,,,,52,,,,,,,10/18/22
10071377,apartment,penthouse,555000,forsale,8900,usainstalled,,,gas,35,3,,,,,,,,,,,10/18/22
10085609,apartment,apartment,569000,forsale,9160,,2005,,,151,2,,,,,,,,,,,10/18/22
9749966,apartment,loft,570000,forsale,1000,usahyperequipped,1900,justrenovated,gas,205,2,,,,,,,,,,,10/18/22
9749968,apartment,loft,570000,forsale,1030,usahyperequipped,1900,justrenovated,gas,205,2,,,,,,,,,,,10/18/22
9751626,apartment,loft,580000,forsale,1000,usahyperequipped,1900,justrenovated,gas,205,2,,,,,,,,,,,10/18/22
9749986,apartment,loft,580000,forsale,1000,usahyperequipped,1900,justrenovated,gas,205,2,,,,,,,,,,,10/18/22
9866344,apartment,apartment,589000,forsale,2000,hyperequipped,,asnew,gas,,2,,,,,true,,,,,,10/18/22
9958879,apartment,loft,595000,forsale,1000,usahyperequipped,1900,justrenovated,gas,270,2,,,,,true,,,,,,10/18/22
9805695,apartment,duplex,595000,forsale,1000,hyperequipped,2011,asnew,fueloil,128,3,,,,,true,true,,1,,,10/18/22
9958880,apartment,loft,595000,forsale,1030,usahyperequipped,1900,justrenovated,gas,270,2,,,,,true,,,,,,10/18/22
9958969,apartment,loft,595000,forsale,1030,usahyperequipped,1900,justrenovated,gas,270,2,,,,,true,,,,,,10/18/22
9805706,apartment,duplex,595000,forsale,1060,hyperequipped,2011,asnew,fueloil,128,3,,,true,,true,true,,1,,,10/18/22
10121757,apartment,apartment,595000,forsale,1190,notinstalled,1900,torenovate,gas,,4,,,,,,,,,,,10/18/22
10118169,apartment,apartment,599000,forsale,2000,hyperequipped,,asnew,gas,,2,,,,,true,,,,,,10/18/22
10066760,apartment,apartment,599000,forsale,2530,hyperequipped,2009,,gas,200,2,,,true,110,true,true,,1,1,,10/18/22
10099506,apartment,apartment,599000,forsale,4020,,,asnew,gas,118,4,,,true,,true,true,,1,1,,10/18/22
10096315,apartment,penthouse,599900,forsale,9300,hyperequipped,2013,,gas,126,3,,,true,,true,,,,,,10/18/22
10034437,apartment,penthouse,625000,forsale,2650,usahyperequipped,2021,asnew,gas,,2,,,,,true,true,,,,,10/18/22
10007049,apartment,apartment,645000,forsale,1050,usahyperequipped,,,gas,311,3,,,true,200,true,,,,,,10/18/22
9863734,apartment,apartment,645000,forsale,2000,,1955,,,,4,,,,,true,,,,,,10/18/22
10076298,apartment,apartment,650000,forsale,1180,hyperequipped,,asnew,gas,,3,,,true,,true,,,1,,,10/18/22
10069009,apartment,apartment,669000,forsale,8300,hyperequipped,1967,good,gas,169,3,,,true,,true,,,,,,10/18/22
10122599,apartment,penthouse,695000,forsale,1000,installed,1996,good,gas,165,2,,,,,true,,,1,,,10/18/22
10122282,apartment,penthouse,695000,forsale,1000,installed,1996,good,gas,165,2,,,,,true,,,1,,,10/18/22
9825855,apartment,apartment,695000,forsale,8300,,1961,asnew,gas,,2,,,,,,,,,,,10/18/22
9924899,apartment,apartment,695000,forsale,8580,,1999,,gas,182,4,,,,,true,true,,1,,,10/18/22
10158334,house,house,489000,forsale,7712,,,,,172,4,430,,,,true,,,5,5,,10/18/22
10158332,house,house,249000,forsale,8792,semiequipped,,good,gas,427,3,516,,true,,,,,3,2,,10/18/22
10158327,house,villa,745000,forsale,7850,installed,1978,good,,271,4,3135,,true,2500,true,true,true,2,8,,10/18/22
10158324,apartment,flatstudio,199000,forsale,1180,installed,,,gas,242,0,,,,,true,,,,,,10/18/22
10094199,house,house,159000,forsale,2620,installed,1972,good,gas,338,3,69,,,,,,,,,,10/18/22
10158321,house,house,278532,forsale,6530,,,,,,2,210,,,,,,,,,1,10/18/22
10158313,housegroup,housegroup,199000-199000,forsale,4400,,,,,,,,,,,,,,,,1,10/18/22
10158302,apartment,apartment,230000,forsale,2018,installed,2018,asnew,gas,77,1,,,,,true,,,1,1,,10/18/22
10109514,apartment,penthouse,699000,forsale,9520,usahyperequipped,,asnew,gas,136.8,3,,,,,true,,,3,,,10/18/22
9857683,apartment,apartment,719000,forsale,8301,installed,1968,tobedoneup,gas,103,2,,,true,,true,,,,,,10/18/22
10071340,apartment,apartment,745000,forsale,2800,,2020,,,78,2,,,,,true,true,,2,,,10/18/22
10086909,apartment,groundfloor,790000,forsale,1050,,,asnew,gas,295,2,,,,,,,,,,,10/18/22
9973355,apartment,penthouse,895000,forsale,8300,usahyperequipped,1981,asnew,gas,,2,,,,,true,,,,,,10/18/22
10078793,apartment,apartment,935000,forsale,2018,installed,1913,asnew,gas,169,2,,,true,,true,,,,2,,10/18/22
10058236,apartment,apartment,975000,forsale,8300,installed,1960,asnew,gas,211,6,,,,,,,,1,,,10/18/22
10007850,apartment,apartment,975000,forsale,8301,installed,1960,asnew,gas,211,6,,,,,,,,1,,,10/18/22
9803562,apartment,apartment,1000000,forsale,1050,installed,1937,good,gas,234,4,,,true,,true,true,,2,,,10/18/22
10016318,apartment,apartment,1100000,forsale,1050,hyperequipped,,good,electric,,3,,,,,true,true,,1,1,,10/18/22
9880866,apartment,groundfloor,1100000,forsale,1180,hyperequipped,1960,good,gas,345,4,,,true,,true,,,3,3,,10/18/22
10119464,apartment,apartment,1195000,forsale,9500,,1997,asnew,,277,6,,,,,,,,,,,10/18/22
10094953,apartment,apartment,1200000,forsale,8500,,2015,asnew,gas,82.35,3,,,,,true,true,,1,,,10/18/22
9732526,apartment,loft,1250000,forsale,1190,usahyperequipped,,good,gas,156,3,,,,,true,,,,,,10/18/22
10043444,apartment,apartment,1295000,forsale,8300,,1963,,,184,2,,,,,,,,,,,10/18/22
10052503,apartment,apartment,1880000,forsale,1060,,1890,asnew,,155,4,,,true,,true,true,,2,2,,10/18/22
9923487,apartment,apartment,1880000,forsale,1060,,1890,asnew,,155,4,,,true,,true,true,,2,2,,10/18/22
9885562,apartment,groundfloor,1950000,forsale,1180,hyperequipped,1998,asnew,gas,,4,,,true,1500,,true,,3,3,,10/18/22
10058254,apartment,apartment,1980000,forsale,8300,hyperequipped,,justrenovated,gas,189,3,,,true,,,,,1,,,10/18/22
10103970,apartment,apartment,2490000,forsale,1180,installed,1990,tobedoneup,,,4,,,true,,true,,,2,,,10/18/22
10049793,apartment,apartment,2490000,forsale,8300,hyperequipped,,justrenovated,gas,244,4,,,true,,,,,,,,10/18/22
10016317,apartment,apartment,3200000,forsale,1180,usahyperequipped,2019,asnew,gas,97,3,,,true,,true,true,,4,,,10/18/22
10133467,apartment,apartment,360000,forsale,9800,installed,2022,asnew,gas,,2,,,,,true,true,,,1,1,10/18/22
10132937,apartment,apartment,249000,forsale,2018,installed,,good,gas,324,2,,,true,,,,,,,,10/18/22
9939452,housegroup,housegroup,128900-297900,forsale,8400,,,,,,,,,,,,,,,,1,10/18/22
10077719,apartment,apartment,179000,forsale,1600,,1958,torenovate,gas,202,1,,,,,,,,1,,,10/18/22
10077720,apartment,apartment,209000,forsale,1600,,1958,torenovate,gas,289,2,,,,,,,,2,,,10/18/22
10135360,apartment,apartment,335000,forsale,2020,usainstalled,1960,asnew,gas,,2,,,true,70,true,,,,,,10/18/22
10134742,apartment,apartment,495000,forsale,1160,hyperequipped,,tobedoneup,gas,,2,,,,114,true,,,,,,10/18/22
10153962,apartment,apartment,139000,forsale,8870,installed,1986,,,350,2,,,,,true,,,1,,,10/18/22
10158334,house,house,489000,forsale,7712,,,,,172,4,430,,,,true,,,5,5,,10/18/22
10158332,house,house,249000,forsale,8792,semiequipped,,good,gas,427,3,516,,true,,,,,3,2,,10/18/22
10158327,house,villa,745000,forsale,7850,installed,1978,good,,271,4,3135,,true,2500,true,true,true,2,8,,10/18/22
10158324,apartment,flatstudio,199000,forsale,1180,installed,,,gas,242,0,,,,,true,,,,,,10/18/22
10094199,house,house,159000,forsale,2620,installed,1972,good,gas,338,3,69,,,,,,,,,,10/18/22
10158321,house,house,278532,forsale,6530,,,,,,2,210,,,,,,,,,1,10/18/22
10158313,housegroup,housegroup,199000-199000,forsale,4400,,,,,,,,,,,,,,,,1,10/18/22
10158302,apartment,apartment,230000,forsale,2018,installed,2018,asnew,gas,77,1,,,,,true,,,1,1,,10/18/22
10153379,apartment,apartment,150000,forsale,1070,installed,,,,160,2,,,true,,true,,,,,,10/18/22
10140929,apartment,apartment,253250,forsale,2230,,,asnew,,,2,,,,,true,,,,,1,10/18/22
10152196,apartment,apartment,346725,forsale,1420,,2021,,,,2,,,,,,,,,,,10/18/22
10152209,apartment,apartment,361800,forsale,1420,,2022,,,,3,,,,,,,,,,,10/18/22
10140345,apartment,apartment,405000,forsale,9070,hyperequipped,2023,asnew,gas,,2,,,,,true,,,,1,1,10/18/22
10141020,apartment,apartment,447175,forsale,1420,hyperequipped,2021,asnew,,102,2,,,,,true,,true,1,1,1,10/18/22
10152506,apartment,penthouse,582900,forsale,1420,,2021,,,,3,,,,,true,,,,,,10/18/22
10152508,apartment,penthouse,693450,forsale,1420,,2021,,,,3,,,,,,,,,,,10/18/22
9478822,apartment,flatstudio,170500,forsale,1000,,2020,asnew,gas,,0,,,,,true,,,29,29,1,10/18/22
10139390,apartment,apartment,175000,forsale,1450,,,tobedoneup,gas,235,1,,,true,,,,,,,,10/18/22
10139387,apartment,flatstudio,175000,forsale,1450,,,tobedoneup,gas,235,1,,,true,,,,,,,,10/18/22
9478821,apartment,flatstudio,178500,forsale,1000,,2020,asnew,gas,,0,,,true,,true,,,29,29,1,10/18/22
9735136,apartment,groundfloor,199000,forsale,6141,hyperequipped,2021,asnew,,119,2,,,,,true,,,2,2,1,10/18/22
9716418,apartment,apartment,207500,forsale,6041,installed,2020,,gas,105,2,,,,,true,,,,4,1,10/18/22
9716414,apartment,apartment,207500,forsale,6041,installed,2020,,gas,105,2,,,,,true,,,,4,1,10/18/22
9716417,apartment,apartment,212500,forsale,6041,installed,2020,,gas,105,2,,,,,true,,,,4,1,10/18/22
9716416,apartment,apartment,212500,forsale,6041,installed,2020,,gas,105,2,,,,,true,,,,4,1,10/18/22
9716415,apartment,apartment,212500,forsale,6041,installed,2020,,gas,105,2,,,,,true,,,,4,1,10/18/22
9716413,apartment,apartment,212500,forsale,6041,installed,2020,,gas,105,2,,,,,true,,,,4,1,10/18/22
10138211,apartment,apartment,220000,forsale,8370,installed,,asnew,gas,262,2,,,,,true,,,,,,10/18/22
10080324,apartment,apartment,228285,forsale,4624,,2022,asnew,,,2,,,true,,true,,,1,1,1,10/18/22
9519359,apartment,apartment,233000,forsale,2160,usahyperequipped,2022,,,,1,,,,,true,,,,,1,10/18/22
9828300,apartment,serviceflat,235000,forsale,8730,,2021,,gas,,2,,,,,true,,,,,1,10/18/22
9716411,apartment,apartment,245000,forsale,6041,installed,2020,,gas,105,2,,,,,true,true,,,4,1,10/18/22
9479794,apartment,apartment,248000,forsale,1000,,2020,asnew,gas,,1,,,,,true,,,29,29,1,10/18/22
9716412,apartment,apartment,250000,forsale,6041,installed,2020,,gas,105,2,,,,,true,true,,,4,1,10/18/22
10109495,apartment,apartment,265000,forsale,7500,installed,2018,asnew,,63,2,,,,,true,,,,1,1,10/18/22
9005884,apartment,apartment,270175,forsale,3910,,,asnew,gas,,2,,,,,true,,,,,1,10/18/22
9739329,apartment,groundfloor,279000,forsale,3200,hyperequipped,2022,,,30,2,,,true,,true,,,1,,1,10/18/22
10091900,apartment,apartment,289000,forsale,1480,installed,2023,,gas,50,2,,,true,,true,,,,,1,10/18/22
10158334,house,house,489000,forsale,7712,,,,,172,4,430,,,,true,,,5,5,,10/18/22
10158332,house,house,249000,forsale,8792,semiequipped,,good,gas,427,3,516,,true,,,,,3,2,,10/18/22
10158327,house,villa,745000,forsale,7850,installed,1978,good,,271,4,3135,,true,2500,true,true,true,2,8,,10/18/22
10158324,apartment,flatstudio,199000,forsale,1180,installed,,,gas,242,0,,,,,true,,,,,,10/18/22
10094199,house,house,159000,forsale,2620,installed,1972,good,gas,338,3,69,,,,,,,,,,10/18/22
10158321,house,house,278532,forsale,6530,,,,,,2,210,,,,,,,,,1,10/18/22
10158313,housegroup,housegroup,199000-199000,forsale,4400,,,,,,,,,,,,,,,,1,10/18/22
10158302,apartment,apartment,230000,forsale,2018,installed,2018,asnew,gas,77,1,,,,,true,,,1,1,,10/18/22
10010199,apartment,apartment,290000,forsale,8670,installed,2022,asnew,electric,,1,,,true,,true,,,,,1,10/18/22
10053020,apartment,penthouse,298500,forsale,9900,,2021,,gas,,2,,,,,true,,,,,1,10/18/22
9828323,apartment,serviceflat,317950,forsale,8730,,2020,,gas,,2,,,,,true,,,,,1,10/18/22
10117629,apartment,apartment,320405,forsale,9340,usahyperequipped,2022,,electric,,2,,,,,true,,,,,1,10/18/22
9512035,apartment,apartment,325000,forsale,2160,usahyperequipped,2022,,,,1,,,,,true,,,,,1,10/18/22
9813360,apartment,apartment,341500,forsale,9000,installed,2022,,gas,27,2,,,,,true,,,,,1,10/18/22
10000585,apartment,apartment,355000,forsale,8300,installed,2018,asnew,,107.79,1,,,true,,true,,,,1,1,10/18/22
10139775,apartment,apartment,399000,forsale,1170,,,,,155,3,,,true,,true,,,1,,,10/18/22
9966429,apartment,apartment,420000,forsale,9120,hyperequipped,2020,,,,2,,,,,true,,,,54,1,10/18/22
9763241,apartment,apartment,429000,forsale,2950,,2021,asnew,gas,,3,,,,,true,,,,1,1,10/18/22
10117644,apartment,apartment,478741,forsale,9340,installed,2022,,electric,,2,,,,,true,,,,,1,10/18/22
10045296,apartment,apartment,492500,forsale,9120,hyperequipped,2020,,,,2,,,,,true,,,,54,1,10/18/22
9589138,apartment,groundfloor,875000,forsale,1332,hyperequipped,,asnew,gas,139,3,,,true,,true,,,1,3,1,10/18/22
9063825,apartment,groundfloor,875000,forsale,3090,hyperequipped,,asnew,gas,139,3,,,true,,true,,,1,2,1,10/18/22
10064704,apartment,apartment,189000,forsale,1090,semiequipped,1970,good,gas,172,2,,,true,,true,,,1,,,10/18/22
10009430,apartment,apartment,275000,forsale,1030,hyperequipped,1957,good,fueloil,705,2,,,true,,true,,,,,,10/18/22
10062933,apartment,apartment,345000,forsale,1170,hyperequipped,1967,asnew,gas,181,2,,,true,,true,,,,,,10/18/22
10082294,apartment,apartment,359000,forsale,1083,usahyperequipped,2006,asnew,gas,159,3,,,true,,true,,,,2,,10/18/22
10043859,apartment,apartment,189000,forsale,8880,installed,1998,,,196,2,,,,,true,,,1,,,10/18/22
10142722,apartment,apartment,429000,forsale,2018,installed,,asnew,fueloil,,3,,,,,,,,,,,10/18/22
10130677,apartment,flatstudio,59000,forsale,4000,semiequipped,,good,gas,264,0,,,,,,,,,,,10/18/22
10132032,apartment,serviceflat,209000,forsale,2870,,2019,,gas,,1,,,true,,true,,,1,,,10/18/22
10130935,apartment,loft,370000,forsale,3020,,2010,,,89,2,,,,,true,,,1,,,10/18/22
10124172,apartment,penthouse,410000,forsale,1200,hyperequipped,2013,good,gas,128,2,,,,,true,,,1,1,,10/18/22
10131702,apartment,penthouse,465000,forsale,9000,,2002,,,243,2,,,true,,true,,,,,,10/18/22
10133592,apartment,apartment,225000,forsale,2200,installed,,good,gas,,2,,,,,true,,,,,,10/18/22
10133405,apartment,apartment,370000,forsale,9100,,1965,justrenovated,,247,4,,,,,,,,,,,10/18/22
10148695,apartment,kot,145000,forsale,3000,,2015,good,,77.29,1,,,,,,,,,,,10/18/22
10148694,apartment,kot,145000,forsale,3000,,2015,good,,77.29,1,,,,,,,,,,,10/18/22
10149507,apartment,apartment,188000,forsale,2390,,1991,good,electric,,1,,,,,true,,,,1,,10/18/22
10158334,house,house,489000,forsale,7712,,,,,172,4,430,,,,true,,,5,5,,10/18/22
10158332,house,house,249000,forsale,8792,semiequipped,,good,gas,427,3,516,,true,,,,,3,2,,10/18/22
10158327,house,villa,745000,forsale,7850,installed,1978,good,,271,4,3135,,true,2500,true,true,true,2,8,,10/18/22
10158324,apartment,flatstudio,199000,forsale,1180,installed,,,gas,242,0,,,,,true,,,,,,10/18/22
10094199,house,house,159000,forsale,2620,installed,1972,good,gas,338,3,69,,,,,,,,,,10/18/22
10158321,house,house,278532,forsale,6530,,,,,,2,210,,,,,,,,,1,10/18/22
10158313,housegroup,housegroup,199000-199000,forsale,4400,,,,,,,,,,,,,,,,1,10/18/22
10158302,apartment,apartment,230000,forsale,2018,installed,2018,asnew,gas,77,1,,,,,true,,,1,1,,10/18/22
10151033,apartment,apartment,250000,forsale,1020,usainstalled,,,,214,2,,,true,,true,,,,,,10/18/22
10150347,apartment,apartment,790000,forsale,1180,hyperequipped,,asnew,,294,3,,,,,true,,,1,,,10/18/22
10136151,apartment,apartment,85000,forsale,2100,installed,,good,gas,352,2,,,true,,,,,1,2,,10/18/22
10136155,apartment,apartment,225000,forsale,2940,installed,,,gas,305,2,,,,,,,,1,,,10/18/22
10135846,apartment,apartment,520000,forsale,8300,,,justrenovated,gas,,3,,,,,,,,,,,10/18/22
10135845,apartment,apartment,525000,forsale,8300,,,justrenovated,gas,,3,,,,,,,,,,,10/18/22
10109001,apartmentgroup,apartmentgroup,169900-279900,forsale,2580,,,,,,,,,,,,,,,,1,10/18/22
10115087,apartmentgroup,apartmentgroup,170000-220000,forsale,7060,,,,,,,,,,,,,,,,1,10/18/22
9761976,apartmentgroup,apartmentgroup,176000-362000,forsale,5020,,,,,,,,,,,,,,,,1,10/18/22
9881590,apartmentgroup,apartmentgroup,182900-327900,forsale,7090,,,,,,,,,,,,,,,,1,10/18/22
7612258,apartmentgroup,apartmentgroup,187500-187500,forsale,4040,,,,,,,,,,,,,,,,1,10/18/22
9689759,apartmentgroup,apartmentgroup,219900-276836,forsale,2580,,,,,,,,,,,,,,,,1,10/18/22
10076283,apartmentgroup,apartmentgroup,241750-272000,forsale,4960,,,,,,,,,,,,,,,,1,10/18/22
9033349,apartmentgroup,apartmentgroup,264900-319900,forsale,6032,,,,,,,,,,,,,,,,1,10/18/22
7780276,apartmentgroup,apartmentgroup,276930-381280,forsale,4802,,,,,,,,,,,,,,,,1,10/18/22
9955632,apartmentgroup,apartmentgroup,284000-319000,forsale,7370,,,,,,,,,,,,,,,,1,10/18/22
10157044,apartment,apartment,224900,forsale,9880,,,asnew,,338,2,,,,,,,,,,,10/18/22
10140367,apartment,flatstudio,189000,forsale,3000,,1991,asnew,electric,214,0,,,,,,,,,,,10/18/22
10141499,apartment,duplex,320000,forsale,8300,installed,2008,good,,132,2,,,true,,true,,,,,,10/18/22
10131260,apartment,apartment,334950,forsale,8790,,2020,asnew,,,2,,,,,true,,,,,1,10/18/22
10142248,apartment,apartment,369000,forsale,7700,,,,,79,3,,,true,,true,,,1,,,10/18/22
10142648,apartment,apartment,410000,forsale,8470,,2020,,,,3,,,,,true,true,,,,,10/18/22
9996997,apartment,apartment,625000,forsale,8670,installed,1995,,,192,2,,,true,,,,,1,,,10/18/22
10126454,apartment,flatstudio,65000,forsale,1400,,,good,gas,778,0,,,,,,,,,,,10/18/22
10124581,apartment,flatstudio,85000,forsale,2000,,1973,,,193,1,,,,,,,,,,,10/18/22
10124580,apartment,flatstudio,85000,forsale,2000,,1973,,,208,1,,,,,,,,,,,10/18/22
9543983,apartment,apartment,85000,forsale,7700,installed,,justrenovated,electric,615,1,,,true,,,,,1,,,10/18/22
9983333,apartment,apartment,95000,forsale,4100,notinstalled,,good,gas,187,2,,,,,,,,,,,10/18/22
9942243,apartment,groundfloor,99000,forsale,4000,installed,,good,,,1,,,true,,,,,,,,10/18/22
9976000,apartment,apartment,119000,forsale,8400,,1961,tobedoneup,,330,2,,,,,,,,,,,10/18/22
10158334,house,house,489000,forsale,7712,,,,,172,4,430,,,,true,,,5,5,,10/18/22
10158332,house,house,249000,forsale,8792,semiequipped,,good,gas,427,3,516,,true,,,,,3,2,,10/18/22
10158327,house,villa,745000,forsale,7850,installed,1978,good,,271,4,3135,,true,2500,true,true,true,2,8,,10/18/22
10158324,apartment,flatstudio,199000,forsale,1180,installed,,,gas,242,0,,,,,true,,,,,,10/18/22
10094199,house,house,159000,forsale,2620,installed,1972,good,gas,338,3,69,,,,,,,,,,10/18/22
10158321,house,house,278532,forsale,6530,,,,,,2,210,,,,,,,,,1,10/18/22
10158313,housegroup,housegroup,199000-199000,forsale,4400,,,,,,,,,,,,,,,,1,10/18/22
10158302,apartment,apartment,230000,forsale,2018,installed,2018,asnew,gas,77,1,,,,,true,,,1,1,,10/18/22
10029456,apartment,apartment,123500,forsale,2170,,1978,,,214,2,,,,,true,,,1,,,10/18/22
10093769,apartment,flatstudio,129000,forsale,1090,semiequipped,,good,gas,1023,0,,,,,true,,,,,,10/18/22
9705665,apartment,apartment,130000,forsale,4000,notinstalled,1976,tobedoneup,,479,1,,,true,,true,,,,,,10/18/22
10114996,apartment,apartment,135000,forsale,6800,installed,2009,,gas,148,2,,,true,,true,,,,,,10/18/22
9900153,apartment,apartment,140000,forsale,8420,installed,1990,good,electric,865,1,,,,,,,,,,,10/18/22
10056984,apartment,apartment,149000,forsale,3300,,1973,good,,301,1,,,true,,true,,,,,,10/18/22
9990313,apartment,apartment,151000,forsale,8600,installed,,good,,120,1,,,true,7,,,,1,1,,10/18/22
9990315,apartment,apartment,156500,forsale,8600,installed,,good,,149,1,,,true,7,,,,1,1,,10/18/22
10080448,apartment,apartment,159000,forsale,2060,installed,,good,gas,444,1,,,,,,,,,,,10/18/22
10118717,apartment,apartment,175000,forsale,1300,,1972,,gas,261,2,,,true,,true,,,1,,,10/18/22
10124432,apartment,apartment,175000,forsale,8400,,1974,tobedoneup,,156,2,,,,8,,,,,,,10/18/22
10120988,apartment,apartment,179000,forsale,2060,installed,,good,gas,227,1,,,true,,true,,,,,,10/18/22
10107505,apartment,apartment,179000,forsale,4000,hyperequipped,2002,asnew,electric,297,2,,,,,,,,1,1,,10/18/22
10080209,apartment,apartment,185000,forsale,1070,usainstalled,,asnew,gas,141,1,,,,,true,,,,,,10/18/22
9702574,apartment,apartment,189000,forsale,1083,installed,1968,good,,174,2,,,true,,true,,,2,,,10/18/22
10065583,apartment,apartment,191000,forsale,8620,,1978,good,,259,2,,,true,,,,,1,,,10/18/22
10092590,apartment,apartment,195000,forsale,1090,installed,,asnew,gas,686,1,,,,,true,,,,,,10/18/22
9765591,apartment,apartment,195000,forsale,2880,,2017,,gas,,1,,,,,true,,,,1,,10/18/22
10084282,apartment,apartment,195000,forsale,8970,installed,2007,,,84,2,,,true,,true,,,1,,,10/18/22
10084277,apartment,apartment,195000,forsale,8970,installed,2007,,,80,2,,,true,,true,,,1,,,10/18/22
9622417,apartment,apartment,199000,forsale,2440,,1978,good,gas,,2,,,,,true,,,,,,10/18/22
9531001,apartment,apartment,199000,forsale,2880,,2017,,gas,,1,,,,,true,,,,,,10/18/22
9964379,apartment,apartment,199000,forsale,7370,installed,,good,gas,112,3,,,true,,true,,,1,,,10/18/22
10125647,apartment,apartment,199000,forsale,8000,installed,,tobedoneup,,267,2,,,,,,,,,,,10/18/22
9978376,apartment,apartment,205000,forsale,8820,installed,,good,gas,206,3,,,,,,,,,,,10/18/22
9973340,apartment,apartment,210000,forsale,7131,usainstalled,,asnew,gas,129,2,,,true,,true,,,,1,,10/18/22
9310277,apartment,serviceflat,215000,forsale,8670,,2015,asnew,gas,,1,,,,,,,,,,,10/18/22
10124181,apartment,apartment,219000,forsale,2900,,1973,,,191,2,,,,,,,,,,,10/18/22
9978193,apartment,apartment,220000,forsale,2170,installed,,,,197,3,,,true,,true,,,1,,,10/18/22
9714201,apartment,duplex,220000,forsale,8620,installed,1996,good,,174,2,,,,,,,,,,,10/18/22
10158334,house,house,489000,forsale,7712,,,,,172,4,430,,,,true,,,5,5,,10/18/22
10158332,house,house,249000,forsale,8792,semiequipped,,good,gas,427,3,516,,true,,,,,3,2,,10/18/22
10158327,house,villa,745000,forsale,7850,installed,1978,good,,271,4,3135,,true,2500,true,true,true,2,8,,10/18/22
10158324,apartment,flatstudio,199000,forsale,1180,installed,,,gas,242,0,,,,,true,,,,,,10/18/22
10094199,house,house,159000,forsale,2620,installed,1972,good,gas,338,3,69,,,,,,,,,,10/18/22
10158321,house,house,278532,forsale,6530,,,,,,2,210,,,,,,,,,1,10/18/22
10158313,housegroup,housegroup,199000-199000,forsale,4400,,,,,,,,,,,,,,,,1,10/18/22
10158302,apartment,apartment,230000,forsale,2018,installed,2018,asnew,gas,77,1,,,,,true,,,1,1,,10/18/22
9835277,apartment,apartment,227000,forsale,8000,,,good,,541,3,,,,,,,,,,,10/18/22
9990314,apartment,apartment,227500,forsale,8600,installed,,good,,204,2,,,true,9,,,,1,1,,10/18/22
10111676,apartment,groundfloor,228000,forsale,5030,usainstalled,,justrenovated,electric,537,3,,,,,,,,,,,10/18/22
10125390,apartment,flatstudio,229000,forsale,8660,,1960,,,141,0,,,,,,,,,,,10/18/22
9658902,apartment,apartment,230000,forsale,8670,installed,1968,good,,371,2,,,true,,,,,,,,10/18/22
10080855,apartment,apartment,233750,forsale,8370,installed,2021,,gas,,1,,,,,true,,,,,,10/18/22
10080853,apartment,apartment,233750,forsale,8370,installed,2021,,gas,,1,,,true,,true,,,,,,10/18/22
9912736,apartment,apartment,235000,forsale,2018,usahyperequipped,,justrenovated,,273,1,,,,,,,,,,,10/18/22
10080857,apartment,apartment,238875,forsale,8370,installed,2021,,gas,,1,,,,,true,,,,,,10/18/22
10055310,apartment,apartment,245000,forsale,1500,,2018,,,,1,,,,,,,,,,,10/18/22
9998221,apartment,apartment,249000,forsale,4000,installed,,good,,196,2,,,,,true,,,,,,10/18/22
10026107,apartment,apartment,249000,forsale,8430,installed,1952,good,electric,506,2,,,true,2,,,,1,,,10/18/22
10110968,apartment,apartment,249500,forsale,7190,installed,,,gas,189,2,,,,,true,,,,2,,10/18/22
9871074,apartment,apartment,260000,forsale,1040,,,tobedoneup,,383,2,,,,,,,,,,,10/18/22
9989025,apartment,apartment,265000,forsale,2600,,,asnew,gas,,2,,,,,true,,,,,,10/18/22
10040410,apartment,apartment,278000,forsale,8370,,2001,,,112,2,,,true,,true,,,,,,10/18/22
10093110,apartment,apartment,280000,forsale,1190,hyperequipped,,good,,239,2,,,,,,,,,,,10/18/22
10082742,apartment,penthouse,280000,forsale,9500,,2002,,,206,2,,,true,,,,,1,,,10/18/22
10080854,apartment,apartment,282000,forsale,8370,installed,2021,,gas,,2,,,true,,true,,,,,,10/18/22
10083262,apartment,apartment,282000,forsale,9700,,2009,asnew,gas,,2,,,,,true,,,1,,,10/18/22
10022293,apartment,apartment,299000,forsale,5030,installed,2011,good,gas,111,3,,,true,,true,,,1,1,,10/18/22
10104764,apartment,apartment,300000,forsale,1030,,,good,gas,,2,,,true,,true,,,,,,10/18/22
9929619,apartment,apartment,300000,forsale,3090,,,,,438,2,,,true,,true,,,1,,,10/18/22
10110056,apartment,groundfloor,315000,forsale,1180,usahyperequipped,,good,gas,158,1,,,,60,,,,,,,10/18/22
9994510,apartment,serviceflat,315000,forsale,3040,usahyperequipped,2019,good,gas,,1,,,,,true,,,,,,10/18/22
9555893,apartment,apartment,319000,forsale,1030,,2007,good,,183,3,,,true,,,,,1,,,10/18/22
10085545,apartment,apartment,320000,forsale,8660,,2000,asnew,,210,1,,,,,true,,,,,,10/18/22
9720447,apartment,apartment,322790,forsale,9630,installed,2022,asnew,gas,,2,,,,,true,,,,,,10/18/22
10112225,apartment,apartment,329000,forsale,9300,usahyperequipped,1998,asnew,,116,3,,,,,true,,,1,,,10/18/22
9357962,apartment,apartment,333800,forsale,6600,usainstalled,2021,asnew,gas,65,3,,,,,true,,,,,,10/18/22
10158334,house,house,489000,forsale,7712,,,,,172,4,430,,,,true,,,5,5,,10/18/22
10158332,house,house,249000,forsale,8792,semiequipped,,good,gas,427,3,516,,true,,,,,3,2,,10/18/22
10158327,house,villa,745000,forsale,7850,installed,1978,good,,271,4,3135,,true,2500,true,true,true,2,8,,10/18/22
10158324,apartment,flatstudio,199000,forsale,1180,installed,,,gas,242,0,,,,,true,,,,,,10/18/22
10094199,house,house,159000,forsale,2620,installed,1972,good,gas,338,3,69,,,,,,,,,,10/18/22
10158321,house,house,278532,forsale,6530,,,,,,2,210,,,,,,,,,1,10/18/22
10158313,housegroup,housegroup,199000-199000,forsale,4400,,,,,,,,,,,,,,,,1,10/18/22
10158302,apartment,apartment,230000,forsale,2018,installed,2018,asnew,gas,77,1,,,,,true,,,1,1,,10/18/22
10030774,apartment,groundfloor,335000,forsale,1050,usahyperequipped,,good,,387,2,,,,,true,,,,,,10/18/22
10074181,apartment,groundfloor,339000,forsale,9000,installed,,good,gas,323,2,,,,30,true,,,,,,10/18/22
9947797,apartment,apartment,345000,forsale,8370,installed,2019,,gas,,2,,,,,true,,,,,,10/18/22
10100850,apartment,apartment,360000,forsale,9000,,,good,,139,1,,,,,,,,1,,,10/18/22
10126224,apartment,groundfloor,365000,forsale,1190,,,,gas,,2,,,,200,true,,,,,,10/18/22
10101552,apartment,apartment,365000,forsale,8800,,2005,asnew,,127,2,,,,,true,,,1,,,10/18/22
10076988,apartment,groundfloor,368884,forsale,6210,hyperequipped,2022,asnew,,,2,,,,460,true,,,1,1,,10/18/22
9920639,apartment,apartment,369500,forsale,8000,hyperequipped,2021,,gas,,2,,,,,true,,,,,,10/18/22
10080856,apartment,apartment,373500,forsale,8370,installed,2021,,gas,,2,,,,,true,,,,,,10/18/22
10008796,apartment,apartment,390000,forsale,1000,installed,1966,good,gas,193,2,,,,,true,,,,,,10/18/22
10007029,apartment,apartment,390000,forsale,1050,installed,1966,good,gas,193,2,,,true,,true,,,,,,10/18/22
10069986,apartment,loft,396000,forsale,5060,installed,,good,fueloil,549,2,,,,,true,,,,3,,10/18/22
9176999,apartment,serviceflat,420000,forsale,2000,hyperequipped,2020,asnew,,,1,,,,,true,,,,,,10/18/22
10059651,apartment,apartment,435000,forsale,1050,usahyperequipped,2021,asnew,gas,45,1,,,true,,,,,,1,,10/18/22
10125425,apartment,apartment,435000,forsale,9000,,2016,,,125,3,,,,,,,,1,,,10/18/22
10111715,apartment,apartment,439000,forsale,8670,installed,1999,,,447,3,,,,,true,,,,,,10/18/22
9872880,apartment,apartment,439500,forsale,9000,installed,,good,gas,244,2,,,,,true,,,1,,,10/18/22
10086407,apartment,apartment,445000,forsale,9000,,2006,,,114,2,,,,,true,,,,1,,10/18/22
10033576,apartment,groundfloor,450000,forsale,1180,hyperequipped,2022,good,gas,,2,,,true,314,true,,,,1,,10/18/22
10076989,apartment,duplex,465648,forsale,6210,semiequipped,,asnew,,,3,,,,231,true,true,,,1,,10/18/22
9965599,apartment,apartment,475000,forsale,8020,installed,1978,good,fueloil,243,4,,,,,,,,,,,10/18/22
10095900,apartment,loft,495000,forsale,1785,,1870,asnew,,48,2,,,true,,,,,,1,,10/18/22
9914240,apartment,apartment,495000,forsale,9840,installed,2018,good,,133,2,,,true,,,,,2,,,10/18/22
10086546,apartment,duplex,595000,forsale,1050,hyperequipped,,asnew,,143,3,,,true,,true,,,1,,,10/18/22
10035749,apartment,apartment,695000,forsale,8300,,,asnew,electric,,2,,,true,,true,,,,,,10/18/22
10099766,apartment,apartment,750000,forsale,9900,,1989,,gas,,0,,,,,,,,,,,10/18/22
10038520,apartment,apartment,825000,forsale,8300,hyperequipped,2017,asnew,gas,66,3,,,true,,true,,,2,2,,10/18/22
10091713,apartment,apartment,840000,forsale,2018,,1970,good,electric,,0,,,,,,,,,,,10/18/22
10065391,apartment,groundfloor,980000,forsale,8300,,2004,good,gas,,1,,,,,,,,,,,10/18/22
10080071,apartment,apartment,995000,forsale,8300,hyperequipped,1999,asnew,gas,112,2,,,true,,,,,,,,10/18/22
10158334,house,house,489000,forsale,7712,,,,,172,4,430,,,,true,,,5,5,,10/18/22
10158332,house,house,249000,forsale,8792,semiequipped,,good,gas,427,3,516,,true,,,,,3,2,,10/18/22
10158327,house,villa,745000,forsale,7850,installed,1978,good,,271,4,3135,,true,2500,true,true,true,2,8,,10/18/22
10158324,apartment,flatstudio,199000,forsale,1180,installed,,,gas,242,0,,,,,true,,,,,,10/18/22
10094199,house,house,159000,forsale,2620,installed,1972,good,gas,338,3,69,,,,,,,,,,10/18/22
10158321,house,house,278532,forsale,6530,,,,,,2,210,,,,,,,,,1,10/18/22
10158313,housegroup,housegroup,199000-199000,forsale,4400,,,,,,,,,,,,,,,,1,10/18/22
10158302,apartment,apartment,230000,forsale,2018,installed,2018,asnew,gas,77,1,,,,,true,,,1,1,,10/18/22
10097649,apartment,duplex,999000,forsale,8420,,,asnew,,129.18,3,,,true,,true,,,1,,,10/18/22
9635967,apartment,apartment,1045000,forsale,8300,installed,2005,,gas,,2,,,,,true,,,,,,10/18/22
10082239,apartment,apartment,1950000,forsale,1180,,2022,asnew,gas,4884,3,,,true,,true,,,2,,,10/18/22
10047305,apartment,penthouse,2475000,forsale,2000,usahyperequipped,1976,asnew,,202,3,,,true,,true,true,,2,2,,10/18/22
10052418,apartment,duplex,4950000,forsale,3960,installed,2007,good,gas,,4,,,,,true,,,3,3,,10/18/22
10145997,apartment,groundfloor,269000,forsale,1070,hyperequipped,1850,good,gas,237,2,,,,,true,,,,,,10/18/22
10132390,apartment,apartment,185000,forsale,1020,installed,1950,tobedoneup,gas,612,1,,,true,,true,,,1,,,10/18/22
10149295,apartment,apartment,229500,forsale,1480,hyperequipped,2022,,gas,,1,,,,,true,,,,1,1,10/18/22
10149243,apartment,apartment,234500,forsale,1480,hyperequipped,2022,,gas,,1,,,,,true,,,,1,1,10/18/22
10149308,apartment,apartment,239000,forsale,1480,hyperequipped,2022,,gas,,1,,,,,true,,,,1,1,10/18/22
10149381,apartment,apartment,239000,forsale,6183,hyperequipped,2022,,gas,,2,,,,25,true,,,,1,1,10/18/22
10149299,apartment,apartment,269000,forsale,1480,hyperequipped,2022,,gas,,2,,,,,true,,,,1,1,10/18/22
10149247,apartment,apartment,269000,forsale,1480,hyperequipped,2022,,gas,,2,,,,,true,,,,1,1,10/18/22
10149311,apartment,apartment,275000,forsale,1480,hyperequipped,2022,,gas,,2,,,,,true,,,,1,1,10/18/22
10149304,apartment,apartment,289000,forsale,1480,hyperequipped,2022,,gas,,2,,,,,true,,,,1,1,10/18/22
10149286,apartment,apartment,289000,forsale,1480,hyperequipped,2022,,gas,,2,,,,,true,,,,1,1,10/18/22
10148811,apartment,apartment,289000,forsale,2230,,,asnew,,,2,,,,,true,,,,,1,10/18/22
10149324,apartment,apartment,295000,forsale,1480,hyperequipped,2022,,gas,,2,,,,,true,,,,1,1,10/18/22
10149317,apartment,apartment,299000,forsale,1480,hyperequipped,2022,,gas,,3,,,,,true,,,,1,1,10/18/22
10149302,apartment,apartment,299000,forsale,1480,hyperequipped,2022,,gas,,3,,,,,true,,,,1,1,10/18/22
10149251,apartment,apartment,299000,forsale,1480,hyperequipped,2022,,gas,,3,,,,,true,,,,1,1,10/18/22
10146955,apartment,apartment,299000,forsale,2018,,,good,gas,161,3,,,,,,,,,,,10/18/22
10134439,apartment,apartment,125000,forsale,7000,hyperequipped,,justrenovated,fueloil,262,2,,,true,,,,,,,,10/18/22
9954027,apartment,apartment,227500,forsale,8301,,1992,,,107,2,,,,,true,,,1,,,10/18/22
10157393,apartmentgroup,apartmentgroup,5000-457200,forsale,1785,,,,,,,,,,,,,,9,27,1,10/18/22
10154844,apartment,apartment,609000,forsale,2000,hyperequipped,2023,asnew,,,2,,,,,true,true,,,,1,10/18/22
10151601,apartment,apartment,195000,forsale,1030,semiequipped,,good,gas,,2,,,,,,,,,,,10/18/22
10151544,apartment,apartment,219500,forsale,3000,,,asnew,,305,1,,,,,,,,,,,10/18/22
10153428,apartment,apartment,275000,forsale,1600,hyperequipped,,asnew,fueloil,161,2,,,,,,,,1,,,10/18/22
10153081,apartment,apartment,275000,forsale,1602,hyperequipped,,asnew,fueloil,161,2,,,,,,,,1,,,10/18/22
10158334,house,house,489000,forsale,7712,,,,,172,4,430,,,,true,,,5,5,,10/18/22
10158332,house,house,249000,forsale,8792,semiequipped,,good,gas,427,3,516,,true,,,,,3,2,,10/18/22
10158327,house,villa,745000,forsale,7850,installed,1978,good,,271,4,3135,,true,2500,true,true,true,2,8,,10/18/22
10158324,apartment,flatstudio,199000,forsale,1180,installed,,,gas,242,0,,,,,true,,,,,,10/18/22
10094199,house,house,159000,forsale,2620,installed,1972,good,gas,338,3,69,,,,,,,,,,10/18/22
10158321,house,house,278532,forsale,6530,,,,,,2,210,,,,,,,,,1,10/18/22
10158313,housegroup,housegroup,199000-199000,forsale,4400,,,,,,,,,,,,,,,,1,10/18/22
10158302,apartment,apartment,230000,forsale,2018,installed,2018,asnew,gas,77,1,,,,,true,,,1,1,,10/18/22
10152684,apartment,apartment,283000,forsale,8020,installed,2021,good,,,2,,,,115,true,,,,1,,10/18/22
10154029,apartment,apartment,299000,forsale,8460,installed,2018,asnew,,,2,,,,49,,,,,,,10/18/22
10152586,apartment,apartment,329000,forsale,2018,hyperequipped,,,gas,,2,,,true,,true,,,,,,10/18/22
8561819,apartment,apartment,160370,forsale,3670,,2016,,gas,,1,,,,,true,,,,,1,10/18/22
8544654,apartment,apartment,160370,forsale,3670,,2016,,gas,,1,,,,,true,,,,,1,10/18/22
8562846,apartment,apartment,165807,forsale,3670,,2016,,gas,,1,,,,,true,,,,,1,10/18/22
8561817,apartment,apartment,168524,forsale,3670,,2016,,gas,,1,,,,,true,,,,,1,10/18/22
8542175,apartment,apartment,168524,forsale,3670,,2016,,gas,,1,,,,,true,,,,,1,10/18/22
8544653,apartment,apartment,174118,forsale,3670,,2016,,gas,,1,,,,,true,,,,,1,10/18/22
9857482,apartment,apartment,179000,forsale,4630,,2021,asnew,,,1,,,,,true,,,1,1,1,10/18/22
8562862,apartment,apartment,180209,forsale,3670,,2016,,gas,,1,,,,,true,,,,,1,10/18/22
8562847,apartment,apartment,183383,forsale,3670,,2016,,gas,,1,,,,,true,,,,,1,10/18/22
8562845,apartment,apartment,195870,forsale,3670,,2016,,gas,,1,,,,,true,,,,,1,10/18/22
8561818,apartment,apartment,195870,forsale,3670,,2016,,gas,,1,,,,,true,,,,,1,10/18/22
10014639,apartment,apartment,215000,forsale,8600,installed,2021,,gas,,2,,,,,true,,,,,1,10/18/22
10138490,apartment,apartment,219000,forsale,1070,usahyperequipped,1955,good,gas,252,2,,,true,,true,,,,,,10/18/22
9616255,apartment,apartment,224000,forsale,1490,hyperequipped,,asnew,gas,,1,,,true,,true,,,1,,1,10/18/22
9969439,apartment,apartment,225700,forsale,3271,,2022,asnew,gas,,2,,,,,true,,,18,18,1,10/18/22
8562848,apartment,apartment,236800,forsale,3670,,2016,,gas,,2,,,,,true,,,,,1,10/18/22
10054118,apartment,apartment,239000,forsale,9140,hyperequipped,2021,,,,2,,,,,true,,,,,1,10/18/22
10054117,apartment,apartment,239000,forsale,9140,hyperequipped,2021,,,,2,,,,,true,,,,,1,10/18/22
9999015,apartment,apartment,245000,forsale,8870,,2019,,,,2,,,,,true,,,,,1,10/18/22
10060278,apartment,apartment,259500,forsale,8840,usainstalled,2022,,gas,,3,,,,,true,,,,,1,10/18/22
9478814,apartment,apartment,265000,forsale,1000,installed,2020,,gas,,1,,,true,,true,,,29,29,1,10/18/22
10002936,apartment,apartment,269000,forsale,8870,,2019,,,,3,,,,,true,,,,,1,10/18/22
10099540,apartment,duplex,270000,forsale,5560,,2022,asnew,gas,,5,,,,,true,true,,,2,1,10/18/22
10087553,apartment,apartment,277500,forsale,8820,usahyperequipped,2023,asnew,gas,,2,,,,25,true,,,17,17,1,10/18/22
10090777,apartment,groundfloor,295000,forsale,9255,,2022,asnew,gas,,2,,,,,true,,,,,1,10/18/22
9639340,apartment,apartment,299000,forsale,9140,hyperequipped,2020,,,,3,,,,,true,,,,14,1,10/18/22
9505301,apartment,apartment,310000,forsale,7090,installed,2021,,,99,3,,,true,,true,,,,,1,10/18/22
10158334,house,house,489000,forsale,7712,,,,,172,4,430,,,,true,,,5,5,,10/18/22
10158332,house,house,249000,forsale,8792,semiequipped,,good,gas,427,3,516,,true,,,,,3,2,,10/18/22
10158327,house,villa,745000,forsale,7850,installed,1978,good,,271,4,3135,,true,2500,true,true,true,2,8,,10/18/22
10158324,apartment,flatstudio,199000,forsale,1180,installed,,,gas,242,0,,,,,true,,,,,,10/18/22
10094199,house,house,159000,forsale,2620,installed,1972,good,gas,338,3,69,,,,,,,,,,10/18/22
10158321,house,house,278532,forsale,6530,,,,,,2,210,,,,,,,,,1,10/18/22
10158313,housegroup,housegroup,199000-199000,forsale,4400,,,,,,,,,,,,,,,,1,10/18/22
10158302,apartment,apartment,230000,forsale,2018,installed,2018,asnew,gas,77,1,,,,,true,,,1,1,,10/18/22
9505300,apartment,apartment,320000,forsale,7090,installed,2021,,,99,3,,,true,,true,,,,,1,10/18/22
9969446,apartment,apartment,323000,forsale,3271,,2022,asnew,gas,,2,,,,,true,,,18,18,1,10/18/22
10129055,apartment,penthouse,348000,forsale,3270,installed,2022,good,gas,,2,,,true,,true,,,1,,1,10/18/22
9928608,apartment,triplex,349000,forsale,3140,installed,2001,good,gas,169,3,,,,,,,,1,,1,10/18/22
9966974,apartment,apartment,354500,forsale,3271,,2022,asnew,gas,,3,,,,,true,,,18,18,1,10/18/22
9708081,apartment,loft,355000,forsale,9160,,2020,asnew,gas,,2,,,,,,,,1,,1,10/18/22
10117663,apartment,apartment,359000,forsale,9420,installed,,,gas,,2,,,,,true,,,,,1,10/18/22
9888264,apartment,serviceflat,365000,forsale,9000,,2014,,gas,,2,,,,,true,,,,,1,10/18/22
9993681,apartment,apartment,420000,forsale,3012,installed,2022,,,,2,,,,,true,true,,1,1,1,10/18/22
9532830,apartment,penthouse,437019,forsale,8770,,2020,good,,,3,,,true,,true,,,,1,1,10/18/22
9993682,apartment,apartment,445000,forsale,3012,installed,2022,,,,2,,,,,true,true,,1,1,1,10/18/22
9625974,apartment,apartment,455000,forsale,9880,hyperequipped,,asnew,,,2,,,,,true,true,,,,1,10/18/22
9732531,apartment,triplex,475000,forsale,4000,,2020,asnew,gas,,3,,,,,,true,,,,1,10/18/22
10096515,apartment,duplex,490000,forsale,1970,,,,,,3,,,,,true,,,,,1,10/18/22
9998866,apartment,apartment,515000,forsale,1332,usahyperequipped,2022,asnew,gas,,3,,,true,,,,,2,,1,10/18/22
8440718,apartment,penthouse,595000,forsale,4000,,2020,asnew,,,3,,,,,true,,,,,1,10/18/22
10012309,apartment,apartment,825000,forsale,8300,installed,2023,,gas,,2,,,true,,true,true,,,,1,10/18/22
9244753,apartment,apartment,880200,forsale,3800,installed,2021,,,,3,,,,,true,,,,,1,10/18/22
9244752,apartment,apartment,880200,forsale,3800,installed,2021,,,,3,,,,,true,,,,,1,10/18/22
10139124,apartment,apartment,995000,forsale,8300,usahyperequipped,,asnew,,112,2,,,,,,,,,,,10/18/22
9723420,apartment,apartment,2850000,forsale,8300,usahyperequipped,2023,good,gas,,4,,,true,,true,,,,,1,10/18/22
10143724,apartment,penthouse,430000,forsale,1500,installed,2022,,,,3,,,true,,true,,,,,,10/18/22
10143190,apartment,apartment,580000,forsale,2000,hyperequipped,2018,,gas,86,1,,,true,,true,true,,1,1,,10/18/22
10144820,apartment,apartment,675000,forsale,8300,,1958,,,98,2,,,,,,,,,,,10/18/22
10133164,apartment,apartment,699000,forsale,2000,hyperequipped,,asnew,gas,,2,,,true,,true,true,,,,1,10/18/22
10147729,apartment,apartment,185000,forsale,1090,installed,1968,asnew,gas,96,2,,,,,true,,,,,,10/18/22
10130165,apartment,apartment,140000,forsale,3300,,,asnew,,591,1,,,,,,,,,,,10/18/22
10131112,apartment,apartment,165000,forsale,7300,,,,gas,192,2,,,true,,,,,,1,,10/18/22
10088917,apartment,apartment,179000,forsale,1090,hyperequipped,1936,asnew,gas,,1,,,true,,,,,,,,10/18/22
10130366,apartment,groundfloor,195000,forsale,1640,semiequipped,,torenovate,gas,318,1,,,,13,,,,,1,,10/18/22
10158334,house,house,489000,forsale,7712,,,,,172,4,430,,,,true,,,5,5,,10/18/22
10158332,house,house,249000,forsale,8792,semiequipped,,good,gas,427,3,516,,true,,,,,3,2,,10/18/22
10158327,house,villa,745000,forsale,7850,installed,1978,good,,271,4,3135,,true,2500,true,true,true,2,8,,10/18/22
10158324,apartment,flatstudio,199000,forsale,1180,installed,,,gas,242,0,,,,,true,,,,,,10/18/22
10094199,house,house,159000,forsale,2620,installed,1972,good,gas,338,3,69,,,,,,,,,,10/18/22
10158321,house,house,278532,forsale,6530,,,,,,2,210,,,,,,,,,1,10/18/22
10158313,housegroup,housegroup,199000-199000,forsale,4400,,,,,,,,,,,,,,,,1,10/18/22
10158302,apartment,apartment,230000,forsale,2018,installed,2018,asnew,gas,77,1,,,,,true,,,1,1,,10/18/22
10131644,apartment,apartment,207500,forsale,2900,,1976,,gas,,2,,,,,true,,,1,,,10/18/22
10069709,apartment,loft,250000,forsale,2900,installed,1938,good,fueloil,,2,,,,1,true,true,,,2,,10/18/22
10130718,apartment,apartment,300000,forsale,1180,,,good,gas,218,2,,,,,true,,,,,,10/18/22
10147651,apartment,apartment,229500,forsale,1480,hyperequipped,2022,,gas,,1,,,,,true,,,,1,1,10/18/22
10147569,apartment,apartment,229500,forsale,1480,hyperequipped,2022,,gas,,1,,,,,true,,,,1,1,10/18/22
10147486,apartment,apartment,229500,forsale,1480,hyperequipped,2022,,gas,,1,,,,,true,,,1,,1,10/18/22
10147539,apartment,apartment,239000,forsale,1480,hyperequipped,2022,,gas,,1,,,,,true,,,,1,1,10/18/22
10147670,apartment,apartment,269000,forsale,1480,hyperequipped,2022,,gas,,2,,,,,true,,,,1,1,10/18/22
10147572,apartment,apartment,269000,forsale,1480,hyperequipped,2022,,gas,,2,,,,,true,,,,1,1,10/18/22
10147540,apartment,apartment,269000,forsale,1480,hyperequipped,2022,,gas,,2,,,,,true,,,,1,1,10/18/22
10147526,apartment,apartment,269000,forsale,1480,hyperequipped,2022,,gas,,2,,,,,true,,,,1,1,10/18/22
10147691,apartment,apartment,289000,forsale,1480,hyperequipped,2022,,gas,,2,,,,,true,,,,1,1,10/18/22
10147644,apartment,apartment,289000,forsale,1480,hyperequipped,2022,,gas,,2,,,,,true,,,,1,1,10/18/22
10147581,apartment,apartment,289000,forsale,1480,hyperequipped,2022,,gas,,2,,,,,true,,,,1,1,10/18/22
10147537,apartment,apartment,289000,forsale,1480,hyperequipped,2022,,gas,,2,,,,,true,,,,1,1,10/18/22
10147512,apartment,apartment,289000,forsale,1480,hyperequipped,2022,,gas,,2,,,,,true,,,,1,1,10/18/22
10147687,apartment,apartment,295000,forsale,1480,hyperequipped,2022,,gas,,3,,,,,true,,,,1,1,10/18/22
10147565,apartment,apartment,295000,forsale,1480,hyperequipped,2022,,gas,,2,,,,,true,,,,1,1,10/18/22
10147576,apartment,apartment,299000,forsale,1480,hyperequipped,2022,,gas,,3,,,,,true,,,,1,1,10/18/22
10147559,apartment,apartment,299000,forsale,1480,hyperequipped,2022,,gas,,3,,,,,true,,,,1,1,10/18/22
10147532,apartment,apartment,299000,forsale,1480,hyperequipped,2022,,gas,,3,,,,,true,,,,1,1,10/18/22
10147635,apartment,apartment,305000,forsale,1480,hyperequipped,2022,,gas,,2,,,,,true,,,,1,1,10/18/22
10147508,apartment,apartment,319000,forsale,1480,hyperequipped,2022,,gas,,3,,,,,true,,,,1,1,10/18/22
10147640,apartment,apartment,325000,forsale,1480,hyperequipped,2022,,gas,,3,,,,,true,,,,1,1,10/18/22
10147582,apartment,penthouse,455000,forsale,1480,hyperequipped,2022,,gas,,3,,,,,true,,,,1,1,10/18/22
10147587,apartment,penthouse,499000,forsale,1480,hyperequipped,2022,,gas,,3,,,,,true,,,,1,1,10/18/22
10154972,apartmentgroup,apartmentgroup,268000-347900,forsale,2820,,,,,,,,,,,,,,,,1,10/18/22
10148564,apartment,apartment,229000,forsale,2610,,,,,192,2,,,true,,true,,,1,,,10/18/22
10148688,apartment,apartment,285000,forsale,2610,,,good,,208,1,,,,,true,,,,,,10/18/22
10136245,apartment,apartment,245000,forsale,1000,usainstalled,,justrenovated,gas,219,1,,,true,,,,,,,,10/18/22
10158334,house,house,489000,forsale,7712,,,,,172,4,430,,,,true,,,5,5,,10/18/22
10158332,house,house,249000,forsale,8792,semiequipped,,good,gas,427,3,516,,true,,,,,3,2,,10/18/22
10158327,house,villa,745000,forsale,7850,installed,1978,good,,271,4,3135,,true,2500,true,true,true,2,8,,10/18/22
10158324,apartment,flatstudio,199000,forsale,1180,installed,,,gas,242,0,,,,,true,,,,,,10/18/22
10094199,house,house,159000,forsale,2620,installed,1972,good,gas,338,3,69,,,,,,,,,,10/18/22
10158321,house,house,278532,forsale,6530,,,,,,2,210,,,,,,,,,1,10/18/22
10158313,housegroup,housegroup,199000-199000,forsale,4400,,,,,,,,,,,,,,,,1,10/18/22
10158302,apartment,apartment,230000,forsale,2018,installed,2018,asnew,gas,77,1,,,,,true,,,1,1,,10/18/22
10060894,apartment,apartment,470000,forsale,8380,,,justrenovated,gas,,2,,,true,,true,,,,,,10/18/22
10140350,apartment,apartment,100000,forsale,8800,,1970,asnew,,105,1,,,,,,,,,,,10/18/22
10141377,apartment,apartment,148000,forsale,6060,hyperequipped,1968,,fueloil,181,2,,,,,true,,,1,,,10/18/22
10141059,apartment,apartment,148500,forsale,9200,,,good,,195,2,,,,,true,,,,1,,10/18/22
10142262,apartment,apartment,175000,forsale,6000,,,good,electric,443,3,,,,,true,,,,,,10/18/22
10141376,apartment,apartment,198000,forsale,6000,installed,1992,,gas,133,2,,,true,,true,,,1,,,10/18/22
10142363,apartment,apartment,199000,forsale,8310,installed,,good,gas,258,3,,,,,true,,,1,,,10/18/22
10140396,apartment,apartment,315000,forsale,9850,,2020,,,50,2,,,,,true,,,,,,10/18/22
10020037,apartment,groundfloor,75000,forsale,6141,notinstalled,,torenovate,,267,1,,,,,,,,,,,10/18/22
10088588,apartment,flatstudio,89000,forsale,8434,,1977,,electric,302,0,,,,,,,,,,,10/18/22
9299047,apartment,apartment,95000,forsale,8370,,1999,good,electric,203,2,,,,,,,,,,,10/18/22
9869236,apartment,apartment,100000,forsale,5537,,,torenovate,fueloil,434,2,,,,,true,,,,,,10/18/22
9828729,apartment,apartment,119000,forsale,8790,,2009,tobedoneup,,141,1,,,,,,,,,,,10/18/22
10055910,apartment,flatstudio,125000,forsale,2060,hyperequipped,,good,gas,199,0,,,,,,,,,,,10/18/22
10099031,apartment,flatstudio,127500,forsale,2000,,1999,good,electric,246,0,,,,,,,,,,,10/18/22
10087956,apartment,apartment,129500,forsale,8620,,1976,asnew,gas,134,1,,,,,true,,,,,,10/18/22
9968403,apartment,flatstudio,130000,forsale,1090,,1977,,gas,384,0,,,,,,,,,,,10/18/22
9812376,apartment,apartment,135000,forsale,7080,,,,gas,230,1,,,true,,,,,,1,,10/18/22
9950674,apartment,apartment,135000,forsale,7120,installed,,justrenovated,gas,359,1,,,,,true,,,1,,,10/18/22
10053520,apartment,flatstudio,145000,forsale,8670,,1967,good,,294,0,,,,,,,,,,,10/18/22
10117404,apartment,flatstudio,150000,forsale,1300,usainstalled,1990,good,electric,216,0,,,,,,,,1,,,10/18/22
9880199,apartment,serviceflat,152720,forsale,9990,installed,,asnew,gas,,1,,,,,,,,,1,,10/18/22
10021276,apartment,flatstudio,155000,forsale,8370,,1970,good,gas,164,0,,,,,true,,,,,,10/18/22
9833280,apartment,serviceflat,157220,forsale,9990,installed,,asnew,gas,,1,,,,,,,,,1,,10/18/22
9944900,apartment,flatstudio,159000,forsale,8200,,1978,,gas,162,0,,,,,,,,1,1,,10/18/22
10118925,apartment,apartment,165000,forsale,9800,notinstalled,1994,,electric,303,2,,,,,,,,,,,10/18/22
9997950,apartment,apartment,169000,forsale,1420,,1933,tobedoneup,gas,905,1,,,,,,,,,,,10/18/22
10051047,apartment,duplex,169000,forsale,6820,installed,1850,,,101,2,,,true,,true,,,,1,,10/18/22
9763753,apartment,duplex,169000,forsale,6820,installed,1850,,,117,2,,,true,15,,,,,1,,10/18/22
9583461,apartment,serviceflat,172220,forsale,9990,installed,,asnew,gas,,1,,,,,,,,,1,,10/18/22
10158334,house,house,489000,forsale,7712,,,,,172,4,430,,,,true,,,5,5,,10/18/22
10158332,house,house,249000,forsale,8792,semiequipped,,good,gas,427,3,516,,true,,,,,3,2,,10/18/22
10158327,house,villa,745000,forsale,7850,installed,1978,good,,271,4,3135,,true,2500,true,true,true,2,8,,10/18/22
10158324,apartment,flatstudio,199000,forsale,1180,installed,,,gas,242,0,,,,,true,,,,,,10/18/22
10094199,house,house,159000,forsale,2620,installed,1972,good,gas,338,3,69,,,,,,,,,,10/18/22
10158321,house,house,278532,forsale,6530,,,,,,2,210,,,,,,,,,1,10/18/22
10158313,housegroup,housegroup,199000-199000,forsale,4400,,,,,,,,,,,,,,,,1,10/18/22
10158302,apartment,apartment,230000,forsale,2018,installed,2018,asnew,gas,77,1,,,,,true,,,1,1,,10/18/22
10071643,apartment,flatstudio,175000,forsale,3001,,1973,good,fueloil,185,0,,,,,true,,,,,,10/18/22
10051046,apartment,apartment,179000,forsale,6820,installed,1850,,,263,2,,,true,50,,,,,1,,10/18/22
10099578,apartment,apartment,185000,forsale,6940,installed,2006,good,fueloil,166,2,,,,290,,,,1,1,,10/18/22
10099577,apartment,apartment,185000,forsale,6940,installed,2006,good,fueloil,166,2,,,,131,,,,1,1,,10/18/22
10099576,apartment,apartment,185000,forsale,6940,installed,2006,good,fueloil,244,2,,,,131,,,,1,1,,10/18/22
10120642,apartment,apartment,185000,forsale,8370,,1977,asnew,,242,1,,,,,true,,,,1,,10/18/22
10098850,apartment,apartment,198000,forsale,8520,,1977,justrenovated,,307,2,,,,,true,,,1,,,10/18/22
10027289,apartment,apartment,199000,forsale,2100,installed,1974,good,gas,176,2,,,,,,,,,,,10/18/22
10110109,apartment,apartment,199000,forsale,8434,,1968,,gas,412,2,,,true,,true,,,,,,10/18/22
10129287,apartment,groundfloor,199500,forsale,3630,installed,2022,asnew,gas,,2,,,,35,true,,,,2,,10/18/22
10049102,apartment,flatstudio,210000,forsale,3000,,,asnew,,490,1,,,,,true,,,,,,10/18/22
10007065,apartment,apartment,212769,forsale,3630,installed,2022,asnew,gas,,2,,,,,,,,,,,10/18/22
9989026,apartment,apartment,215000,forsale,2600,,,good,,108,2,,,,,,,,,,,10/18/22
9952825,apartment,apartment,215000,forsale,8370,,2017,,,37,1,,,,,true,,,,,,10/18/22
10007064,apartment,apartment,215702,forsale,3630,installed,2022,asnew,gas,,2,,,,,,,,,,,10/18/22
8999749,apartment,apartment,218500,forsale,9990,installed,,asnew,gas,,2,,,,25,,,,,1,,10/18/22
9993457,apartment,apartment,225000,forsale,1090,installed,,good,gas,747,2,,,,,true,,,,,,10/18/22
9948579,apartment,groundfloor,225000,forsale,4802,semiequipped,,good,gas,,2,,,,,true,true,,,2,,10/18/22
9744381,apartment,apartment,225000,forsale,8020,,1980,,,413,1,,,true,,,,,,1,,10/18/22
9995534,apartment,apartment,229000,forsale,1070,hyperequipped,1967,asnew,fueloil,178,2,,,true,,true,,,,,,10/18/22
10129882,apartment,apartment,230000,forsale,2650,installed,,good,gas,,3,,,true,,,,,1,,,10/18/22
10073037,apartment,apartment,230000,forsale,4000,installed,,justrenovated,gas,,3,,,true,74,true,,,2,,,10/18/22
9998295,apartment,apartment,231000,forsale,8434,installed,,good,,,1,,,,,,,,,,,10/18/22
10081415,apartment,apartment,235000,forsale,2600,,,good,,115,2,,,,,true,,,,,,10/18/22
9991795,apartment,apartment,239000,forsale,8480,,2021,good,,,2,,,,,,,,,,,10/18/22
9980828,apartment,apartment,247000,forsale,3620,,2015,,gas,127,2,,true,,,,,,,,,10/18/22
10022270,apartment,apartment,254000,forsale,6222,notinstalled,,,gas,,1,,,true,,true,,,1,1,,10/18/22
10096056,apartment,apartment,259000,forsale,1020,hyperequipped,1930,asnew,gas,,2,,,true,,true,,,,,,10/18/22
10093977,apartment,apartment,259000,forsale,8400,hyperequipped,1964,good,gas,,2,,,,,true,,,,,,10/18/22
10023501,apartment,apartment,264000,forsale,3640,,2022,asnew,,,2,,,true,,true,,,1,1,,10/18/22
10158334,house,house,489000,forsale,7712,,,,,172,4,430,,,,true,,,5,5,,10/18/22
10158332,house,house,249000,forsale,8792,semiequipped,,good,gas,427,3,516,,true,,,,,3,2,,10/18/22
10158327,house,villa,745000,forsale,7850,installed,1978,good,,271,4,3135,,true,2500,true,true,true,2,8,,10/18/22
10158324,apartment,flatstudio,199000,forsale,1180,installed,,,gas,242,0,,,,,true,,,,,,10/18/22
10094199,house,house,159000,forsale,2620,installed,1972,good,gas,338,3,69,,,,,,,,,,10/18/22
10158321,house,house,278532,forsale,6530,,,,,,2,210,,,,,,,,,1,10/18/22
10158313,housegroup,housegroup,199000-199000,forsale,4400,,,,,,,,,,,,,,,,1,10/18/22
10158302,apartment,apartment,230000,forsale,2018,installed,2018,asnew,gas,77,1,,,,,true,,,1,1,,10/18/22
10012695,apartment,apartment,265000,forsale,2070,,2007,,gas,170,2,,,,40,true,,,1,2,,10/18/22
10010605,apartment,apartment,265000,forsale,8620,,2005,asnew,electric,436,2,,,,,true,,,,,,10/18/22
9991796,apartment,apartment,266000,forsale,8480,,2021,good,,,2,,,,,,,,,,,10/18/22
9991794,apartment,apartment,268000,forsale,8480,,2021,good,,,2,,,,,,,,,,,10/18/22
10084976,apartment,apartment,270000,forsale,1070,usahyperequipped,2016,asnew,gas,59,2,,,true,,true,,,,1,,10/18/22
10007067,apartment,apartment,274810,forsale,3630,installed,2022,asnew,gas,,2,,,,,,,,,,,10/18/22
10032880,apartment,duplex,275000,forsale,1500,,2004,good,electric,333,3,,,,,true,true,,,,,10/18/22
10083625,apartment,apartment,275000,forsale,2018,,1983,,gas,73,1,,,,,true,,,1,1,,10/18/22
10007854,apartment,flatstudio,275000,forsale,3000,,,justrenovated,,106,0,,,,,true,,,,,,10/18/22
9312844,apartment,apartment,275000,forsale,3500,hyperequipped,,justrenovated,gas,,3,,,,,true,,,,,,10/18/22
10022268,apartment,apartment,278400,forsale,6222,notinstalled,,,gas,,2,,,true,,true,,,1,1,,10/18/22
10128252,apartment,apartment,279000,forsale,1600,usahyperequipped,1987,justrenovated,electric,208,2,,,,,true,,,,,,10/18/22
9944764,apartment,apartment,281000,forsale,8630,installed,2022,asnew,gas,,1,,,,,true,,,,,,10/18/22
10022267,apartment,apartment,284000,forsale,6222,notinstalled,,,gas,,2,,,true,,true,,,1,1,,10/18/22
10119514,apartment,apartment,285000,forsale,3000,,,,gas,311,2,,,true,,,,,,,,10/18/22
9781436,apartment,serviceflat,285000,forsale,8700,,2016,good,,83.95,2,,,true,,,,,,,,10/18/22
10109781,apartment,apartment,286000,forsale,2431,hyperequipped,2022,asnew,gas,,2,,,,296,true,,,,,,10/18/22
10094419,apartment,apartment,287600,forsale,9990,,,asnew,gas,109,2,,,,,true,,,,,,10/18/22
10022271,apartment,apartment,288000,forsale,6222,notinstalled,,,gas,,2,,,true,,true,,,1,1,,10/18/22
10105744,apartment,groundfloor,289000,forsale,2930,,2018,asnew,gas,96,2,,,,93,true,,,,1,,10/18/22
10101139,apartment,apartment,289000,forsale,8670,,1951,,gas,408,2,,,true,,true,,,,1,,10/18/22
9898376,apartment,serviceflat,295000,forsale,9200,hyperequipped,2021,asnew,gas,,1,,,,,true,,,,,,10/18/22
10007066,apartment,penthouse,296068,forsale,3630,installed,2022,asnew,gas,,2,,,,,,,,,,,10/18/22
9942999,apartment,apartment,299000,forsale,9290,,2022,asnew,gas,14,2,,,,,true,,,,1,,10/18/22
10022269,apartment,apartment,299850,forsale,6222,notinstalled,,,gas,,3,,,true,,true,,,1,1,,10/18/22
9850733,apartment,apartment,305000,forsale,9290,,2022,asnew,gas,28,2,,,,,true,,,,1,,10/18/22
9963490,apartment,apartment,310000,forsale,9290,,2022,asnew,gas,19,2,,,,,true,,,,1,,10/18/22
9998294,apartment,apartment,311000,forsale,8434,installed,,good,,,2,,,,,,,,,,,10/18/22
10096375,apartment,apartment,315000,forsale,9000,,,tobedoneup,,589,4,,,,,,,,,,,10/18/22
10092944,apartment,apartment,319000,forsale,2060,installed,,asnew,gas,151,3,,,,,true,,,,,,10/18/22
10158334,house,house,489000,forsale,7712,,,,,172,4,430,,,,true,,,5,5,,10/18/22
10158332,house,house,249000,forsale,8792,semiequipped,,good,gas,427,3,516,,true,,,,,3,2,,10/18/22
10158327,house,villa,745000,forsale,7850,installed,1978,good,,271,4,3135,,true,2500,true,true,true,2,8,,10/18/22
10158324,apartment,flatstudio,199000,forsale,1180,installed,,,gas,242,0,,,,,true,,,,,,10/18/22
10094199,house,house,159000,forsale,2620,installed,1972,good,gas,338,3,69,,,,,,,,,,10/18/22
10158321,house,house,278532,forsale,6530,,,,,,2,210,,,,,,,,,1,10/18/22
10158313,housegroup,housegroup,199000-199000,forsale,4400,,,,,,,,,,,,,,,,1,10/18/22
10158302,apartment,apartment,230000,forsale,2018,installed,2018,asnew,gas,77,1,,,,,true,,,1,1,,10/18/22
10026265,apartment,apartment,329500,forsale,9280,,2016,asnew,gas,43,2,,,,,true,,,,1,,10/18/22
9988910,apartment,groundfloor,335000,forsale,3370,usahyperequipped,,asnew,,,2,,,,66,true,,,,,,10/18/22
10093032,apartment,apartment,339000,forsale,8020,,,asnew,gas,147,3,,,,,true,true,,,,,10/18/22
9508963,apartment,apartment,342000,forsale,8850,hyperequipped,2020,,gas,,2,,,,,true,,,,,,10/18/22
10119102,apartment,apartment,345000,forsale,1348,installed,,,gas,,2,,,,,true,,,,,,10/18/22
9954879,apartment,apartment,345000,forsale,3000,installed,1990,good,,220,1,,,,,true,,,,,,10/18/22
10044917,apartment,duplex,349000,forsale,2861,,,good,gas,387,2,,,,,true,,,,,,10/18/22
10095086,apartment,apartment,350000,forsale,1190,installed,1912,good,gas,,2,,,,,true,,,,,,10/18/22
10045471,apartment,apartment,365000,forsale,8400,,2007,,electric,299,3,,,,,,,,,,,10/18/22
9944861,apartment,apartment,366000,forsale,8630,installed,2022,asnew,gas,,3,,,,,true,,,,,,10/18/22
10020586,apartment,apartment,375000,forsale,1160,,1970,good,gas,201,4,,,,,,,,1,,,10/18/22
9774092,apartment,apartment,385000,forsale,8620,,2002,asnew,electric,191,1,,,true,,true,,,,,,10/18/22
10024600,apartment,duplex,385000,forsale,9200,,,,,,3,,,,,true,,,1,,,10/18/22
10106767,apartment,apartment,395000,forsale,2000,,,,gas,246,3,,,,,,,,,,,10/18/22
10060173,apartment,apartment,395000,forsale,8620,installed,1991,good,electric,,2,,,,75,,,,1,1,,10/18/22
10004585,apartment,apartment,399000,forsale,8400,installed,2016,asnew,,,2,,,,,,,,1,,,10/18/22
9927912,apartment,apartment,400000,forsale,8420,hyperequipped,,asnew,,,3,,,,,true,,,1,,,10/18/22
10095440,apartment,apartment,415000,forsale,1050,installed,,,gas,,2,,,true,,true,,,1,,,10/18/22
10126029,apartment,apartment,415000,forsale,2600,,1956,,gas,173,3,,,,,true,,,,,,10/18/22
10071231,apartment,apartment,418750,forsale,8400,,2022,,,,2,,,,,true,,,,,,10/18/22
9976124,apartment,apartment,419000,forsale,9052,hyperequipped,2021,asnew,gas,,2,,,,,,,,,,,10/18/22
10089982,apartment,apartment,435000,forsale,2000,,2018,asnew,,115,2,,,true,,true,,,1,1,,10/18/22
10096839,apartment,apartment,439000,forsale,2000,,,good,gas,252,2,,,true,,,,,,,,10/18/22
9652087,apartment,penthouse,445000,forsale,4020,,,,,,4,,,true,,true,true,,1,,,10/18/22
10123821,apartment,apartment,449000,forsale,2950,installed,,torenovate,electric,489,3,,,,,true,,,,,,10/18/22
9911529,apartment,loft,450000,forsale,1300,installed,,good,gas,,2,,,,,,,,,,,10/18/22
9911528,apartment,kot,450000,forsale,1300,installed,,good,gas,,2,,,,,,,,,,,10/18/22
9911527,apartment,penthouse,450000,forsale,1300,installed,,good,gas,,2,,,,,,,,,,,10/18/22
9911526,apartment,apartment,450000,forsale,1300,installed,,good,gas,,2,,,,,,,,,,,10/18/22
9764643,apartment,apartment,467500,forsale,8000,installed,2019,asnew,gas,,2,,,,,true,,,,,,10/18/22
10158334,house,house,489000,forsale,7712,,,,,172,4,430,,,,true,,,5,5,,10/18/22
10158332,house,house,249000,forsale,8792,semiequipped,,good,gas,427,3,516,,true,,,,,3,2,,10/18/22
10158327,house,villa,745000,forsale,7850,installed,1978,good,,271,4,3135,,true,2500,true,true,true,2,8,,10/18/22
10158324,apartment,flatstudio,199000,forsale,1180,installed,,,gas,242,0,,,,,true,,,,,,10/18/22
10094199,house,house,159000,forsale,2620,installed,1972,good,gas,338,3,69,,,,,,,,,,10/18/22
10158321,house,house,278532,forsale,6530,,,,,,2,210,,,,,,,,,1,10/18/22
10158313,housegroup,housegroup,199000-199000,forsale,4400,,,,,,,,,,,,,,,,1,10/18/22
10158302,apartment,apartment,230000,forsale,2018,installed,2018,asnew,gas,77,1,,,,,true,,,1,1,,10/18/22
10118987,apartment,duplex,475000,forsale,8670,,1990,,electric,365,3,,,,,,,,,,,10/18/22
10111783,apartment,apartment,480000,forsale,1570,,1963,asnew,gas,264,3,,,true,,,true,,,,,10/18/22
10125544,apartment,duplex,486000,forsale,3060,hyperequipped,2020,asnew,electric,,3,,,,,true,,,,,,10/18/22
10092076,apartment,apartment,490000,forsale,1000,hyperequipped,2014,asnew,gas,,2,,,true,,true,,,2,,,10/18/22
10125545,apartment,duplex,505000,forsale,3060,hyperequipped,2020,asnew,electric,,3,,,,,true,,,,,,10/18/22
10093059,apartment,apartment,525000,forsale,8620,,1982,asnew,electric,652,2,,,,,true,,,,,,10/18/22
10028748,apartment,loft,550000,forsale,6280,,,good,,,0,,,,,,true,,6,5,,10/18/22
10086153,apartment,apartment,575000,forsale,1180,installed,,good,gas,,4,,,,,,,true,,,,10/18/22
9893295,apartment,apartment,585000,forsale,8300,hyperequipped,2022,asnew,gas,,2,,,,,,,true,,,,10/18/22
10017017,apartment,apartment,595000,forsale,8300,,1988,,,348,2,,,,,,,,,,,10/18/22
9978308,apartment,apartment,699000,forsale,8300,hyperequipped,,good,electric,,2,,,,,true,,,,,,10/18/22
10064062,apartment,apartment,750000,forsale,1020,,,good,gas,262,0,,,true,,,,,,,,10/18/22
10028693,apartment,apartment,755000,forsale,8300,,1966,asnew,gas,322,2,,,,,true,,,,,,10/18/22
9814482,apartment,loft,775000,forsale,8870,installed,,asnew,gas,259,8,,,,,,,,,,,10/18/22
10109666,apartment,apartment,795000,forsale,9000,,,asnew,gas,115,2,,,true,,,true,,1,1,,10/18/22
9960540,apartment,apartment,850000,forsale,2070,,2005,,gas,170,6,,,,40,true,,,3,3,,10/18/22
10063728,apartment,penthouse,895000,forsale,2018,hyperequipped,,asnew,gas,,3,,,true,,true,,,,,,10/18/22
10043084,apartment,apartment,920000,forsale,8300,,1965,,gas,114,3,,,true,,true,,,,,,10/18/22
10059206,apartment,apartment,975000,forsale,8300,,1958,justrenovated,,130,3,,,true,,,,,,,,10/18/22
9695534,apartment,penthouse,995000,forsale,2850,installed,2014,,gas,146,5,,,,,true,,,,,,10/18/22
10043445,apartment,apartment,1095000,forsale,8300,,2000,asnew,,,2,,,true,,true,,,,,,10/18/22
10058259,apartment,apartment,1099000,forsale,8300,hyperequipped,2020,asnew,gas,,2,,,,,,,,1,,,10/18/22
9946063,apartment,apartment,1180000,forsale,2000,installed,2021,asnew,gas,,3,,,,,true,,,,1,,10/18/22
9792201,apartment,apartment,1495000,forsale,8300,usahyperequipped,1967,justrenovated,gas,84,3,,,,,true,,,,,,10/18/22
10030887,apartment,groundfloor,1875000,forsale,8300,hyperequipped,2018,asnew,,,5,,,,172,true,,,2,2,,10/18/22
10007672,apartment,penthouse,2250000,forsale,8300,,1964,asnew,,415,2,,,,,true,,,,,,10/18/22
10086094,apartment,triplex,2490000,forsale,1050,hyperequipped,,good,gas,211,5,,,true,100,true,true,,2,2,,10/18/22
10090513,apartment,apartment,3195000,forsale,8300,,1985,asnew,gas,126,3,,,,,true,,,,,,10/18/22
10146095,apartment,apartment,479000,forsale,9120,installed,2011,asnew,gas,,3,,,,,true,true,,,,,10/18/22
10145036,apartment,apartment,495029,forsale,8850,hyperequipped,2020,,gas,,3,,,true,,true,,,,1,,10/18/22
10158334,house,house,489000,forsale,7712,,,,,172,4,430,,,,true,,,5,5,,10/18/22
10158332,house,house,249000,forsale,8792,semiequipped,,good,gas,427,3,516,,true,,,,,3,2,,10/18/22
10158327,house,villa,745000,forsale,7850,installed,1978,good,,271,4,3135,,true,2500,true,true,true,2,8,,10/18/22
10158324,apartment,flatstudio,199000,forsale,1180,installed,,,gas,242,0,,,,,true,,,,,,10/18/22
10094199,house,house,159000,forsale,2620,installed,1972,good,gas,338,3,69,,,,,,,,,,10/18/22
10158321,house,house,278532,forsale,6530,,,,,,2,210,,,,,,,,,1,10/18/22
10158313,housegroup,housegroup,199000-199000,forsale,4400,,,,,,,,,,,,,,,,1,10/18/22
10158302,apartment,apartment,230000,forsale,2018,installed,2018,asnew,gas,77,1,,,,,true,,,1,1,,10/18/22
10132742,apartment,apartment,210000,forsale,1300,semiequipped,2006,,gas,209,2,,true,,,,,,,,,10/18/22
9958161,apartment,apartment,274500,forsale,2440,usahyperequipped,2022,asnew,gas,,2,,,,,true,,,,,,10/18/22
10108249,apartment,apartment,289000,forsale,1140,installed,1991,asnew,gas,121,2,,,true,,true,,,,,,10/18/22
10135230,apartment,apartment,167000,forsale,2020,installed,1959,,,255,2,,,true,,,,,1,,,10/18/22
10135096,apartment,apartment,175000,forsale,2150,installed,1985,,,574,3,,,,,true,,,,,,10/18/22
10134668,apartment,apartment,339000,forsale,1080,hyperequipped,1969,asnew,gas,188,3,,,true,,true,,,1,,,10/18/22
10153264,apartment,duplex,489000,forsale,2000,hyperequipped,,,gas,106,2,,,,,true,,,2,,,10/18/22
10080326,apartment,apartment,184167,forsale,4624,,,asnew,gas,,1,,,true,,true,,,1,,1,10/18/22
10104711,apartment,apartment,199000,forsale,3800,hyperequipped,2021,,gas,,1,,,true,,true,,,,1,1,10/18/22
9814211,apartment,apartment,199000,forsale,3800,hyperequipped,2021,,gas,,1,,,,,true,,,,1,1,10/18/22
9734900,apartment,apartment,207500,forsale,3800,installed,2020,,,,1,,,,,true,,,,,1,10/18/22
9676138,apartment,apartment,218000,forsale,4800,installed,2021,asnew,,,3,,,true,,true,,,,35,1,10/18/22
10091883,apartment,apartment,229500,forsale,1480,installed,2023,,gas,,1,,,true,,true,,,,,1,10/18/22
9636118,apartment,apartment,230000,forsale,8770,hyperequipped,2021,asnew,,,2,,,,,true,,,,,1,10/18/22
10127584,apartment,apartment,232000,forsale,8850,installed,2020,good,,,2,,,,21,,,,,,1,10/18/22
9805785,apartment,apartment,235000,forsale,6000,hyperequipped,2021,asnew,gas,90,2,,,true,,true,,,1,,1,10/18/22
9988787,apartment,apartment,238000,forsale,6044,usahyperequipped,2021,asnew,gas,76,2,,,,,true,,,,,1,10/18/22
9895241,apartment,apartment,241800,forsale,3390,installed,2022,,,,1,,,,54,true,,,,,1,10/18/22
9805789,apartment,groundfloor,245000,forsale,6000,hyperequipped,2021,asnew,gas,129,2,,,,,true,,,1,,1,10/18/22
10112283,apartment,triplex,269000,forsale,4350,,,justrenovated,,137,4,,,,,true,,,,2,1,10/18/22
10080323,apartment,apartment,294975,forsale,4624,,,asnew,gas,,3,,,true,,true,,,1,,1,10/18/22
10117628,apartment,apartment,316405,forsale,9340,installed,2022,,electric,,2,,,,,true,,,,,1,10/18/22
9346850,apartment,apartment,320000,forsale,9200,hyperequipped,2021,asnew,,40,3,,,,,true,true,,1,,1,10/18/22
10057559,apartment,apartment,349500,forsale,9150,hyperequipped,2020,,,,3,,,,,true,,,24,1,1,10/18/22
9931239,apartment,groundfloor,365000,forsale,4845,,2022,asnew,gas,,2,,,true,,true,,,1,2,1,10/18/22
9636122,apartment,apartment,390000,forsale,8770,hyperequipped,2021,asnew,,,2,,,,,true,,,,,1,10/18/22
9636117,apartment,apartment,390000,forsale,8770,hyperequipped,2021,asnew,,,2,,,,,true,,,,,1,10/18/22
9636124,apartment,apartment,400000,forsale,8770,hyperequipped,2021,asnew,,,2,,,,,true,,,,,1,10/18/22
9729394,apartment,apartment,489000,forsale,2950,installed,2022,asnew,,,3,,,,,true,,,,1,1,10/18/22
9594115,apartment,duplex,538000,forsale,3360,hyperequipped,2021,asnew,,23,3,,true,,,true,,,1,,1,10/18/22
10158334,house,house,489000,forsale,7712,,,,,172,4,430,,,,true,,,5,5,,10/18/22
10158332,house,house,249000,forsale,8792,semiequipped,,good,gas,427,3,516,,true,,,,,3,2,,10/18/22
10158327,house,villa,745000,forsale,7850,installed,1978,good,,271,4,3135,,true,2500,true,true,true,2,8,,10/18/22
10158324,apartment,flatstudio,199000,forsale,1180,installed,,,gas,242,0,,,,,true,,,,,,10/18/22
10094199,house,house,159000,forsale,2620,installed,1972,good,gas,338,3,69,,,,,,,,,,10/18/22
10158321,house,house,278532,forsale,6530,,,,,,2,210,,,,,,,,,1,10/18/22
10158313,housegroup,housegroup,199000-199000,forsale,4400,,,,,,,,,,,,,,,,1,10/18/22
10158302,apartment,apartment,230000,forsale,2018,installed,2018,asnew,gas,77,1,,,,,true,,,1,1,,10/18/22
10138550,apartment,apartment,645000,forsale,8300,,1970,,,234,2,,,,,,,,,,,10/18/22
10138481,apartment,apartment,1995000,forsale,8300,,1948,good,,304,4,,,,,true,,,,,,10/18/22
10143448,apartment,apartment,229000,forsale,1081,usasemiequipped,,asnew,gas,895,2,,,,,,,,,,,10/18/22
10143599,apartment,duplex,285000,forsale,2250,installed,,,,85,3,,,,,true,,,1,,,10/18/22
10144563,apartment,apartment,399000,forsale,3000,installed,,good,,215,2,,,,,,,,,,,10/18/22
10046133,apartment,apartment,135000,forsale,2430,,2003,,gas,106,2,,,,,true,,,1,,,10/18/22
10130929,apartment,apartment,219000,forsale,8430,installed,,good,electric,344,1,,,,,true,,true,,,,10/18/22
10130408,apartment,apartment,249000,forsale,7740,installed,,asnew,gas,84,2,,,true,,true,,,,1,,10/18/22
10131513,apartment,apartment,265000,forsale,1190,installed,,good,,184,2,,,true,,true,,,,,,10/18/22
10051285,apartment,apartment,300000,forsale,2000,,1952,,,248,3,,,,,,,,1,,,10/18/22
10151838,apartment,apartment,268000,forsale,1490,notinstalled,,asnew,,,2,,,true,,true,,,,,1,10/18/22
10152488,apartment,apartment,512450,forsale,1420,,2022,,,,3,,,,,true,,,,,1,10/18/22
10151297,apartment,apartment,225000,forsale,2200,installed,2010,good,gas,,1,,,,,true,,,1,,,10/18/22
10148798,apartment,apartment,895000,forsale,8300,,,asnew,gas,103,3,,,true,,true,true,,,,,10/18/22
10148520,apartment,apartment,899000,forsale,8300,,,asnew,,137,3,,,true,,true,,,,,,10/18/22
10136572,apartment,apartment,289000,forsale,1600,usahyperequipped,,justrenovated,electric,383,2,,,,,true,,,,,,10/18/22
10136306,apartment,groundfloor,375000,forsale,1040,usahyperequipped,,good,gas,391,1,,,,84,,,,,,,10/18/22
10025469,apartment,apartment,1425000,forsale,9000,,1969,good,,,6,,,true,6,,,,,,,10/18/22
10155113,apartment,apartment,199000,forsale,1000,hyperequipped,,tobedoneup,,512,1,,,,,true,,,1,,,10/18/22
10142494,apartment,apartment,152000,forsale,9420,installed,1996,tobedoneup,electric,270,1,,,,,,,,,,,10/18/22
10142281,apartment,apartment,200000,forsale,3000,,1976,,,121,2,,,true,,true,,,1,,,10/18/22
10140647,apartment,groundfloor,249000,forsale,1070,installed,,asnew,electric,473,2,,,,,,,,,,,10/18/22
10141307,apartment,apartment,295000,forsale,9120,,2009,,,146,2,,,,,true,,,1,,,10/18/22
10140708,apartment,apartment,549000,forsale,9470,,,good,gas,,6,,,,,true,,,,3,,10/18/22
9944134,apartment,apartment,40000,forsale,8400,,1900,,,315,2,,,,,,,,,,,10/18/22
10063062,apartment,groundfloor,64900,forsale,2070,installed,,asnew,gas,151,2,,,true,,true,,,1,1,,10/18/22
10112673,apartment,apartment,70000,forsale,8800,,1970,,,156,1,,,true,,,,,,,,10/18/22
10075197,apartment,apartment,85000,forsale,9620,,1970,good,,234,2,,,,,true,,,,,,10/18/22
9809020,apartment,apartment,90000,forsale,7300,,,tobedoneup,electric,262,2,,,,,,,,,,,10/18/22
9780338,apartment,apartment,95000,forsale,7700,installed,,justrenovated,electric,598,1,,,true,,,,,1,,,10/18/22
10158334,house,house,489000,forsale,7712,,,,,172,4,430,,,,true,,,5,5,,10/18/22
10158332,house,house,249000,forsale,8792,semiequipped,,good,gas,427,3,516,,true,,,,,3,2,,10/18/22
10158327,house,villa,745000,forsale,7850,installed,1978,good,,271,4,3135,,true,2500,true,true,true,2,8,,10/18/22
10158324,apartment,flatstudio,199000,forsale,1180,installed,,,gas,242,0,,,,,true,,,,,,10/18/22
10094199,house,house,159000,forsale,2620,installed,1972,good,gas,338,3,69,,,,,,,,,,10/18/22
10158321,house,house,278532,forsale,6530,,,,,,2,210,,,,,,,,,1,10/18/22
10158313,housegroup,housegroup,199000-199000,forsale,4400,,,,,,,,,,,,,,,,1,10/18/22
10158302,apartment,apartment,230000,forsale,2018,installed,2018,asnew,gas,77,1,,,,,true,,,1,1,,10/18/22
9951280,apartment,flatstudio,99000,forsale,5060,installed,,good,,394,1,,,,,,,,,,,10/18/22
10069787,apartment,apartment,105000,forsale,4101,hyperequipped,,good,gas,272,2,,,true,,true,,,1,1,,10/18/22
10104234,apartment,apartment,105000,forsale,8400,,1997,,,253,3,,,,,,,,,,,10/18/22
10042189,apartment,apartment,110000,forsale,3001,,1972,good,,170,2,,,true,,,,,,,,10/18/22
10052618,apartment,apartment,110000,forsale,8400,,1959,,,149,2,,,true,,,,,,,,10/18/22
9998003,apartment,apartment,118000,forsale,8370,semiequipped,,good,gas,142,1,,,,,,,,,,,10/18/22
10102468,apartment,apartment,120000,forsale,3300,,1973,,,293,2,,,true,,true,,,1,,,10/18/22
9991325,apartment,apartment,120000,forsale,7000,,1975,good,,303,2,,,,,true,,,,,,10/18/22
10090549,apartment,apartment,129000,forsale,4020,,,good,gas,416,1,,,,,,,,,,,10/18/22
9630494,apartment,serviceflat,129000,forsale,9820,,1994,tobedoneup,,325,1,,,,200,,,,,,,10/18/22
10042278,apartment,flatstudio,130000,forsale,1060,installed,,,gas,,0,,,,,,,,,,,10/18/22
9883140,apartment,apartment,135000,forsale,1400,,,good,,283,1,,,,,true,,,,,,10/18/22
9993677,apartment,apartment,140000,forsale,1370,hyperequipped,1973,tobedoneup,fueloil,207,1,,,true,,,,,1,1,,10/18/22
10051506,apartment,apartment,140000,forsale,8790,,2009,good,,99,1,,,,,true,,,,,,10/18/22
10109146,apartment,apartment,140000,forsale,9700,,1989,asnew,,259,1,,,,,true,,,,,,10/18/22
10078110,apartment,apartment,145000,forsale,2800,installed,1970,good,,245,2,,,,,,,,,,,10/18/22
9916281,apartment,apartment,145000,forsale,7800,installed,,good,gas,277,2,,,,,,true,,,,,10/18/22
10050055,apartment,apartment,146500,forsale,9700,,2005,good,electric,483,1,,,true,,,,,1,,,10/18/22
10129784,apartment,apartment,149900,forsale,8450,installed,1967,good,electric,653,2,,,,,,,,,5,,10/18/22
9889268,apartment,apartment,150000,forsale,6041,semiequipped,,good,gas,198,1,,,true,,true,,,1,1,,10/18/22
10121452,apartment,apartment,150000,forsale,9300,,,,gas,163,2,,,true,,true,,,1,,,10/18/22
9987581,apartment,apartment,155000,forsale,1420,,1993,,,189,2,,,true,,,,,,,,10/18/22
9997452,apartment,groundfloor,159000,forsale,7160,installed,,asnew,gas,186,2,,,,,true,true,,,,,10/18/22
10081612,apartment,apartment,169000,forsale,1470,,,tobedoneup,fueloil,418,2,,,,,,,,,,,10/18/22
10103686,apartment,apartment,169000,forsale,7600,installed,,asnew,gas,117,2,,,,,,,,,,,10/18/22
9985714,apartment,apartment,169000,forsale,9450,hyperequipped,,,electric,264,2,,,,,true,,,,,,10/18/22
9982407,apartment,apartment,175000,forsale,4030,installed,,good,gas,142,2,,,true,,,,,,1,,10/18/22
10105123,apartment,flatstudio,175000,forsale,9000,,,good,,473,0,,,true,,,,,,,,10/18/22
9975119,apartment,duplex,177500,forsale,8790,,2000,,,130,2,,,,,,,,,1,,10/18/22
10077260,apartment,apartment,179000,forsale,1020,installed,1966,,,216,2,,,true,,true,,,,,,10/18/22
10158334,house,house,489000,forsale,7712,,,,,172,4,430,,,,true,,,5,5,,10/18/22
10158332,house,house,249000,forsale,8792,semiequipped,,good,gas,427,3,516,,true,,,,,3,2,,10/18/22
10158327,house,villa,745000,forsale,7850,installed,1978,good,,271,4,3135,,true,2500,true,true,true,2,8,,10/18/22
10158324,apartment,flatstudio,199000,forsale,1180,installed,,,gas,242,0,,,,,true,,,,,,10/18/22
10094199,house,house,159000,forsale,2620,installed,1972,good,gas,338,3,69,,,,,,,,,,10/18/22
10158321,house,house,278532,forsale,6530,,,,,,2,210,,,,,,,,,1,10/18/22
10158313,housegroup,housegroup,199000-199000,forsale,4400,,,,,,,,,,,,,,,,1,10/18/22
10158302,apartment,apartment,230000,forsale,2018,installed,2018,asnew,gas,77,1,,,,,true,,,1,1,,10/18/22
10069807,apartment,duplex,179000,forsale,5170,semiequipped,1960,good,fueloil,232,1,,,,,,,,,1,,10/18/22
9779328,apartment,apartment,179000,forsale,8420,,2008,asnew,,84,2,,,,,,,,,,,10/18/22
10046009,apartment,apartment,179000,forsale,9700,,2005,good,electric,483,1,,,true,,,,,1,,,10/18/22
10049728,apartment,apartment,180000,forsale,4100,usainstalled,,good,gas,461,3,,,,,true,,,,,,10/18/22
10129127,apartment,groundfloor,180000,forsale,6960,installed,2015,justrenovated,pellet,136,3,,true,,,true,,,,,,10/18/22
10014928,apartment,apartment,185000,forsale,1080,installed,,tobedoneup,gas,168,2,,,true,,true,,,,,,10/18/22
9830929,apartment,apartment,185000,forsale,8211,,1991,good,,292,2,,,,,,,,1,,,10/18/22
10020755,apartment,apartment,189000,forsale,3300,hyperequipped,,,gas,112,2,,,true,,,,,,,,10/18/22
10073862,apartment,apartment,189000,forsale,9240,usahyperequipped,,,gas,192,1,,,,,true,,,,,,10/18/22
10012803,apartment,duplex,195000,forsale,4460,installed,,asnew,gas,248,2,,,,,true,,,,1,,10/18/22
9980632,apartment,apartment,195000,forsale,4540,installed,,asnew,gas,102,1,,,,,true,true,,,2,,10/18/22
10065744,apartment,apartment,195000,forsale,8870,,1981,good,,365,2,,,,70,,,,1,,,10/18/22
10120346,apartment,penthouse,197000,forsale,8800,,1972,,,244,2,,,true,,true,,,,,,10/18/22
10099222,apartment,apartment,199000,forsale,8870,installed,1970,tobedoneup,,140,3,,,,,true,,,,,,10/18/22
9455607,apartment,apartment,209000,forsale,8434,hyperequipped,,asnew,gas,,1,,,true,,true,,,,,,10/18/22
9925513,apartment,apartment,209000,forsale,9300,hyperequipped,,good,,494,2,,,,,,,,,,,10/18/22
9955843,apartment,groundfloor,210000,forsale,1400,installed,,good,gas,265,2,,,true,,true,,,1,,,10/18/22
10007677,apartment,apartment,210000,forsale,4000,,,good,gas,483,2,,,true,,true,,,1,1,,10/18/22
9990631,apartment,apartment,210000,forsale,8660,,2007,asnew,,180,1,,,true,,,,,1,,,10/18/22
9912639,apartment,apartment,215000,forsale,4020,,,good,gas,287,2,,,,,,,,,,,10/18/22
10021208,apartment,apartment,215000,forsale,9300,installed,,good,gas,160,3,,,true,,true,,,,,,10/18/22
9999058,apartment,apartment,217393,forsale,8870,,2020,asnew,,,1,,,,,true,,,,,,10/18/22
10096386,apartment,apartment,218000,forsale,8400,,2007,,,108,2,,,,,true,,,,,,10/18/22
10037257,apartment,apartment,219000,forsale,1030,installed,,good,,,1,,,true,,,,,,,,10/18/22
10112247,apartment,apartment,223000,forsale,8500,hyperequipped,,asnew,gas,55,2,,,,,true,,,14,14,,10/18/22
10036285,apartment,groundfloor,225000,forsale,1400,installed,,good,gas,165,2,,,,,true,,,,3,,10/18/22
10048879,apartment,groundfloor,225000,forsale,3890,,1988,tobedoneup,,378,2,,,,,,,,1,,,10/18/22
10099112,apartment,groundfloor,225000,forsale,7130,usahyperequipped,2017,asnew,gas,107,2,,,true,,true,,,,1,,10/18/22
10010871,apartment,groundfloor,225000,forsale,7181,installed,,asnew,gas,165,2,,,,,true,,,,3,,10/18/22
10129773,apartment,apartment,225000,forsale,8400,installed,,asnew,gas,178,3,,,,,true,,,,,,10/18/22
10158334,house,house,489000,forsale,7712,,,,,172,4,430,,,,true,,,5,5,,10/18/22
10158332,house,house,249000,forsale,8792,semiequipped,,good,gas,427,3,516,,true,,,,,3,2,,10/18/22
10158327,house,villa,745000,forsale,7850,installed,1978,good,,271,4,3135,,true,2500,true,true,true,2,8,,10/18/22
10158324,apartment,flatstudio,199000,forsale,1180,installed,,,gas,242,0,,,,,true,,,,,,10/18/22
10094199,house,house,159000,forsale,2620,installed,1972,good,gas,338,3,69,,,,,,,,,,10/18/22
10158321,house,house,278532,forsale,6530,,,,,,2,210,,,,,,,,,1,10/18/22
10158313,housegroup,housegroup,199000-199000,forsale,4400,,,,,,,,,,,,,,,,1,10/18/22
10158302,apartment,apartment,230000,forsale,2018,installed,2018,asnew,gas,77,1,,,,,true,,,1,1,,10/18/22
10116613,apartment,apartment,225000,forsale,9890,,,,gas,156,1,,,,,,,,1,,,10/18/22
9966314,apartment,apartment,229000,forsale,1070,hyperequipped,,asnew,gas,555,2,,,true,,true,,,1,,,10/18/22
10116944,apartment,apartment,229000,forsale,2220,,2016,asnew,,107.36,1,,,,,,,,,,,10/18/22
10030785,apartment,apartment,230000,forsale,1190,installed,,torenovate,gas,424,2,,,,,true,,,,,,10/18/22
10095843,apartment,serviceflat,231000,forsale,1500,,2018,asnew,,249,1,,,true,,,,,,,,10/18/22
10095842,apartment,serviceflat,231000,forsale,1500,,2018,asnew,,249,1,,,true,,,,,,,,10/18/22
10073861,apartment,apartment,233000,forsale,9290,hyperequipped,2007,,gas,167,2,,,,,true,,,,,,10/18/22
9816777,apartment,duplex,235000,forsale,7860,,2020,,gas,,2,,,true,,true,,,,,,10/18/22
10110197,apartment,apartment,235000,forsale,8380,,2007,,,536,2,,,,,,,,,,,10/18/22
10108789,apartment,duplex,235000,forsale,8400,,1993,good,,308,3,,,,,true,,,,,,10/18/22
9931089,apartment,duplex,235000,forsale,8400,,2013,,,109.41,2,,,,,true,,,,,,10/18/22
10121993,apartment,apartment,235000,forsale,8470,installed,1996,good,,,2,,,,,,,,1,,,10/18/22
10098549,apartment,apartment,236000,forsale,9130,installed,2023,,,,2,,,,,true,,,,,,10/18/22
10098543,apartment,penthouse,236000,forsale,9130,installed,2023,,,,2,,,,,true,,,,,,10/18/22
9247938,apartment,apartment,238500,forsale,1410,notinstalled,,,,155,1,,,,,true,,,,,,10/18/22
10088637,apartment,apartment,239000,forsale,1190,installed,1976,torenovate,fueloil,210,3,,,true,,true,,,,,,10/18/22
10110287,apartment,apartment,240000,forsale,1030,installed,1976,,,,2,,,true,,true,,,,,,10/18/22
10110286,apartment,apartment,240000,forsale,1030,installed,1976,,,,2,,,true,,true,,,,,,10/18/22
9946104,apartment,apartment,240000,forsale,1300,usasemiequipped,1962,,gas,97,2,,,,,,,,,,,10/18/22
10110195,apartment,apartment,245000,forsale,8380,,2009,,,76,2,,,,,true,,,,,,10/18/22
9245107,apartment,apartment,245000,forsale,8550,,,,,,1,,,true,,true,,,,,,10/18/22
9700671,apartment,apartment,248000,forsale,7000,installed,,asnew,gas,96,3,,,,,true,,,2,2,,10/18/22
10060011,apartment,apartment,249000,forsale,1730,installed,,good,,,2,,,true,,true,,,1,,,10/18/22
10010003,apartment,apartment,249000,forsale,3001,,,,gas,212,2,,,,,,,,,,,10/18/22
9859577,apartment,apartment,249000,forsale,4000,,,tobedoneup,,172,1,,,true,,true,,,,,,10/18/22
10113877,apartment,apartment,249000,forsale,8000,installed,,good,gas,213,2,,,,,true,,,1,1,,10/18/22
10094362,apartment,apartment,249000,forsale,8900,,2000,good,,328,2,,,,,,,,1,,,10/18/22
10101518,apartment,apartment,250000,forsale,2610,installed,,,gas,164,3,,,,,true,,,1,,,10/18/22
10098550,apartment,apartment,256000,forsale,9130,installed,2023,,,,2,,,,,true,,,,,,10/18/22
10060994,apartment,apartment,259000,forsale,2000,usahyperequipped,2020,asnew,,82,2,,,,,true,,,,,,10/18/22
10158334,house,house,489000,forsale,7712,,,,,172,4,430,,,,true,,,5,5,,10/18/22
10158332,house,house,249000,forsale,8792,semiequipped,,good,gas,427,3,516,,true,,,,,3,2,,10/18/22
10158327,house,villa,745000,forsale,7850,installed,1978,good,,271,4,3135,,true,2500,true,true,true,2,8,,10/18/22
10158324,apartment,flatstudio,199000,forsale,1180,installed,,,gas,242,0,,,,,true,,,,,,10/18/22
10094199,house,house,159000,forsale,2620,installed,1972,good,gas,338,3,69,,,,,,,,,,10/18/22
10158321,house,house,278532,forsale,6530,,,,,,2,210,,,,,,,,,1,10/18/22
10158313,housegroup,housegroup,199000-199000,forsale,4400,,,,,,,,,,,,,,,,1,10/18/22
10158302,apartment,apartment,230000,forsale,2018,installed,2018,asnew,gas,77,1,,,,,true,,,1,1,,10/18/22
10098550,apartment,apartment,256000,forsale,9130,installed,2023,,,,2,,,,,true,,,,,,10/18/22
10060994,apartment,apartment,259000,forsale,2000,usahyperequipped,2020,asnew,,82,2,,,,,true,,,,,,10/18/22
10076704,apartment,apartment,259000,forsale,5640,notinstalled,,,,87,2,,,true,,true,,,,1,,10/18/22
10055389,apartment,apartment,265000,forsale,8400,,,good,,187,2,,,,,,,,1,,,10/18/22
9850728,apartment,apartment,268800,forsale,8370,installed,2016,,gas,96.9,2,,,,,true,,,,,,10/18/22
10056328,apartment,apartment,270000,forsale,1050,semiequipped,,,gas,166,1,,,,,true,,,,,,10/18/22
10098546,apartment,penthouse,272000,forsale,9130,installed,2023,,,,3,,,,,true,,,,,,10/18/22
9084685,apartment,flatstudio,275000,forsale,1160,installed,2018,asnew,gas,,0,,,,,true,,,1,,,10/18/22
10091136,apartment,apartment,275000,forsale,6790,installed,1850,asnew,,81,3,,,true,150,,,,,2,,10/18/22
9858718,apartment,duplex,275000,forsale,8370,,2007,,,169,2,,,,,true,,,,,,10/18/22
10012224,apartment,apartment,278000,forsale,1082,,,asnew,gas,,3,,,,,true,,,,,,10/18/22
10086214,apartment,apartment,279000,forsale,1070,hyperequipped,,asnew,gas,198,3,,,true,,true,,,,1,,10/18/22
10015101,apartment,serviceflat,279000,forsale,8000,hyperequipped,1978,good,,264,1,,,,,,,,,,,10/18/22
10009833,apartment,groundfloor,280000,forsale,7000,usahyperequipped,,good,gas,194,2,,,true,,true,true,,2,,,10/18/22
10098548,apartment,apartment,282000,forsale,9130,installed,2023,,,,2,,,,,true,,,,,,10/18/22
10035846,apartment,apartment,285000,forsale,8370,,1970,,gas,274,2,,,,,true,,,,,,10/18/22
10121540,apartment,loft,289000,forsale,9100,installed,,asnew,gas,163,1,,,,,,,,,,,10/18/22
10098545,apartment,penthouse,292000,forsale,9130,installed,2023,,,,2,,,,,true,,,,,,10/18/22
10111796,apartment,apartment,295000,forsale,9000,,,asnew,,305,1,,,,67,true,,,,,,10/18/22
10096374,apartment,apartment,295000,forsale,9090,,1994,asnew,,249,1,,,,,true,,,,,,10/18/22
10087186,apartment,penthouse,299000,forsale,8380,installed,2001,good,electric,389,2,,,,,true,,,,,,10/18/22
9975103,apartment,apartment,299500,forsale,8800,,2017,good,,95.65,2,,,,,true,,,,,,10/18/22
10108358,apartment,apartment,310000,forsale,1410,usasemiequipped,1973,tobedoneup,fueloil,205,2,,,true,,true,,,1,,,10/18/22
10107971,apartment,apartment,315000,forsale,8200,,1990,good,,494,3,,,,,true,,,,,,10/18/22
10046728,apartment,triplex,320000,forsale,2060,installed,,justrenovated,gas,169,1,,,,,true,,,,,,10/18/22
10121803,apartment,apartment,325000,forsale,1070,,,asnew,,112,2,,,,,,,,,1,,10/18/22
9161601,apartment,apartment,330000,forsale,8420,,2016,good,,60,2,,,,,,,,,,,10/18/22
9888648,apartment,triplex,349000,forsale,1080,installed,,tobedoneup,gas,155,3,,,true,,true,true,,1,,,10/18/22
10034554,apartment,apartment,349000,forsale,8400,hyperequipped,,good,,133,2,,,,,true,,,1,,,10/18/22
10019924,apartment,apartment,350000,forsale,1420,,,good,fueloil,,2,,,,,,,,,,,10/18/22
10158334,house,house,489000,forsale,7712,,,,,172,4,430,,,,true,,,5,5,,10/18/22
10158332,house,house,249000,forsale,8792,semiequipped,,good,gas,427,3,516,,true,,,,,3,2,,10/18/22
10158327,house,villa,745000,forsale,7850,installed,1978,good,,271,4,3135,,true,2500,true,true,true,2,8,,10/18/22
10158324,apartment,flatstudio,199000,forsale,1180,installed,,,gas,242,0,,,,,true,,,,,,10/18/22
10094199,house,house,159000,forsale,2620,installed,1972,good,gas,338,3,69,,,,,,,,,,10/18/22
10158321,house,house,278532,forsale,6530,,,,,,2,210,,,,,,,,,1,10/18/22
10158313,housegroup,housegroup,199000-199000,forsale,4400,,,,,,,,,,,,,,,,1,10/18/22
10158302,apartment,apartment,230000,forsale,2018,installed,2018,asnew,gas,77,1,,,,,true,,,1,1,,10/18/22
10121798,apartment,apartment,350000,forsale,9000,,1970,,,279,3,,,,,,,,,1,,10/18/22
10109130,apartment,apartment,355000,forsale,9000,,,asnew,gas,,1,,,,,true,,,,,,10/18/22
8667067,apartment,apartment,355217,forsale,3390,,2020,asnew,,50,2,,,true,,true,,,1,,,10/18/22
9801513,apartment,groundfloor,365000,forsale,1420,installed,2010,asnew,gas,206,2,,,,,true,,,1,1,,10/18/22
9918233,apartment,apartment,389500,forsale,9880,,,asnew,,45,3,,,,,true,,,,,,10/18/22
10045318,apartment,apartment,390000,forsale,8200,hyperequipped,,asnew,gas,302,3,,,,,true,,,1,,,10/18/22
10117639,apartment,groundfloor,393000,forsale,9300,,2023,good,,,2,,,,,true,,,,,,10/18/22
8746817,apartment,apartment,395000,forsale,8420,,2003,asnew,,257,3,,,,,,,,,,,10/18/22
10007691,apartment,apartment,395900,forsale,2930,installed,,justrenovated,gas,118,2,,,true,,true,,,6,,,10/18/22
10103694,apartment,apartment,396000,forsale,1080,,,good,gas,70,3,,,true,,,,,1,,,10/18/22
10076867,apartment,apartment,399000,forsale,8210,,2016,good,,93.55,3,,,,,,,,,1,,10/18/22
10032345,apartment,apartment,399000,forsale,9200,,,asnew,,251,3,,,,75,,true,,,,,10/18/22
10007690,apartment,groundfloor,405900,forsale,2930,installed,,justrenovated,gas,136,2,,,true,60,true,,,6,,,10/18/22
10043443,apartment,apartment,425000,forsale,8300,,2015,asnew,gas,,2,,,,,,,,,,,10/18/22
10042868,apartment,apartment,435000,forsale,9000,,,asnew,,180,2,,,,,true,,,,,,10/18/22
9974010,apartment,apartment,439000,forsale,8210,,2016,good,,93.55,3,,,,,,,,,1,,10/18/22
10088886,apartment,duplex,448000,forsale,1180,hyperequipped,,asnew,gas,329,3,,,true,72,true,true,,,,,10/18/22
9645212,apartment,duplex,450000,forsale,2000,,,torenovate,,795,3,,,,,true,,,,,,10/18/22
10092161,apartment,apartment,460000,forsale,8790,installed,2012,asnew,,,2,,,true,,,,,1,2,,10/18/22
9826190,apartment,duplex,475000,forsale,7034,usahyperequipped,,good,gas,105,4,,,,,true,true,,2,3,,10/18/22
9976126,apartment,penthouse,494000,forsale,9052,hyperequipped,2021,asnew,gas,,3,,,,,,,,,,,10/18/22
10112478,apartment,apartment,495000,forsale,2600,hyperequipped,,good,,117,3,,,true,65,true,true,,,2,,10/18/22
10051893,apartment,apartment,495000,forsale,3052,,1991,asnew,,425,2,,,true,,true,,,,2,,10/18/22
10062140,apartment,apartment,590000,forsale,1060,usahyperequipped,,asnew,,,3,,,,,true,,,,,,10/18/22
9974999,apartment,apartment,595000,forsale,8300,,1988,asnew,,348,2,,,true,,true,,,1,,,10/18/22
9738501,apartment,serviceflat,599000,forsale,8300,,2016,asnew,gas,73,1,,,true,,true,,,,1,,10/18/22
10049141,apartment,apartment,648000,forsale,2000,,,asnew,,128,2,,,true,,true,true,,,,,10/18/22
10000084,apartment,apartment,730000,forsale,8200,installed,,good,gas,148,2,,,,,,,,,,,10/18/22
9940227,apartment,apartment,730000,forsale,8200,installed,,good,gas,148,2,,,,,,,,,,,10/18/22
10091299,apartment,penthouse,775000,forsale,1040,hyperequipped,,good,gas,489,3,,,,,true,,,,,,10/18/22
10158334,house,house,489000,forsale,7712,,,,,172,4,430,,,,true,,,5,5,,10/18/22
10158332,house,house,249000,forsale,8792,semiequipped,,good,gas,427,3,516,,true,,,,,3,2,,10/18/22
10158327,house,villa,745000,forsale,7850,installed,1978,good,,271,4,3135,,true,2500,true,true,true,2,8,,10/18/22
10158324,apartment,flatstudio,199000,forsale,1180,installed,,,gas,242,0,,,,,true,,,,,,10/18/22
10094199,house,house,159000,forsale,2620,installed,1972,good,gas,338,3,69,,,,,,,,,,10/18/22
10158321,house,house,278532,forsale,6530,,,,,,2,210,,,,,,,,,1,10/18/22
10158313,housegroup,housegroup,199000-199000,forsale,4400,,,,,,,,,,,,,,,,1,10/18/22
10158302,apartment,apartment,230000,forsale,2018,installed,2018,asnew,gas,77,1,,,,,true,,,1,1,,10/18/22
10101785,apartment,penthouse,775000,forsale,1150,hyperequipped,,good,gas,489,3,,,,,true,,,,,,10/18/22
10079968,apartment,penthouse,775000,forsale,1150,hyperequipped,,good,gas,489,3,,,,,true,,,,,,10/18/22
10083516,apartment,apartment,795000,forsale,1380,,2014,asnew,gas,84,3,,,true,,true,true,,,2,,10/18/22
10058239,apartment,apartment,795000,forsale,8300,usahyperequipped,1978,,,336,2,,,true,,true,,,,,,10/18/22
10046335,apartment,apartment,795000,forsale,8300,hyperequipped,1987,asnew,gas,163,3,,,true,,,,,,,,10/18/22
9998576,apartment,apartment,795000,forsale,8300,,1977,,,336,2,,,,,,,,,,,10/18/22
9995767,apartment,penthouse,795000,forsale,8300,hyperequipped,1978,asnew,,336,2,,,true,,true,,,,,,10/18/22
10112014,apartment,apartment,795000,forsale,8301,installed,,,gas,81,3,,,,,true,,,,,,10/18/22
10031754,apartment,apartment,950000,forsale,8200,hyperequipped,1997,good,,121,2,,,,,true,,,,2,,10/18/22
9611059,apartment,apartment,975000,forsale,1180,hyperequipped,2015,asnew,,105,3,,,true,,true,,,2,,,10/18/22
10026606,apartment,apartment,1550000,forsale,9450,hyperequipped,2008,good,gas,123,10,,,,,true,,,10,10,,10/18/22
9891674,apartment,apartment,1695000,forsale,9700,hyperequipped,1989,good,electric,368,12,,,,,,,,9,,,10/18/22
9748911,apartment,apartment,1837500,forsale,9000,installed,2022,,gas,,2,,,true,,true,true,,,1,,10/18/22
9945899,apartment,duplex,3820000,forsale,8300,,2002,asnew,,168,2,,,,,true,,,2,,,10/18/22
9486044,apartment,apartment,4600000,forsale,8300,,2011,,,91,3,,,,,true,,,,,,10/18/22
10147228,apartmentgroup,apartmentgroup,185000-275000,forsale,8550,,,,,,,,,,,,,,,,1,10/18/22
10069872,apartmentgroup,apartmentgroup,329000-329000,forsale,9800,,,,,,,,,,,,,,,,1,10/18/22
10036104,apartment,apartment,115000,forsale,6230,installed,1965,good,gas,255,1,,,,,,true,,,,,10/18/22
10052185,apartment,duplex,160000,forsale,1430,usahyperequipped,,good,electric,580,2,,,,,,true,,,2,,10/18/22
10007712,apartment,triplex,240000,forsale,1420,semiequipped,1930,good,gas,373,2,,,true,,,,,,,,10/18/22
10099046,apartment,groundfloor,275000,forsale,1300,usahyperequipped,1998,good,gas,123,2,,,,50,true,,,,,,10/18/22
10034982,apartment,duplex,330000,forsale,1180,hyperequipped,2008,good,gas,206,2,,,,20,true,,,,1,,10/18/22
10133431,apartment,apartment,236000,forsale,8530,,2021,asnew,,,2,,,,,true,,,,,1,10/18/22
10145035,apartment,apartment,245000,forsale,8800,hyperequipped,2020,,gas,,1,,,true,101,,,,,1,,10/18/22
10145034,apartment,apartment,245000,forsale,8800,hyperequipped,2020,,gas,,1,,,true,50,,,,,1,,10/18/22
10154744,apartment,apartment,120000,forsale,7100,,2022,asnew,,,3,,true,,,true,true,,,2,1,10/18/22
10028837,apartment,apartment,220000,forsale,7100,,2022,asnew,,,5,,true,,,true,true,,,2,1,10/18/22
10154845,apartment,apartment,589000,forsale,2000,hyperequipped,2023,asnew,,,2,,,,,true,,,,,1,10/18/22
10152973,apartment,apartment,285000,forsale,8000,,2002,asnew,gas,260,2,,,,,true,,,,,,10/18/22
10152714,apartment,apartment,325000,forsale,8380,installed,1967,,,99,2,,,true,,,,,,,,10/18/22
10158334,house,house,489000,forsale,7712,,,,,172,4,430,,,,true,,,5,5,,10/18/22
10158332,house,house,249000,forsale,8792,semiequipped,,good,gas,427,3,516,,true,,,,,3,2,,10/18/22
10158327,house,villa,745000,forsale,7850,installed,1978,good,,271,4,3135,,true,2500,true,true,true,2,8,,10/18/22
10158324,apartment,flatstudio,199000,forsale,1180,installed,,,gas,242,0,,,,,true,,,,,,10/18/22
10094199,house,house,159000,forsale,2620,installed,1972,good,gas,338,3,69,,,,,,,,,,10/18/22
10158321,house,house,278532,forsale,6530,,,,,,2,210,,,,,,,,,1,10/18/22
10158313,housegroup,housegroup,199000-199000,forsale,4400,,,,,,,,,,,,,,,,1,10/18/22
10158302,apartment,apartment,230000,forsale,2018,installed,2018,asnew,gas,77,1,,,,,true,,,1,1,,10/18/22
10152957,apartment,apartment,450000,forsale,9000,,,,,,2,,,,,true,,,,,,10/18/22
9931920,apartment,apartment,210000,forsale,8680,installed,2022,good,,,1,,,,,,,,1,,1,10/18/22
9765903,apartment,apartment,224000,forsale,2830,installed,,,,,2,,,,34,true,,,,,1,10/18/22
9311828,apartment,duplex,247500,forsale,3870,,2021,,,,3,,,,,true,,,,,1,10/18/22
10112663,apartment,apartment,249000,forsale,2000,,,asnew,gas,129,1,,,,,true,,,,,1,10/18/22
10128198,apartment,penthouse,249000,forsale,4400,,2022,,,,2,,,true,,true,,,,1,1,10/18/22
10117635,apartment,apartment,249000,forsale,9420,installed,,,gas,,1,,,,,true,,,,,1,10/18/22
10139710,apartment,apartment,250000,forsale,3090,,1973,,,223,4,,,true,,true,,,1,,,10/18/22
10007335,apartment,apartment,262000,forsale,8450,,2024,,,,2,,,,,true,,,,,1,10/18/22
9990075,apartment,apartment,275000,forsale,9940,installed,2022,,gas,,1,,,,59,true,,,,,1,10/18/22
9857916,apartment,apartment,284106,forsale,8680,installed,2022,good,,,2,,,,,,,,1,,1,10/18/22
10117661,apartment,apartment,285000,forsale,9420,installed,,,gas,,2,,,,,true,,,,,1,10/18/22
9969437,apartment,apartment,287650,forsale,3271,,2022,asnew,gas,,2,,,,,true,,,18,18,1,10/18/22
9857915,apartment,apartment,298592,forsale,8680,installed,2022,good,,,2,,,,,,,,1,,1,10/18/22
9793812,apartment,groundfloor,300000,forsale,9940,hyperequipped,2022,,gas,,1,,,,116,,,,,,1,10/18/22
9857918,apartment,apartment,308802,forsale,8680,installed,2022,good,,,2,,,,,,,,1,,1,10/18/22
9969436,apartment,apartment,318000,forsale,3271,,2022,asnew,gas,,2,,,,,true,,,18,18,1,10/18/22
9969438,apartment,apartment,318150,forsale,3271,,2022,asnew,gas,,3,,,,,true,,,18,18,1,10/18/22
9041455,apartment,apartment,322500,forsale,9120,installed,,,,,2,,,true,,true,,,,,1,10/18/22
9997410,apartment,apartment,325000,forsale,4000,installed,,asnew,,,2,,,true,,true,,,1,1,1,10/18/22
9989975,apartment,apartment,345000,forsale,9940,installed,2022,,gas,,2,,,,60,true,,,,,1,10/18/22
9857922,apartment,apartment,346689,forsale,8680,installed,2022,good,,,2,,,,,,,,1,,1,10/18/22
9967011,apartment,apartment,353650,forsale,3271,,2022,asnew,gas,,2,,,,,true,,,18,18,1,10/18/22
9999981,apartment,apartment,355000,forsale,4000,installed,,asnew,,,2,,,true,,true,,,1,1,1,10/18/22
9997403,apartment,apartment,363000,forsale,4000,installed,,asnew,,,2,,,true,,true,,,1,1,1,10/18/22
9997402,apartment,apartment,363000,forsale,4000,installed,,asnew,,,2,,,true,,true,,,1,1,1,10/18/22
9997406,apartment,apartment,370000,forsale,4000,installed,,asnew,,,2,,,true,,true,,,1,1,1,10/18/22
10140051,apartment,apartment,370000,forsale,8000,,1965,,,295,3,,,,,,true,,,1,,10/18/22
9997407,apartment,apartment,375000,forsale,4000,installed,,asnew,,,2,,,true,,true,,,1,1,1,10/18/22
9857921,apartment,apartment,375169,forsale,8680,installed,2022,good,,,2,,,,,,,,1,,1,10/18/22
10158334,house,house,489000,forsale,7712,,,,,172,4,430,,,,true,,,5,5,,10/18/22
10158332,house,house,249000,forsale,8792,semiequipped,,good,gas,427,3,516,,true,,,,,3,2,,10/18/22
10158327,house,villa,745000,forsale,7850,installed,1978,good,,271,4,3135,,true,2500,true,true,true,2,8,,10/18/22
10158324,apartment,flatstudio,199000,forsale,1180,installed,,,gas,242,0,,,,,true,,,,,,10/18/22
10094199,house,house,159000,forsale,2620,installed,1972,good,gas,338,3,69,,,,,,,,,,10/18/22
10158321,house,house,278532,forsale,6530,,,,,,2,210,,,,,,,,,1,10/18/22
10158313,housegroup,housegroup,199000-199000,forsale,4400,,,,,,,,,,,,,,,,1,10/18/22
10158302,apartment,apartment,230000,forsale,2018,installed,2018,asnew,gas,77,1,,,,,true,,,1,1,,10/18/22
9999979,apartment,apartment,380000,forsale,4000,installed,,asnew,,,2,,,true,,true,,,1,1,1,10/18/22
9997409,apartment,apartment,380000,forsale,4000,installed,,asnew,,,2,,,true,,true,,,1,1,1,10/18/22
9997404,apartment,apartment,380000,forsale,4000,installed,,asnew,,,2,,,true,,true,,,1,1,1,10/18/22
10003257,apartment,apartment,385000,forsale,4000,installed,,asnew,,,2,,,true,,true,,,1,1,1,10/18/22
10117669,apartment,apartment,389000,forsale,9340,,,,gas,,3,,,,,true,,,,,1,10/18/22
10001034,apartment,apartment,395000,forsale,4000,installed,,asnew,,,2,,,true,,true,,,1,1,1,10/18/22
9925269,apartment,apartment,425920,forsale,1300,hyperequipped,,,gas,85,3,,,true,45,true,,,,1,1,10/18/22
10003259,apartment,apartment,450000,forsale,4000,installed,,asnew,,,2,,,true,,true,,,1,1,1,10/18/22
9857923,apartment,apartment,469216,forsale,8680,installed,2022,good,,,3,,,,,,,,1,,1,10/18/22
10003261,apartment,apartment,470000,forsale,4000,installed,,asnew,,,2,,,true,,true,,,1,1,1,10/18/22
10003263,apartment,apartment,510000,forsale,4000,installed,,asnew,,,2,,,true,,true,,,1,1,1,10/18/22
10001035,apartment,apartment,512500,forsale,4000,installed,,asnew,,,3,,,true,,true,,,1,1,1,10/18/22
10003260,apartment,apartment,515000,forsale,4000,installed,,asnew,,,2,,,true,,true,,,1,1,1,10/18/22
10003258,apartment,apartment,522750,forsale,4000,installed,,asnew,,,3,,,true,,true,,,1,1,1,10/18/22
9463483,apartment,apartment,550000,forsale,1000,,2020,,gas,,2,,,true,,true,,,1,1,1,10/18/22
9463995,apartment,apartment,560000,forsale,1000,,2020,,gas,,3,,,true,,true,,,1,1,1,10/18/22
8845863,apartment,penthouse,569000,forsale,3000,,,asnew,,,2,,,,,true,,,,,1,10/18/22
10112487,apartment,apartment,609000,forsale,2000,,,asnew,,,2,,,,,true,,,,,1,10/18/22
10003262,apartment,apartment,620000,forsale,4000,installed,,asnew,,,2,,,true,,true,,,1,1,1,10/18/22
9867826,apartment,apartment,625000,forsale,2000,,,asnew,,,2,,,,,true,,,,,1,10/18/22
10139065,apartment,apartment,625000,forsale,8300,usahyperequipped,,asnew,,164,2,,,,,,,,,,,10/18/22
10007873,apartment,groundfloor,647500,forsale,1050,usahyperequipped,2021,asnew,gas,45,2,,,true,213,true,,,1,1,1,10/18/22
9867825,apartment,apartment,649000,forsale,2000,,,asnew,,,3,,,,,true,,,,,1,10/18/22
10157146,apartment,apartment,385000,forsale,9000,,,,,154,2,,,true,,true,,,,,,10/18/22
10142777,apartment,apartment,210000,forsale,8900,usainstalled,,asnew,gas,341,2,,,,,,true,,,,,10/18/22
10143798,apartment,apartment,295000,forsale,1050,,1937,good,gas,241,2,,,,,true,,,,,,10/18/22
10143602,apartment,apartment,1850000,forsale,8300,usasemiequipped,,asnew,,,3,,,,,true,,,1,,,10/18/22
10130365,apartment,apartment,198000,forsale,1080,installed,,good,gas,387,1,,,true,,true,true,,,,,10/18/22
10131993,apartment,apartment,229000,forsale,2100,installed,1973,,gas,331,3,,,,,,,,,,,10/18/22
10147631,apartment,apartment,229500,forsale,1480,hyperequipped,2022,,gas,,1,,,,,true,,,,1,1,10/18/22
10158334,house,house,489000,forsale,7712,,,,,172,4,430,,,,true,,,5,5,,10/18/22
10158332,house,house,249000,forsale,8792,semiequipped,,good,gas,427,3,516,,true,,,,,3,2,,10/18/22
10158327,house,villa,745000,forsale,7850,installed,1978,good,,271,4,3135,,true,2500,true,true,true,2,8,,10/18/22
10158324,apartment,flatstudio,199000,forsale,1180,installed,,,gas,242,0,,,,,true,,,,,,10/18/22
10094199,house,house,159000,forsale,2620,installed,1972,good,gas,338,3,69,,,,,,,,,,10/18/22
10158321,house,house,278532,forsale,6530,,,,,,2,210,,,,,,,,,1,10/18/22
10158313,housegroup,housegroup,199000-199000,forsale,4400,,,,,,,,,,,,,,,,1,10/18/22
10158302,apartment,apartment,230000,forsale,2018,installed,2018,asnew,gas,77,1,,,,,true,,,1,1,,10/18/22
10134608,apartment,apartment,477000,forsale,1435,usahyperequipped,2022,asnew,gas,,3,,,true,,true,,,,,1,10/18/22
10150437,apartment,apartment,214500,forsale,8420,installed,,,,210,2,,,true,,,,,,,,10/18/22
10148871,apartment,groundfloor,259000,forsale,1600,usahyperequipped,1987,justrenovated,electric,414,2,,,,,,,,,,,10/18/22
10150623,apartment,apartment,315000,forsale,8420,,,asnew,,,1,,,,133,,,,1,,,10/18/22
10136631,apartment,apartment,28000,forsale,6200,installed,,good,gas,417,1,,,true,,,,,2,,,10/18/22
10136546,apartment,apartment,150000,forsale,1050,installed,,,,143,3,,,true,,,,,,1,,10/18/22
10136144,apartment,apartment,189000,forsale,9990,hyperequipped,,,,292,2,,,,,true,,,,,,10/18/22
10137565,apartment,apartment,269000,forsale,1020,installed,1958,,fueloil,187,2,,,true,,true,,,1,,,10/18/22
10145356,apartmentgroup,apartmentgroup,229000-698000,forsale,7500,,,,,,,,,,,,,,,50,1,10/18/22
10077200,apartment,apartment,189000,forsale,1070,installed,1970,good,gas,,1,,,true,,true,,,,,,10/18/22
10104099,apartment,apartment,225000,forsale,1083,usainstalled,1965,good,gas,220,2,,,true,,,,,,,,10/18/22
10112065,apartment,apartment,300000,forsale,1200,usainstalled,1991,good,gas,183,2,,,true,,,,,,1,,10/18/22
10101344,apartment,apartment,345000,forsale,1180,semiequipped,1967,tobedoneup,gas,158,2,,,true,,true,,,,,,10/18/22
10156741,apartment,apartment,499000,forsale,8300,,1977,asnew,,,2,,,true,,,,,,,,10/18/22
10156740,apartment,apartment,499000,forsale,8301,,1977,asnew,,,2,,,true,,,,,,,,10/18/22
10102066,apartment,groundfloor,120000,forsale,7500,,,good,gas,398,1,,,true,,,,,,,,10/18/22
10140395,apartment,apartment,195000,forsale,9620,,,asnew,,180,1,,,,,,,,,,,10/18/22
10141052,apartment,apartment,300000,forsale,1420,,1997,asnew,,,3,,,true,,true,true,,4,,,10/18/22
9299048,apartment,apartment,80000,forsale,8370,,1999,good,electric,246,1,,,,,,,,,,,10/18/22
10054311,apartment,apartment,99000,forsale,8420,installed,1967,,gas,442,2,,,,,true,,,,1,,10/18/22
10100173,apartment,apartment,110000,forsale,2610,installed,1967,,,636,2,,,true,,,,,,,,10/18/22
10097922,apartment,apartment,110000,forsale,6761,semiequipped,1994,,,282,1,,,true,,,,,,1,,10/18/22
10124121,apartment,apartment,115000,forsale,2600,installed,1973,,,126,2,,,true,,true,,,,,,10/18/22
9976011,apartment,apartment,125000,forsale,7700,semiequipped,,tobedoneup,gas,475,2,,,,,,,,,,,10/18/22
9945713,apartment,flatstudio,126000,forsale,8620,,1976,asnew,electric,251,1,,,,,true,,,,,,10/18/22
10034304,apartment,apartment,159500,forsale,6000,hyperequipped,1970,asnew,,200,2,,,,,true,,,,,,10/18/22
10075211,apartment,apartment,165000,forsale,1060,,1933,tobedoneup,gas,,1,,,,,,,,,,,10/18/22
9843764,apartment,apartment,165000,forsale,2100,installed,1936,good,gas,203,2,,,,,,,,,,,10/18/22
8918043,apartment,apartment,169000,forsale,8530,,1977,asnew,,,2,,,true,,true,,,1,,,10/18/22
9864873,apartment,apartment,179000,forsale,9200,,2007,asnew,gas,200,1,,,,,true,,,1,,,10/18/22
10158334,house,house,489000,forsale,7712,,,,,172,4,430,,,,true,,,5,5,,10/18/22
10158332,house,house,249000,forsale,8792,semiequipped,,good,gas,427,3,516,,true,,,,,3,2,,10/18/22
10158327,house,villa,745000,forsale,7850,installed,1978,good,,271,4,3135,,true,2500,true,true,true,2,8,,10/18/22
10158324,apartment,flatstudio,199000,forsale,1180,installed,,,gas,242,0,,,,,true,,,,,,10/18/22
10094199,house,house,159000,forsale,2620,installed,1972,good,gas,338,3,69,,,,,,,,,,10/18/22
10158321,house,house,278532,forsale,6530,,,,,,2,210,,,,,,,,,1,10/18/22
10158313,housegroup,housegroup,199000-199000,forsale,4400,,,,,,,,,,,,,,,,1,10/18/22
10158302,apartment,apartment,230000,forsale,2018,installed,2018,asnew,gas,77,1,,,,,true,,,1,1,,10/18/22
10051672,apartment,apartment,179000,forsale,9200,,2007,asnew,gas,200,1,,,,,true,,,1,,,10/18/22
10076530,apartment,apartment,180000,forsale,3740,,,,gas,258,2,,,true,,,,,,,,10/18/22
9773302,apartment,apartment,184980,forsale,7380,,,,gas,118,2,,,,,,,,,1,,10/18/22
9907684,apartment,apartment,185000,forsale,9550,,2013,asnew,,95.66,2,,,,,true,,,,20,,10/18/22
9785042,apartment,apartment,185000,forsale,9620,installed,,justrenovated,gas,180,1,,,,,,,,,,,10/18/22
10127129,apartment,apartment,190000,forsale,9100,installed,1983,,,287,3,,,,,true,,,,,,10/18/22
9773303,apartment,apartment,191275,forsale,7380,,,,gas,107,2,,,,,,,,,1,,10/18/22
9182970,apartment,apartment,195000,forsale,1370,hyperequipped,2021,,gas,,1,,,true,17,true,,,,12,,10/18/22
9572891,apartment,apartment,199000,forsale,1083,installed,,good,,231,2,,,true,,true,,,,,,10/18/22
9362859,apartment,apartment,199000,forsale,2880,,2017,,,,1,,,,,true,,,,,,10/18/22
9362858,apartment,apartment,199000,forsale,2880,,2017,,,,1,,,,,true,,,,,,10/18/22
10092329,apartment,apartment,199000,forsale,9900,installed,,good,electric,193,2,,,,,,,,,,,10/18/22
10110049,apartment,apartment,210000,forsale,2620,installed,2002,,,97,2,,,,,true,,,1,,,10/18/22
10040499,apartment,apartment,215000,forsale,9910,,,asnew,gas,317,1,,,,,,,,1,,,10/18/22
9652849,apartment,apartment,216000,forsale,2880,,2017,,,,1,,,,,true,,,,,,10/18/22
9652848,apartment,apartment,216000,forsale,2880,,2017,,,,1,,,,,true,,,,,,10/18/22
10116799,apartment,apartment,219000,forsale,8670,,,asnew,gas,146,2,,,true,,true,,,,,,10/18/22
9665083,apartment,apartment,224000,forsale,2850,,2022,asnew,,,2,,,true,51,true,,,1,,,10/18/22
9830516,apartment,apartment,225000,forsale,8400,,,,gas,86,1,,,,,,,,,,,10/18/22
10125832,apartment,apartment,225000,forsale,8620,,1970,asnew,gas,134,1,,,,,true,,,,,,10/18/22
9809277,apartment,apartment,225000,forsale,9400,,2018,good,,96,2,,,,,,,,,,,10/18/22
9809281,apartment,apartment,225000,forsale,9402,,2018,good,,96,2,,,,,,,,,,,10/18/22
9935232,apartment,apartment,229000,forsale,2560,installed,1976,justrenovated,gas,229,2,,,,,,,,,1,,10/18/22
10100269,apartment,apartment,229000,forsale,4020,installed,,asnew,,,2,,,,,,,,,,,10/18/22
10106824,apartment,apartment,229000,forsale,8600,installed,2008,,,178,2,,,,12,,,,,,,10/18/22
10108404,apartment,apartment,230000,forsale,2950,installed,1966,,,388,3,,,true,,,,,1,,,10/18/22
10062864,apartment,apartment,230000,forsale,8770,installed,,,gas,,2,,,true,,true,,,,,,10/18/22
10110282,apartment,apartment,230000,forsale,9000,,,good,gas,591,2,,,,,,,,,,,10/18/22
9973112,apartment,apartment,238000,forsale,6700,installed,2005,good,gas,142,2,,,,,true,,,,1,,10/18/22
9182969,apartment,apartment,240000,forsale,1370,hyperequipped,2021,,gas,,2,,,true,44,true,,,,12,,10/18/22
10158334,house,house,489000,forsale,7712,,,,,172,4,430,,,,true,,,5,5,,10/18/22
10158332,house,house,249000,forsale,8792,semiequipped,,good,gas,427,3,516,,true,,,,,3,2,,10/18/22
10158327,house,villa,745000,forsale,7850,installed,1978,good,,271,4,3135,,true,2500,true,true,true,2,8,,10/18/22
10158324,apartment,flatstudio,199000,forsale,1180,installed,,,gas,242,0,,,,,true,,,,,,10/18/22
10094199,house,house,159000,forsale,2620,installed,1972,good,gas,338,3,69,,,,,,,,,,10/18/22
10158321,house,house,278532,forsale,6530,,,,,,2,210,,,,,,,,,1,10/18/22
10158313,housegroup,housegroup,199000-199000,forsale,4400,,,,,,,,,,,,,,,,1,10/18/22
10158302,apartment,apartment,230000,forsale,2018,installed,2018,asnew,gas,77,1,,,,,true,,,1,1,,10/18/22
10022367,apartment,apartment,241900,forsale,6000,usauninstalled,2022,asnew,electric,,2,,,,,true,,,,,,10/18/22
9532802,apartment,apartment,243000,forsale,8650,installed,2022,good,,,2,,,,13,,,,1,,,10/18/22
9532799,apartment,apartment,243000,forsale,8650,installed,2022,good,,,2,,,,13,,,,1,,,10/18/22
9182971,apartment,apartment,245000,forsale,1370,usahyperequipped,2021,,gas,,2,,,true,,true,,,,12,,10/18/22
9825703,apartment,apartment,245000,forsale,8800,hyperequipped,2020,,gas,,2,,,,50,true,,,,,,10/18/22
9532801,apartment,apartment,249000,forsale,8650,installed,2022,good,,,2,,,,13,,,,1,,,10/18/22
9532800,apartment,apartment,249000,forsale,8650,installed,2022,good,,,2,,,,13,,,,1,,,10/18/22
9510565,apartment,apartment,249500,forsale,2880,,2017,,,,1,,,,,true,,,,1,,10/18/22
9532809,apartment,apartment,254000,forsale,8650,installed,2022,good,,,2,,,,13,,,,1,,,10/18/22
9532805,apartment,apartment,254000,forsale,8650,installed,2022,good,,,2,,,,13,,,,1,,,10/18/22
9756378,apartment,apartment,259900,forsale,1500,,2022,,,,2,,,,,,,,,,,10/18/22
9972304,apartment,apartment,260000,forsale,1180,installed,,,,,2,,,true,,,,,,,,10/18/22
9532804,apartment,apartment,260000,forsale,8650,installed,2022,good,,,2,,,,13,,,,1,,,10/18/22
9532803,apartment,apartment,260000,forsale,8650,installed,2022,good,,,2,,,,13,,,,1,,,10/18/22
9532806,apartment,apartment,269500,forsale,8650,installed,2022,good,,,2,,,,13,,,,1,,,10/18/22
9532795,apartment,apartment,269500,forsale,8650,installed,2022,good,,,2,,,,13,,,,1,,,10/18/22
9532807,apartment,apartment,277000,forsale,8650,installed,2022,good,,,2,,,,13,,,,1,,,10/18/22
10119834,apartment,apartment,279000,forsale,2627,,2004,,gas,186,2,,,,,true,,,,1,,10/18/22
10099393,apartment,apartment,299000,forsale,1440,usahyperequipped,2011,good,,163,2,,,true,,true,,,1,1,,10/18/22
9974065,apartment,apartment,299500,forsale,8800,installed,2018,,gas,,2,,,,,true,,,,,,10/18/22
10012434,apartment,apartment,319000,forsale,8300,,,asnew,,188,1,,,,,,,,,,,10/18/22
10112939,apartment,apartment,325000,forsale,1120,installed,1997,,electric,,2,,,,,true,true,,1,,,10/18/22
10080922,apartment,apartment,329000,forsale,8400,,,,gas,1172,2,,,,,,,,,,,10/18/22
10119515,apartment,apartment,340000,forsale,3000,,2006,,gas,199,2,,,true,,true,,,,1,,10/18/22
9714206,apartment,apartment,345000,forsale,8670,installed,1966,,,506,2,,,true,35,true,,,,,,10/18/22
9898057,apartment,apartment,349000,forsale,2500,installed,2020,asnew,,29,2,,,,,,,,,1,,10/18/22
10029894,apartment,apartment,350000,forsale,1348,installed,,,gas,155,1,,,,,true,,,1,,,10/18/22
9859030,apartment,apartment,352500,forsale,3300,,2022,,,,3,,,,,true,true,,,1,,10/18/22
10061417,apartment,apartment,360000,forsale,1190,hyperequipped,2011,asnew,gas,,3,,,,,true,,,1,,,10/18/22
9999720,apartment,apartment,375000,forsale,1180,notinstalled,1920,torenovate,,,2,,,true,,true,,,,,,10/18/22
10158334,house,house,489000,forsale,7712,,,,,172,4,430,,,,true,,,5,5,,10/18/22
10158332,house,house,249000,forsale,8792,semiequipped,,good,gas,427,3,516,,true,,,,,3,2,,10/18/22
10158327,house,villa,745000,forsale,7850,installed,1978,good,,271,4,3135,,true,2500,true,true,true,2,8,,10/18/22
10158324,apartment,flatstudio,199000,forsale,1180,installed,,,gas,242,0,,,,,true,,,,,,10/18/22
10094199,house,house,159000,forsale,2620,installed,1972,good,gas,338,3,69,,,,,,,,,,10/18/22
10158321,house,house,278532,forsale,6530,,,,,,2,210,,,,,,,,,1,10/18/22
10158313,housegroup,housegroup,199000-199000,forsale,4400,,,,,,,,,,,,,,,,1,10/18/22
10158302,apartment,apartment,230000,forsale,2018,installed,2018,asnew,gas,77,1,,,,,true,,,1,1,,10/18/22
10117434,apartment,groundfloor,375000,forsale,3300,,,asnew,,,3,,,,27,true,,,,,,10/18/22
10057364,apartment,apartment,390000,forsale,8770,installed,,,gas,,2,,,true,,true,,,,,,10/18/22
9955311,apartment,apartment,390000,forsale,8770,installed,,,gas,,2,,,true,,true,,,,,,10/18/22
10095072,apartment,apartment,395000,forsale,1000,usahyperequipped,1900,justrenovated,gas,145,2,,,,,true,,,,,,10/18/22
10032371,apartment,apartment,395000,forsale,1000,usahyperequipped,1900,justrenovated,gas,145,2,,,,,true,,,,,,10/18/22
10109662,apartment,apartment,395000,forsale,1040,semiequipped,1970,,gas,,4,,,,,true,,,,,,10/18/22
10098906,apartment,duplex,395000,forsale,1970,,,,,,2,,,,,true,,,,,,10/18/22
10094463,apartment,apartment,395000,forsale,4000,hyperequipped,,asnew,gas,,4,,,true,,true,true,,,1,,10/18/22
10064367,apartment,apartment,420000,forsale,9000,installed,,asnew,gas,333,1,,,,,,,,,,,10/18/22
10058253,apartment,apartment,425000,forsale,8300,hyperequipped,2015,asnew,gas,,2,,,,,,,,,,,10/18/22
10028803,apartment,apartment,425000,forsale,8300,,2015,asnew,gas,,2,,,true,,true,,,,,,10/18/22
10109684,apartment,apartment,440000,forsale,1060,,,torestore,gas,253,2,,,,60,true,,,,,,10/18/22
10045495,apartment,apartment,445000,forsale,2000,,,good,gas,93,2,,,true,,true,,,,1,,10/18/22
9028054,apartment,apartment,490000,forsale,2000,,,asnew,,,2,,,,,true,,,,,,10/18/22
10058252,apartment,apartment,497000,forsale,8300,hyperequipped,2020,,gas,,1,,,true,,true,,,1,,,10/18/22
10058251,apartment,apartment,547000,forsale,8300,hyperequipped,2020,,gas,,1,,,,,true,,,1,,,10/18/22
10125370,apartment,duplex,550000,forsale,9230,installed,,,,236,3,,,true,,true,,,,,,10/18/22
10096490,apartment,apartment,585000,forsale,9300,hyperequipped,2004,asnew,,161,2,,,true,,true,,,1,,,10/18/22
10100877,apartment,apartment,599500,forsale,8300,installed,1969,asnew,,181,2,,,,,,,,,,,10/18/22
10119260,apartment,loft,719000,forsale,8000,hyperequipped,,asnew,,309,3,,,,,,,,,,,10/18/22
10099237,apartment,groundfloor,749000,forsale,2070,,,asnew,gas,199,2,,,,270,true,,,,,,10/18/22
10019964,apartment,apartment,795000,forsale,1180,,,,gas,,3,,,true,,true,,,1,,,10/18/22
10085825,apartment,penthouse,895000,forsale,8300,usahyperequipped,1978,justrenovated,gas,245,2,,,,,true,,,,,,10/18/22
9985412,apartment,apartment,895000,forsale,8300,,2022,,,245,2,,,,,true,,,,,,10/18/22
9875615,apartment,apartment,1626625,forsale,8500,,2022,,gas,,2,,,,,true,,,,,,10/18/22
10121816,apartment,groundfloor,1650000,forsale,1180,,2022,asnew,gas,5986,3,,,true,1400,true,,,2,,,10/18/22
10091784,apartment,groundfloor,1690000,forsale,1180,,2022,asnew,gas,5667,3,,,true,1000,true,,,2,,,10/18/22
10082317,apartment,groundfloor,1690000,forsale,1180,,2022,asnew,gas,5667,3,,,true,1000,true,,,2,,,10/18/22
9862955,apartment,groundfloor,1690000,forsale,1180,,2022,asnew,gas,5667,3,,,true,1000,true,,,2,,,10/18/22
9847602,apartment,duplex,1985000,forsale,9000,notinstalled,1780,justrenovated,gas,,3,,,,,,,,,,,10/18/22
10158422,apartmentgroup,apartmentgroup,427125-427125,forsale,1420,,,,,,,,,,,,,,1,1,1,10/18/22
10158413,apartmentgroup,apartmentgroup,361800-693450,forsale,1420,,,,,,,,,,,,,,1,,1,10/18/22
10158411,apartment,apartment,139000,forsale,8420,installed,,good,gas,436,2,,,,,,,,,,,10/18/22
10158410,house,villa,2750000,forsale,2360,installed,1987,asnew,,131,6,6420,,true,6420,,true,true,4,6,,10/18/22
10158405,house,house,109000,forsale,8530,installed,1919,tobedoneup,gas,538,2,126,,true,68,,,,,,,10/18/22
10158403,house,house,270000,forsale,8800,installed,,good,,433,3,173,,,73,,,,1,1,,10/18/22
10158401,house,house,440000,forsale,3210,,1951,,,444,4,1231,,true,,,,,,4,,10/18/22
10158399,apartment,duplex,272000,forsale,1785,installed,2014,,,96.21,2,,,,,true,true,,,,,10/18/22
9998137,apartment,duplex,2350000,forsale,8300,,2021,asnew,,,2,,,true,,true,,,,,,10/18/22
10051135,apartment,penthouse,2500000,forsale,1050,hyperequipped,,asnew,gas,,4,,,,,true,,,4,,,10/18/22
10018441,apartment,apartment,2950000,forsale,8300,,,justrenovated,gas,226,3,,,,,,,,,,,10/18/22
10004248,apartment,apartment,2990000,forsale,1160,hyperequipped,2020,asnew,gas,,3,,,true,,true,true,,2,,,10/18/22
8385058,apartment,apartment,3297000,forsale,1050,,2018,justrenovated,gas,,3,,,,,true,,,,,,10/18/22
9949938,apartment,apartment,3820000,forsale,8300,,,,gas,168,2,,,,,,,,,,,10/18/22
10004240,apartment,apartment,6490000,forsale,1160,hyperequipped,2020,asnew,gas,,4,,,true,,true,true,,2,2,,10/18/22
10145830,apartment,apartment,155000,forsale,7000,installed,1997,good,electric,313,1,,,true,,,,,,1,,10/18/22
10028413,apartment,groundfloor,170000,forsale,1420,installed,1990,good,gas,333,1,,,,,,,,1,,,10/18/22
10145634,apartment,groundfloor,275000,forsale,1050,hyperequipped,,asnew,gas,324,1,,,true,,,,,,,,10/18/22
10145589,apartment,apartment,310000,forsale,9500,,,justrenovated,,127,2,,,,,true,,,1,1,,10/18/22
10132488,apartment,apartment,129000,forsale,1210,semiequipped,,good,gas,167,1,,,,,,,,,,,10/18/22
10132487,apartment,flatstudio,149000,forsale,1080,semiequipped,,tobedoneup,gas,205,0,,,,,true,,,,,,10/18/22
10105374,apartment,apartment,239000,forsale,1850,hyperequipped,,asnew,gas,128,3,,true,,,,,,,,,10/18/22
10090826,apartment,duplex,800000,forsale,1190,usahyperequipped,,asnew,gas,230,3,,,true,,true,,,2,2,,10/18/22
10132035,apartment,apartment,995000,forsale,8300,,1935,tobedoneup,,197,2,,,true,,,,,2,,,10/18/22
10136923,apartment,apartment,350000,forsale,9800,installed,2021,,,,2,,,,,true,,,,,1,10/18/22
10146928,apartment,penthouse,415000,forsale,1050,,,asnew,,,1,,,,,true,,,,,,10/18/22
10056783,apartment,apartment,150000,forsale,1160,installed,,,,392,2,,,true,,true,,,,,,10/18/22
10102065,apartment,apartment,195000,forsale,1090,installed,,,,253,3,,,true,,true,,,,,,10/18/22
10135407,apartment,loft,329000,forsale,8720,,2007,,,102,3,,,,,,,,1,1,,10/18/22
10094731,apartment,apartment,35000,forsale,6200,,,,gas,227,2,,,,,,,,,,,10/18/22
10151637,apartment,apartment,235000,forsale,1060,,,torenovate,,,2,,,,,true,,,,,,10/18/22
10153784,apartment,apartment,249000,forsale,8310,installed,,justrenovated,,,2,,,,,,,,1,,,10/18/22
10151391,apartment,apartment,449000,forsale,3001,,,,electric,519,3,,,true,260,,,,1,,,10/18/22
10128754,apartment,apartment,185000,forsale,8850,installed,2020,good,,,1,,,,21,,,,,,1,10/18/22
10118453,apartment,apartment,199900,forsale,6224,,,asnew,,,2,,,,,true,,,,2,1,10/18/22
10116533,apartment,apartment,204750,forsale,8930,installed,,good,gas,,2,,,,12,true,,,,1,1,10/18/22
10138396,apartment,apartment,209000,forsale,2950,,,good,,110,2,,,,,true,,,,,,10/18/22
10100926,apartment,apartment,209000,forsale,8940,,,,,,2,,,,,,,,,,1,10/18/22
10158422,apartmentgroup,apartmentgroup,427125-427125,forsale,1420,,,,,,,,,,,,,,1,1,1,10/18/22
10158413,apartmentgroup,apartmentgroup,361800-693450,forsale,1420,,,,,,,,,,,,,,1,,1,10/18/22
10158411,apartment,apartment,139000,forsale,8420,installed,,good,gas,436,2,,,,,,,,,,,10/18/22
10158410,house,villa,2750000,forsale,2360,installed,1987,asnew,,131,6,6420,,true,6420,,true,true,4,6,,10/18/22
10158405,house,house,109000,forsale,8530,installed,1919,tobedoneup,gas,538,2,126,,true,68,,,,,,,10/18/22
10158403,house,house,270000,forsale,8800,installed,,good,,433,3,173,,,73,,,,1,1,,10/18/22
10158401,house,house,440000,forsale,3210,,1951,,,444,4,1231,,true,,,,,,4,,10/18/22
10158399,apartment,duplex,272000,forsale,1785,installed,2014,,,96.21,2,,,,,true,true,,,,,10/18/22
9714228,apartment,apartment,227350,forsale,8600,,2016,,,,2,,,,,,,,,,1,10/18/22
9881410,apartment,serviceflat,243163,forsale,1600,installed,2022,,,,1,,,,,true,,,1,,1,10/18/22
9881409,apartment,serviceflat,243626,forsale,1600,installed,2022,,,,1,,,,,true,,,1,,1,10/18/22
10140256,apartment,apartment,245000,forsale,8730,,,asnew,gas,154,2,,,,,,,,1,,,10/18/22
10140217,apartment,apartment,249000,forsale,8800,,1988,asnew,,193,3,,,,,true,,,,1,,10/18/22
10109707,apartment,apartment,261000,forsale,1340,hyperequipped,,asnew,gas,,1,,,true,,true,,,1,,1,10/18/22
10139986,apartment,apartment,274432,forsale,9300,installed,,,gas,,2,,,,15,true,,,,,,10/18/22
10139110,apartment,apartment,288000,forsale,9000,,,,,172,2,,,,,,,,,,,10/18/22
10108739,apartment,penthouse,290000,forsale,8211,,2022,asnew,,,3,,,,,true,,,,,1,10/18/22
10037707,apartment,apartment,295000,forsale,1070,hyperequipped,2022,asnew,gas,24.49,2,,,true,,true,,,,,1,10/18/22
9990787,apartment,apartment,299000,forsale,9180,installed,2021,,gas,,1,,,,,true,,,,,1,10/18/22
9990788,apartment,apartment,300800,forsale,9180,installed,2021,,gas,,2,,,,,true,,,,,1,10/18/22
9387024,apartment,groundfloor,320000,forsale,9200,,2021,asnew,,40,2,,,,35,true,,,1,,1,10/18/22
10117636,apartment,apartment,325000,forsale,9420,installed,,,gas,,2,,,,95,true,true,,,,1,10/18/22
9602407,apartment,apartment,329000,forsale,1490,hyperequipped,,asnew,gas,,3,,,true,,true,,,2,,1,10/18/22
10023498,apartment,apartment,346268,forsale,3640,hyperequipped,2021,,gas,,2,,,true,,true,,,1,1,1,10/18/22
10023494,apartment,apartment,346268,forsale,3640,hyperequipped,2021,,gas,,3,,,true,,true,,,1,1,1,10/18/22
10023493,apartment,apartment,346268,forsale,3640,hyperequipped,2021,,gas,,2,,,true,,true,,,1,1,1,10/18/22
9828871,apartment,apartment,365000,forsale,8000,usahyperequipped,2022,,gas,,2,,,,,true,,,,,1,10/18/22
10023496,apartment,apartment,368609,forsale,3640,hyperequipped,2021,,gas,,3,,,true,,true,,,1,1,1,10/18/22
10023490,apartment,apartment,368609,forsale,3640,hyperequipped,2021,,gas,,3,,,true,,true,,,1,1,1,10/18/22
10109710,apartment,apartment,399000,forsale,1340,hyperequipped,,asnew,gas,,2,,,true,,true,,,1,,1,10/18/22
10109712,apartment,apartment,450000,forsale,1340,hyperequipped,,asnew,gas,,2,,,true,,true,,,1,,1,10/18/22
10057967,apartment,duplex,450000,forsale,6690,,2022,asnew,gas,,3,,,true,,true,true,,1,2,1,10/18/22
10069417,apartment,apartment,495000,forsale,2000,hyperequipped,2021,asnew,,,2,,,,,true,,,1,1,1,10/18/22
10069419,apartment,apartment,620000,forsale,2000,hyperequipped,2021,asnew,,,2,,,,,true,,,1,1,1,10/18/22
10040980,apartment,penthouse,620000,forsale,2600,hyperequipped,2022,asnew,,,2,,,true,,true,true,,,,1,10/18/22
10040979,apartment,penthouse,720000,forsale,2600,hyperequipped,2022,asnew,,,2,,,true,,true,true,,,,1,10/18/22
10158058,apartment,duplex,275000,forsale,1020,,,,gas,,4,,,true,,,,,,,,10/18/22
10104214,apartment,penthouse,389000,forsale,1140,hyperequipped,,asnew,gas,265,3,,,true,,true,,,,,,10/18/22
10158422,apartmentgroup,apartmentgroup,427125-427125,forsale,1420,,,,,,,,,,,,,,1,1,1,10/18/22
10158413,apartmentgroup,apartmentgroup,361800-693450,forsale,1420,,,,,,,,,,,,,,1,,1,10/18/22
10158411,apartment,apartment,139000,forsale,8420,installed,,good,gas,436,2,,,,,,,,,,,10/18/22
10158410,house,villa,2750000,forsale,2360,installed,1987,asnew,,131,6,6420,,true,6420,,true,true,4,6,,10/18/22
10158405,house,house,109000,forsale,8530,installed,1919,tobedoneup,gas,538,2,126,,true,68,,,,,,,10/18/22
10158403,house,house,270000,forsale,8800,installed,,good,,433,3,173,,,73,,,,1,1,,10/18/22
10158401,house,house,440000,forsale,3210,,1951,,,444,4,1231,,true,,,,,,4,,10/18/22
10158399,apartment,duplex,272000,forsale,1785,installed,2014,,,96.21,2,,,,,true,true,,,,,10/18/22
10144882,apartment,groundfloor,455500,forsale,9070,hyperequipped,2023,asnew,gas,,3,,,,,true,,,,1,1,10/18/22
10144591,apartment,apartment,178000,forsale,8870,,2005,,,97,2,,,,,,,,,,,10/18/22
10144661,apartment,groundfloor,349900,forsale,2000,,,tobedoneup,,586,2,,,,48,,,,,,,10/18/22
10132002,apartment,apartment,265000,forsale,7864,,,,fueloil,596,5,,,true,,,,,1,,,10/18/22
10131728,apartment,apartment,299500,forsale,8800,,2017,asnew,,94.69,2,,,,,,,,,,,10/18/22
10130463,apartment,apartment,540000,forsale,1050,usahyperequipped,1938,justrenovated,gas,150,2,,,true,,,,,,,,10/18/22
10130646,apartment,apartment,649000,forsale,2800,notinstalled,,good,gas,163,3,,,,,true,,,,,,10/18/22
10130810,apartment,apartment,880000,forsale,1050,usahyperequipped,1937,justrenovated,fueloil,190,3,,,true,,true,true,,,,,10/18/22
10130010,apartment,apartment,1850000,forsale,9000,hyperequipped,,,gas,246,4,,,true,,true,true,,,,,10/18/22
10147520,apartment,apartment,229500,forsale,1480,hyperequipped,2022,,gas,,1,,,,,true,,,,1,1,10/18/22
10147499,apartment,apartment,279500,forsale,1480,hyperequipped,2022,,gas,,2,,,,,true,,,,1,1,10/18/22
10113570,apartment,groundfloor,249000,forsale,1083,usahyperequipped,1970,asnew,gas,350,3,,,true,,,,,,,,10/18/22
10102447,apartment,apartment,295000,forsale,1090,installed,,good,gas,233,2,,,true,,true,,,1,1,,10/18/22
10123489,apartment,apartment,415000,forsale,1050,installed,,good,gas,105,2,,,true,,true,,,1,1,,10/18/22
10136928,apartment,serviceflat,225000,forsale,9800,installed,,,,131,1,,,,,,,,,,,10/18/22
10142493,apartment,apartment,188000,forsale,9420,installed,1995,good,electric,346,2,,,,,,,,,,,10/18/22
10130312,apartment,apartment,209000,forsale,7700,installed,,asnew,gas,119,2,,,,,true,,,,1,1,10/18/22
10140324,apartment,apartment,280000,forsale,4000,,,asnew,gas,146,2,,,true,,,,,,,,10/18/22
10141465,apartment,duplex,285000,forsale,2600,,1964,,,235,3,,,,,true,,,,,,10/18/22
10130308,apartment,apartment,390000,forsale,7500,installed,2020,asnew,,78,2,,,,,true,true,,,1,1,10/18/22
10141462,apartment,flatstudio,489000,forsale,8300,,1973,,,202,0,,,true,,,,,,,,10/18/22
9780337,apartment,apartment,95000,forsale,7700,installed,,justrenovated,electric,398,1,,,true,,,,,1,,,10/18/22
9770887,apartment,apartment,99000,forsale,8200,,1976,good,,460,0,,,,,,,,,,,10/18/22
10103752,apartment,apartment,115000,forsale,3800,,1960,tobedoneup,fueloil,223,1,,,,,,,,,,,10/18/22
10026045,apartment,apartment,124000,forsale,8400,installed,1964,good,gas,,2,,,true,,,,,,,,10/18/22
10083619,apartment,apartment,125000,forsale,1070,notinstalled,,torenovate,gas,296,1,,,,,true,,,,,,10/18/22
9861301,apartment,kot,129000,forsale,3000,,2015,good,,77.29,1,,,,,,,,,,,10/18/22
10084414,apartment,serviceflat,129000,forsale,8000,,,good,gas,117,1,,,,,,,,,,,10/18/22
9930919,apartment,apartment,129000,forsale,8870,installed,,asnew,gas,337,1,,,,,true,,,,,,10/18/22
9958886,apartment,apartment,129500,forsale,8400,,1961,torenovate,,514,1,,,true,,,,,,,,10/18/22
10158422,apartmentgroup,apartmentgroup,427125-427125,forsale,1420,,,,,,,,,,,,,,1,1,1,10/18/22
10158413,apartmentgroup,apartmentgroup,361800-693450,forsale,1420,,,,,,,,,,,,,,1,,1,10/18/22
10158411,apartment,apartment,139000,forsale,8420,installed,,good,gas,436,2,,,,,,,,,,,10/18/22
10158410,house,villa,2750000,forsale,2360,installed,1987,asnew,,131,6,6420,,true,6420,,true,true,4,6,,10/18/22
10158405,house,house,109000,forsale,8530,installed,1919,tobedoneup,gas,538,2,126,,true,68,,,,,,,10/18/22
10158403,house,house,270000,forsale,8800,installed,,good,,433,3,173,,,73,,,,1,1,,10/18/22
10158401,house,house,440000,forsale,3210,,1951,,,444,4,1231,,true,,,,,,4,,10/18/22
10158399,apartment,duplex,272000,forsale,1785,installed,2014,,,96.21,2,,,,,true,true,,,,,10/18/22
10061717,apartment,apartment,135000,forsale,7340,,,,gas,416,3,,,,,,,,1,,,10/18/22
9893467,apartment,apartment,135000,forsale,9051,,1995,,electric,201,1,,,true,,true,,true,,,,10/18/22
10112325,apartment,apartment,139000,forsale,1081,semiequipped,,good,gas,244,1,,,true,,,,,,,,10/18/22
10013473,apartment,penthouse,140000,forsale,4540,,,,gas,390,3,,,,,true,,,,,,10/18/22
9881796,apartment,apartment,145000,forsale,1090,installed,,,gas,192,1,,,true,,true,,,,,,10/18/22
10087895,apartment,apartment,149000,forsale,1080,usasemiequipped,,good,fueloil,220,1,,,,,,,,,1,,10/18/22
9681450,apartment,flatstudio,149500,forsale,8570,installed,2019,good,,88,1,,,,,,,,,8,,10/18/22
10021223,apartment,apartment,150000,forsale,6001,,,good,fueloil,276,2,,,true,,,,,1,,,10/18/22
9904703,apartment,flatstudio,159000,forsale,8620,,1999,justrenovated,electric,395,1,,,,,true,,,,,,10/18/22
9852605,apartment,apartment,160000,forsale,1500,,2019,,,,1,,,,,,,,,,,10/18/22
10109140,apartment,apartment,160000,forsale,2800,,1977,,,170,1,,,,,,,,,,,10/18/22
10044749,apartment,apartment,164000,forsale,8820,installed,2006,good,,201,1,,,,,,,,,,,10/18/22
10069745,apartment,apartment,165000,forsale,1480,,,tobedoneup,gas,,2,,,true,,true,,,,,,10/18/22
9426412,apartment,flatstudio,165000,forsale,8434,hyperequipped,,good,gas,,0,,,true,,true,,,,,,10/18/22
10023187,apartment,apartment,169000,forsale,1070,installed,,asnew,electric,334,1,,,true,,,,,,,,10/18/22
10037830,apartment,apartment,169000,forsale,2000,,,good,electric,611,1,,,,,,,,,,,10/18/22
10044987,apartment,apartment,169000,forsale,9260,,1993,asnew,,336,2,,,,,true,,,,,,10/18/22
10044986,apartment,apartment,169000,forsale,9260,,1993,asnew,,370,2,,,,,true,,,,,,10/18/22
10081329,apartment,apartment,169500,forsale,8710,,,,,,1,,,,,true,,,,,,10/18/22
9977462,apartment,duplex,177500,forsale,8790,,2000,,,130,2,,,,,,,,,1,,10/18/22
10023188,apartment,apartment,179000,forsale,1070,installed,,asnew,electric,541,1,,,true,,,,,,,,10/18/22
9927267,apartment,flatstudio,179000,forsale,8434,,1977,asnew,,182,0,,,,,true,,,,,,10/18/22
9940930,apartment,apartment,187000,forsale,9100,,,justrenovated,,344,2,,,,,true,,,,,,10/18/22
9789413,apartment,loft,188000,forsale,9506,,1993,,gas,365,2,,,,,,,,,,,10/18/22
10092342,apartment,apartment,189000,forsale,8400,installed,,good,gas,289,2,,,true,,true,,,,,,10/18/22
10102545,apartment,flatstudio,189500,forsale,2000,,,asnew,,215,1,,,,,true,,,,,,10/18/22
10005286,apartment,apartment,195000,forsale,8790,,2002,asnew,,180,2,,,,,true,,,,,,10/18/22
9720516,apartment,apartment,198000,forsale,9100,,,torenovate,,258,2,,,,,,,,,,,10/18/22
10026842,apartment,apartment,199950,forsale,9470,,,good,,131,1,,,,,true,,,1,,,10/18/22
10082671,apartment,apartment,200000,forsale,1190,installed,,,,,2,,,true,,true,,,,,,10/18/22
10158422,apartmentgroup,apartmentgroup,427125-427125,forsale,1420,,,,,,,,,,,,,,1,1,1,10/18/22
10158413,apartmentgroup,apartmentgroup,361800-693450,forsale,1420,,,,,,,,,,,,,,1,,1,10/18/22
10158411,apartment,apartment,139000,forsale,8420,installed,,good,gas,436,2,,,,,,,,,,,10/18/22
10158410,house,villa,2750000,forsale,2360,installed,1987,asnew,,131,6,6420,,true,6420,,true,true,4,6,,10/18/22
10158405,house,house,109000,forsale,8530,installed,1919,tobedoneup,gas,538,2,126,,true,68,,,,,,,10/18/22
10158403,house,house,270000,forsale,8800,installed,,good,,433,3,173,,,73,,,,1,1,,10/18/22
10158401,house,house,440000,forsale,3210,,1951,,,444,4,1231,,true,,,,,,4,,10/18/22
10158399,apartment,duplex,272000,forsale,1785,installed,2014,,,96.21,2,,,,,true,true,,,,,10/18/22
10083289,apartment,apartment,200000,forsale,9910,,,asnew,gas,398,2,,,,,true,,,,,,10/18/22
10070107,apartment,apartment,205000,forsale,1080,notinstalled,1974,,fueloil,,2,,,true,,true,,,,,,10/18/22
10098702,apartment,apartment,209000,forsale,2950,,1972,,,199,2,,,,,true,,,,,,10/18/22
9870176,apartment,apartment,219000,forsale,2300,,,,gas,163,2,,,,,,,,1,,,10/18/22
10017385,apartment,apartment,221000,forsale,2660,,,,gas,128,2,,,,,true,,,,,,10/18/22
10123531,apartment,duplex,224000,forsale,9300,,1983,,gas,503,2,,,,,true,,,,,,10/18/22
9991341,apartment,apartment,225000,forsale,1348,,,good,gas,297,3,,,,,,,,,,,10/18/22
9891368,apartment,apartment,225000,forsale,9051,,1995,,electric,237,2,,,,,true,,,1,1,,10/18/22
9777909,apartment,apartment,226250,forsale,4430,,2022,,gas,124,2,,,true,,,,,,,,10/18/22
9777917,apartment,apartment,226250,forsale,4432,,2022,,gas,124,2,,,true,,,,,,,,10/18/22
10082151,apartment,apartment,230000,forsale,9040,,,good,,287,2,,,,,,,,,,,10/18/22
8674085,apartment,serviceflat,232500,forsale,9900,installed,2019,asnew,,,1,,,,92,true,,,,,,10/18/22
9965867,apartment,apartment,234000,forsale,8790,,1997,,,137,2,,,true,,,,,,,,10/18/22
10049366,apartment,apartment,235000,forsale,1180,,1958,,,233,1,,,true,,,,,,,,10/18/22
10048679,apartment,apartment,239000,forsale,2235,installed,2010,good,gas,,2,,,,,true,,,,1,,10/18/22
10091826,apartment,apartment,249000,forsale,1070,hyperequipped,,good,gas,117,3,,,,,true,,,,,,10/18/22
10090551,apartment,apartment,249000,forsale,1070,installed,,good,gas,100,2,,,,,true,,,,,,10/18/22
10077775,apartment,apartment,249000,forsale,8630,installed,2018,,,79,1,,,,,true,,,,,,10/18/22
10111877,apartment,apartment,249850,forsale,9230,installed,1993,asnew,gas,,4,,,,,true,,,,,,10/18/22
10058051,apartment,apartment,255000,forsale,4570,notinstalled,2022,,gas,93,3,,,true,,true,,,,1,,10/18/22
10120001,apartment,apartment,259000,forsale,1547,installed,,tobedoneup,fueloil,,3,,,true,,,,,1,,,10/18/22
9941199,apartment,duplex,259000,forsale,3130,,,asnew,,228,2,,,,,,,,,,,10/18/22
9919220,apartment,apartment,259000,forsale,8020,installed,2019,good,,,1,,,,,true,,,,,,10/18/22
9856791,apartment,apartment,260000,forsale,8800,installed,2019,asnew,,,2,,,true,7,,,,,1,,10/18/22
10106152,apartment,duplex,265000,forsale,7000,,,good,gas,258,2,,,true,,true,,,,,,10/18/22
10125402,apartment,apartment,265000,forsale,8750,installed,2021,good,,,2,,,,12,,,,,,,10/18/22
10080325,apartment,apartment,269325,forsale,4624,,,asnew,gas,,3,,,true,,true,,,1,,,10/18/22
10104706,apartment,apartment,269500,forsale,1210,installed,1970,,gas,172,3,,,,,true,,,,,,10/18/22
10066589,apartment,apartment,275000,forsale,8380,installed,,asnew,electric,305,2,,,,,true,,,,,,10/18/22
10114482,apartment,apartment,275000,forsale,9000,usahyperequipped,2015,,,101,2,,,,,,,,,,,10/18/22
10158422,apartmentgroup,apartmentgroup,427125-427125,forsale,1420,,,,,,,,,,,,,,1,1,1,10/18/22
10158413,apartmentgroup,apartmentgroup,361800-693450,forsale,1420,,,,,,,,,,,,,,1,,1,10/18/22
10158411,apartment,apartment,139000,forsale,8420,installed,,good,gas,436,2,,,,,,,,,,,10/18/22
10158410,house,villa,2750000,forsale,2360,installed,1987,asnew,,131,6,6420,,true,6420,,true,true,4,6,,10/18/22
10158405,house,house,109000,forsale,8530,installed,1919,tobedoneup,gas,538,2,126,,true,68,,,,,,,10/18/22
10158403,house,house,270000,forsale,8800,installed,,good,,433,3,173,,,73,,,,1,1,,10/18/22
10158401,house,house,440000,forsale,3210,,1951,,,444,4,1231,,true,,,,,,4,,10/18/22
10158399,apartment,duplex,272000,forsale,1785,installed,2014,,,96.21,2,,,,,true,true,,,,,10/18/22
10114481,apartment,apartment,275000,forsale,9040,usahyperequipped,2015,,,101,2,,,,,,,,,,,10/18/22
10084604,apartment,apartment,279000,forsale,1600,hyperequipped,,asnew,electric,449,2,,,,,true,,,,,,10/18/22
10084572,apartment,apartment,279000,forsale,1600,hyperequipped,,asnew,electric,276,2,,,,,true,,,,,,10/18/22
9952604,apartment,apartment,279000,forsale,1600,hyperequipped,,asnew,electric,233,2,,,,,true,,,,,,10/18/22
9977020,apartment,apartment,279000,forsale,9450,,1978,torenovate,,636,5,,,,,true,,,3,,,10/18/22
10112982,apartment,apartment,279000,forsale,9960,,2004,good,,140,3,,,,,,,,1,,,10/18/22
9269673,apartment,apartment,280000,forsale,8400,hyperequipped,,asnew,gas,,1,,,,,true,,,,,,10/18/22
10051308,apartment,apartment,284000,forsale,2900,,,,gas,300,2,,,true,,true,,,1,,,10/18/22
10046592,apartment,triplex,285000,forsale,3300,,1850,good,,,3,,,true,,,,,,,,10/18/22
10084603,apartment,apartment,289000,forsale,1600,usahyperequipped,,justrenovated,electric,208,2,,,,,true,,,,,,10/18/22
9952635,apartment,apartment,289000,forsale,1600,usahyperequipped,,justrenovated,electric,208,2,,,,,true,,,,,,10/18/22
9952634,apartment,apartment,289000,forsale,1600,usahyperequipped,,justrenovated,electric,383,2,,,,,true,,,,,,10/18/22
10094429,apartment,apartment,289000,forsale,1840,,2018,,,79,2,,,true,,true,,,1,1,,10/18/22
10094428,apartment,apartment,289000,forsale,1840,,2018,,,93,2,,,true,,true,,,1,1,,10/18/22
10123384,apartment,groundfloor,298000,forsale,2060,,,asnew,,225,1,,,true,,true,true,,,,,10/18/22
10077718,apartment,groundfloor,299000,forsale,1600,notinstalled,1958,torenovate,gas,484,2,,,,600,true,,,1,,,10/18/22
9990803,apartment,apartment,299000,forsale,1840,,2018,,,66,2,,,true,,true,,,1,1,,10/18/22
9847656,apartment,penthouse,299000,forsale,2580,installed,2016,asnew,gas,,2,,,,35,true,,,,,,10/18/22
8881797,apartment,apartment,299000,forsale,9040,,1971,tobedoneup,,343,3,,,,300,,,,1,,,10/18/22
10009555,apartment,apartment,299000,forsale,9300,,,asnew,gas,117,2,,,true,,true,,,1,,,10/18/22
10036255,apartment,apartment,300000,forsale,2000,hyperequipped,,tobedoneup,gas,243,2,,,,,true,,,,,,10/18/22
9856790,apartment,apartment,300000,forsale,8800,installed,2019,asnew,,,2,,,true,25,,,,,1,,10/18/22
10109173,apartment,apartment,304000,forsale,9968,installed,2022,,,,2,,,,,true,,,,,,10/18/22
10111801,apartment,apartment,305000,forsale,9000,,,asnew,,103,1,,,,,true,,,,,,10/18/22
9978359,apartment,apartment,310000,forsale,8500,,,good,,392,4,,,,,true,,,,,,10/18/22
9947813,apartment,apartment,320000,forsale,8370,installed,2021,,gas,,2,,,,,true,,,,,,10/18/22
10037566,apartment,apartment,320000,forsale,9051,,1993,,electric,253,2,,,,,true,true,,,,,10/18/22
10105632,apartment,apartment,329000,forsale,8870,,2020,,,53,2,,,,,true,,,1,1,,10/18/22
10012659,apartment,apartment,331500,forsale,8340,hyperequipped,2022,asnew,,,2,,,,,true,,,,,,10/18/22
10039970,apartment,apartment,349000,forsale,4000,,,,,196,3,,,true,,,,,,,,10/18/22
10158422,apartmentgroup,apartmentgroup,427125-427125,forsale,1420,,,,,,,,,,,,,,1,1,1,10/18/22
10158413,apartmentgroup,apartmentgroup,361800-693450,forsale,1420,,,,,,,,,,,,,,1,,1,10/18/22
10158411,apartment,apartment,139000,forsale,8420,installed,,good,gas,436,2,,,,,,,,,,,10/18/22
10158410,house,villa,2750000,forsale,2360,installed,1987,asnew,,131,6,6420,,true,6420,,true,true,4,6,,10/18/22
10158405,house,house,109000,forsale,8530,installed,1919,tobedoneup,gas,538,2,126,,true,68,,,,,,,10/18/22
10158403,house,house,270000,forsale,8800,installed,,good,,433,3,173,,,73,,,,1,1,,10/18/22
10158401,house,house,440000,forsale,3210,,1951,,,444,4,1231,,true,,,,,,4,,10/18/22
10158399,apartment,duplex,272000,forsale,1785,installed,2014,,,96.21,2,,,,,true,true,,,,,10/18/22
9947811,apartment,duplex,350000,forsale,8370,installed,2021,,gas,,2,,,,,true,,,,,,10/18/22
8655374,apartment,apartment,350000,forsale,9700,,,asnew,gas,140.61,3,,,,,,,,,,,10/18/22
8653121,apartment,apartment,350000,forsale,9700,,,asnew,gas,140.61,3,,,,,,,,,,,10/18/22
10078314,apartment,apartment,375000,forsale,3020,installed,1997,good,gas,180,2,,,true,,true,,,1,,,10/18/22
10071342,apartment,apartment,395000,forsale,8300,,1974,,,109,1,,,,,,,,,,,10/18/22
10014694,apartment,loft,395000,forsale,9200,,1967,,,342,2,,,,,,true,,1,,,10/18/22
10112597,apartment,duplex,399000,forsale,1981,hyperequipped,2013,asnew,gas,85.97,3,,,true,,true,true,,2,2,,10/18/22
10093073,apartment,apartment,408500,forsale,8400,,1964,,,,2,,,true,,true,,,,,,10/18/22
9905734,apartment,apartment,418000,forsale,1200,installed,1970,,gas,396,2,,,true,,true,,,1,,,10/18/22
10038386,apartment,apartment,420000,forsale,8620,,2006,asnew,electric,325,2,,,,,true,,,,,,10/18/22
10105306,apartment,apartment,425000,forsale,2900,installed,,justrenovated,,,3,,,true,,true,,,,,,10/18/22
10011012,apartment,apartment,427300,forsale,8340,hyperequipped,2022,asnew,,,2,,,,,true,,,,,,10/18/22
10116623,apartment,apartment,440000,forsale,1348,installed,2020,,gas,,3,,,true,,true,,,,,,10/18/22
9843986,apartment,apartment,444018,forsale,8770,hyperequipped,2020,,gas,50,1,,,true,,true,,,,1,,10/18/22
10099621,apartment,duplex,445000,forsale,1180,installed,2007,asnew,,376,2,,,,,true,,,,1,,10/18/22
10072225,apartment,duplex,445000,forsale,1180,installed,2007,asnew,,376,2,,,,,true,,,,1,,10/18/22
10114442,apartment,apartment,449000,forsale,9000,hyperequipped,,,gas,152,2,,,,,,,,,,,10/18/22
10099622,apartment,apartment,460000,forsale,1180,installed,2007,asnew,,294,3,,,,,true,,,,1,,10/18/22
10078572,apartment,apartment,460000,forsale,1180,installed,2007,asnew,,294,3,,,,,true,,,,1,,10/18/22
10067033,apartment,apartment,485000,forsale,2000,hyperequipped,,good,gas,225,2,,,,,true,,,,,,10/18/22
9925160,apartment,apartment,485000,forsale,8620,,2000,asnew,electric,299,3,,,true,,true,,,,,,10/18/22
10117133,apartment,loft,490000,forsale,2890,hyperequipped,2012,asnew,gas,195,2,,,true,,true,,,1,1,,10/18/22
10095000,apartment,apartment,495000,forsale,1180,installed,1973,good,electric,177,2,,,,,true,,,1,,,10/18/22
9960151,apartment,penthouse,499000,forsale,8300,installed,1969,asnew,electric,456,2,,,,,,,,,,,10/18/22
9947814,apartment,apartment,545000,forsale,8370,installed,2021,,gas,,2,,,,,true,,,,,,10/18/22
10095018,apartment,groundfloor,550000,forsale,1200,,2006,asnew,gas,234,3,,,true,10,true,,,1,1,,10/18/22
10091061,apartment,groundfloor,550000,forsale,1200,,2006,asnew,gas,234,3,,,true,10,true,,,1,1,,10/18/22
10072224,apartment,penthouse,555000,forsale,1180,installed,2007,asnew,,274,2,,,,,true,,,,1,,10/18/22
9698356,apartment,apartment,575000,forsale,8660,,1995,,,443,3,,,,,true,,,,,,10/18/22
9757436,apartment,duplex,595000,forsale,1000,usahyperequipped,1900,justrenovated,gas,187,3,,,true,41,true,,,,,,10/18/22
10158422,apartmentgroup,apartmentgroup,427125-427125,forsale,1420,,,,,,,,,,,,,,1,1,1,10/18/22
10158413,apartmentgroup,apartmentgroup,361800-693450,forsale,1420,,,,,,,,,,,,,,1,,1,10/18/22
10158411,apartment,apartment,139000,forsale,8420,installed,,good,gas,436,2,,,,,,,,,,,10/18/22
10158410,house,villa,2750000,forsale,2360,installed,1987,asnew,,131,6,6420,,true,6420,,true,true,4,6,,10/18/22
10158405,house,house,109000,forsale,8530,installed,1919,tobedoneup,gas,538,2,126,,true,68,,,,,,,10/18/22
10158403,house,house,270000,forsale,8800,installed,,good,,433,3,173,,,73,,,,1,1,,10/18/22
10158401,house,house,440000,forsale,3210,,1951,,,444,4,1231,,true,,,,,,4,,10/18/22
10158399,apartment,duplex,272000,forsale,1785,installed,2014,,,96.21,2,,,,,true,true,,,,,10/18/22
10086014,apartment,duplex,600000,forsale,2070,,,asnew,gas,116,2,,,,,true,,,1,1,,10/18/22
10028224,apartment,duplex,625000,forsale,8620,,2008,asnew,gas,115,3,,,,,true,true,,,,,10/18/22
9154892,apartment,apartment,645000,forsale,2820,hyperequipped,,asnew,gas,184,2,,,,,true,,,,,,10/18/22
9910256,apartment,apartment,675000,forsale,8300,,,justrenovated,,102,2,,,,,,,,1,1,,10/18/22
10055033,apartment,penthouse,699000,forsale,9140,,,,,134,3,,,,,true,true,,1,,,10/18/22
10060079,apartment,duplex,735000,forsale,8300,hyperequipped,,good,gas,138,2,,,true,,true,,,,,,10/18/22
10129769,apartment,duplex,745000,forsale,8300,,2014,,,161,2,,,true,,true,,,,,,10/18/22
9594783,apartment,duplex,765000,forsale,8670,installed,,good,,,3,,,,,true,,,,,,10/18/22
10096345,apartment,penthouse,790000,forsale,8450,,2018,,,124.93,3,,,,,true,,,,,,10/18/22
10119104,apartment,apartment,795000,forsale,1348,installed,2020,,gas,,3,,,true,,true,,,,,,10/18/22
10060080,apartment,loft,795000,forsale,2000,usasemiequipped,1895,asnew,gas,,2,,,,,true,,,,1,,10/18/22
8772638,apartment,apartment,870000,forsale,8420,,1975,tobedoneup,,104,2,,,,,,,,,,,10/18/22
10104305,apartment,apartment,895000,forsale,8370,,2012,asnew,,105,3,,,,,true,,,,,,10/18/22
10064927,apartment,apartment,925000,forsale,2000,hyperequipped,,asnew,gas,204,2,,,true,,true,true,,,,,10/18/22
10058668,apartment,apartment,975000,forsale,8300,,2022,,,130,3,,,true,,,,,,,,10/18/22
9960583,apartment,apartment,1235000,forsale,2000,,2000,good,gas,149,3,,,true,,true,true,,2,2,,10/18/22
9008355,apartment,apartment,1500000,forsale,1050,hyperequipped,,good,gas,214,3,,,,,true,,,1,,,10/18/22
10129258,apartment,apartment,1549000,forsale,8300,installed,,good,,,4,,,,,true,,,,,,10/18/22
10054229,apartment,apartment,2195000,forsale,8300,,,asnew,,154,3,,,,,,,,,,,10/18/22
9435313,apartment,apartment,4600000,forsale,8300,,2011,asnew,,94,3,,,true,,,,,,,,10/18/22
10145033,apartment,apartment,248000,forsale,8800,hyperequipped,2020,,gas,,2,,,true,43,,,,,1,,10/18/22
10133380,apartment,apartment,155000,forsale,8370,,,,,577,1,,,,,,,,,,,10/18/22
10132391,apartment,apartment,185000,forsale,1020,installed,1950,tobedoneup,gas,612,1,,,true,,true,,,1,,,10/18/22
10139510,apartmentgroup,apartmentgroup,354500-811370,forsale,3000,,,,,,,,,,,,,,,,1,10/18/22
10147353,apartment,groundfloor,269000,forsale,1600,usahyperequipped,,justrenovated,electric,318,2,,,,,,,,,,,10/18/22
10155138,apartment,apartment,370000,forsale,9032,usahyperequipped,2022,,,,3,,,,,true,,,,5,1,10/18/22
10155139,apartment,apartment,380000,forsale,9032,usahyperequipped,2022,,,,3,,,,,true,,,,5,1,10/18/22
10153553,apartment,apartment,299000,forsale,6280,installed,,,,,3,,,true,,true,,,,1,,10/18/22
10152674,apartment,apartment,730000,forsale,9230,,,,,166,3,,,,,,,,,,,10/18/22
10138469,apartment,apartment,155000,forsale,7500,installed,,good,fueloil,205,1,,,true,,true,,,,,,10/18/22
10158422,apartmentgroup,apartmentgroup,427125-427125,forsale,1420,,,,,,,,,,,,,,1,1,1,10/18/22
10158413,apartmentgroup,apartmentgroup,361800-693450,forsale,1420,,,,,,,,,,,,,,1,,1,10/18/22
10158411,apartment,apartment,139000,forsale,8420,installed,,good,gas,436,2,,,,,,,,,,,10/18/22
10158410,house,villa,2750000,forsale,2360,installed,1987,asnew,,131,6,6420,,true,6420,,true,true,4,6,,10/18/22
10158405,house,house,109000,forsale,8530,installed,1919,tobedoneup,gas,538,2,126,,true,68,,,,,,,10/18/22
10158403,house,house,270000,forsale,8800,installed,,good,,433,3,173,,,73,,,,1,1,,10/18/22
10158401,house,house,440000,forsale,3210,,1951,,,444,4,1231,,true,,,,,,4,,10/18/22
10158399,apartment,duplex,272000,forsale,1785,installed,2014,,,96.21,2,,,,,true,true,,,,,10/18/22
9122517,apartment,groundfloor,157290,forsale,7050,installed,2022,,gas,,1,,,,,true,,,,,1,10/18/22
10139386,apartment,apartment,175000,forsale,1450,semiequipped,,tobedoneup,gas,448,1,,,true,,true,,,,,,10/18/22
9762590,apartment,groundfloor,185000,forsale,2160,usahyperequipped,2022,,,,1,,,,34,true,,,,,1,10/18/22
9960845,apartment,apartment,199000,forsale,3800,hyperequipped,2021,,,,1,,,true,,true,,,,1,1,10/18/22
9670763,apartment,apartment,199900,forsale,7011,,2022,,,106,3,,,,,,,,,11,1,10/18/22
9805765,apartment,apartment,210000,forsale,6000,hyperequipped,2021,asnew,gas,104,2,,,true,,,,,1,,1,10/18/22
10107649,apartment,apartment,238000,forsale,5060,hyperequipped,2021,justrenovated,gas,96,2,,,true,,,,,,1,1,10/18/22
9577413,apartment,apartment,259900,forsale,3800,,2022,,gas,,2,,,,,true,,,,,1,10/18/22
9577415,apartment,apartment,269900,forsale,3800,,2022,,gas,,2,,,,,true,,,,,1,10/18/22
9577414,apartment,apartment,269900,forsale,3800,,2022,,gas,,2,,,,135,true,,,,,1,10/18/22
9577409,apartment,apartment,269900,forsale,3800,,2022,,gas,,2,,,,62,true,,,,,1,10/18/22
9577411,apartment,apartment,274900,forsale,3800,,2022,,gas,,2,,,,71,true,,,,,1,10/18/22
9577410,apartment,apartment,274900,forsale,3800,,2022,,gas,,2,,,,83,true,,,,,1,10/18/22
9577412,apartment,apartment,279900,forsale,3800,,2022,,gas,,2,,,,83,true,,,,,1,10/18/22
9577405,apartment,apartment,279900,forsale,3800,,2022,,gas,,2,,,,,true,,,,,1,10/18/22
9762589,apartment,apartment,280000,forsale,2160,usahyperequipped,2022,,,,2,,,,27,true,,,,,1,10/18/22
9971643,apartment,penthouse,291900,forsale,8790,installed,2022,asnew,,,2,,,true,,true,,,1,,1,10/18/22
9577407,apartment,apartment,304900,forsale,3800,,2022,,gas,,3,,,,,true,,,,,1,10/18/22
9971642,apartment,apartment,314900,forsale,8790,installed,2021,asnew,,,2,,,true,,true,true,,1,,1,10/18/22
9997405,apartment,apartment,318000,forsale,4000,,,asnew,,,2,,,true,,true,,,1,1,1,10/18/22
10138617,apartment,apartment,325000,forsale,1340,hyperequipped,2009,,,243,2,,,true,,true,,,,1,,10/18/22
9577408,apartment,apartment,329900,forsale,3800,,2022,,gas,,3,,,,138,true,,,,,1,10/18/22
9577406,apartment,apartment,334900,forsale,3800,,2022,,gas,,3,,,,,true,,,,,1,10/18/22
10115116,apartment,apartment,335000,forsale,1435,installed,,,gas,,3,,,true,174,true,,,,1,1,10/18/22
9577404,apartment,apartment,349900,forsale,3800,,2022,,gas,,3,,,,,true,,,,,1,10/18/22
10117667,apartment,apartment,364000,forsale,9300,,,good,,,3,,,,,true,,,,,1,10/18/22
9775109,apartment,penthouse,377000,forsale,1435,usainstalled,2021,asnew,,88,2,,,true,,true,,,1,1,1,10/18/22
10117670,apartment,apartment,389000,forsale,9340,,,,gas,,3,,,,,true,,,,,1,10/18/22
10117632,apartment,apartment,410000,forsale,9340,,,,gas,,3,,,,,true,,,,,1,10/18/22
10117631,apartment,apartment,410000,forsale,9340,,,,gas,,3,,,,,true,,,,,1,10/18/22
10158422,apartmentgroup,apartmentgroup,427125-427125,forsale,1420,,,,,,,,,,,,,,1,1,1,10/18/22
10158413,apartmentgroup,apartmentgroup,361800-693450,forsale,1420,,,,,,,,,,,,,,1,,1,10/18/22
10158411,apartment,apartment,139000,forsale,8420,installed,,good,gas,436,2,,,,,,,,,,,10/18/22
10158410,house,villa,2750000,forsale,2360,installed,1987,asnew,,131,6,6420,,true,6420,,true,true,4,6,,10/18/22
10158405,house,house,109000,forsale,8530,installed,1919,tobedoneup,gas,538,2,126,,true,68,,,,,,,10/18/22
10158403,house,house,270000,forsale,8800,installed,,good,,433,3,173,,,73,,,,1,1,,10/18/22
10158401,house,house,440000,forsale,3210,,1951,,,444,4,1231,,true,,,,,,4,,10/18/22
10158399,apartment,duplex,272000,forsale,1785,installed,2014,,,96.21,2,,,,,true,true,,,,,10/18/22
10106567,apartment,apartment,1930319,forsale,2000,hyperequipped,2022,asnew,,,3,,,true,,true,true,,,,1,10/18/22
10157334,apartment,apartment,291561,forsale,8210,,2022,asnew,,,3,,,,,,,,,,,10/18/22
9963359,apartment,apartment,350000,forsale,2000,hyperequipped,,asnew,,,2,,,true,,,,,,,,10/18/22
10092352,apartment,apartment,399000,forsale,9000,,1967,good,gas,141,3,,,true,,true,,,1,1,,10/18/22
10144530,apartment,apartment,210000,forsale,5100,,,,gas,253,2,,,true,,true,,,,,,10/18/22
10079387,apartment,apartment,220000,forsale,9600,hyperequipped,2022,asnew,gas,,2,,,,,true,,,1,1,1,10/18/22
10131290,apartment,apartment,100000,forsale,1090,installed,,,,284,2,,,true,,true,,,,,,10/18/22
10130036,apartment,apartment,271000,forsale,8650,,2022,,,,2,,,,,true,,,,,,10/18/22
10130035,apartment,apartment,349000,forsale,9750,,2022,,,,3,,,,,true,,,,,,10/18/22
10130456,apartment,apartment,499000,forsale,1050,,1938,justrenovated,gas,160,2,,,true,,,,,,,,10/18/22
10058666,apartmentgroup,apartmentgroup,1995000-2995000,forsale,8300,,,,,,,,,,,,,,,,1,10/18/22
10095385,apartment,apartment,125000,forsale,1020,installed,,,,,1,,,true,,true,,,,,,10/18/22
10133425,apartment,apartment,260000,forsale,8530,,2018,,,88,2,,,,,true,,,,,,10/18/22
10133682,apartment,loft,350000,forsale,6980,,2012,,,,0,,,,,,,,,,,10/18/22
10150535,apartment,apartment,140000,forsale,8780,,1978,,,299,2,,,,,,,,1,1,,10/18/22
10149052,apartment,apartment,315000,forsale,8300,,,asnew,gas,,1,,,,,,,,,,,10/18/22
10149345,apartment,groundfloor,400000,forsale,9000,,2011,,,145,2,,,true,,,,,1,,,10/18/22
10136244,apartment,apartment,175000,forsale,1070,installed,1966,torenovate,gas,319,3,,,true,,true,,,,,,10/18/22
10136378,apartment,apartment,230000,forsale,7330,hyperequipped,,good,gas,77,3,,,true,,,,,,1,,10/18/22
10135847,apartment,apartment,520000,forsale,8300,,,justrenovated,gas,,3,,,,,,,,,,,10/18/22
10157854,apartment,penthouse,389000,forsale,3110,,2022,asnew,gas,,3,,,,,true,,,,2,1,10/18/22
10141501,apartment,penthouse,450000,forsale,8380,installed,2003,,,208,3,,,,,true,,,,2,,10/18/22
10070798,apartment,apartment,75000,forsale,1210,installed,,,,228,1,,,,,true,,,,,,10/18/22
10077259,apartment,apartment,80000,forsale,1090,installed,,,,315,1,,,,,true,,,,,,10/18/22
10129772,apartment,apartment,85000,forsale,8450,,1930,torenovate,,460,1,,,,,,,,,7,,10/18/22
10013386,apartment,apartment,89000,forsale,6001,,,,fueloil,,2,,,,,,,,1,1,,10/18/22
10055210,apartment,apartment,90000,forsale,7603,installed,2007,good,gas,410,1,,,true,,,,,,,,10/18/22
10073005,apartment,apartment,97500,forsale,1070,installed,,,,293,2,,,,,,,,,,,10/18/22
10101506,apartment,flatstudio,99000,forsale,1080,semiequipped,1966,good,fueloil,197,0,,,,,true,,,,,,10/18/22
10077236,apartment,apartment,110000,forsale,1070,installed,,,,329,1,,,true,,true,,,,,,10/18/22
10158422,apartmentgroup,apartmentgroup,427125-427125,forsale,1420,,,,,,,,,,,,,,1,1,1,10/18/22
10158413,apartmentgroup,apartmentgroup,361800-693450,forsale,1420,,,,,,,,,,,,,,1,,1,10/18/22
10158411,apartment,apartment,139000,forsale,8420,installed,,good,gas,436,2,,,,,,,,,,,10/18/22
10158410,house,villa,2750000,forsale,2360,installed,1987,asnew,,131,6,6420,,true,6420,,true,true,4,6,,10/18/22
10158405,house,house,109000,forsale,8530,installed,1919,tobedoneup,gas,538,2,126,,true,68,,,,,,,10/18/22
10158403,house,house,270000,forsale,8800,installed,,good,,433,3,173,,,73,,,,1,1,,10/18/22
10158401,house,house,440000,forsale,3210,,1951,,,444,4,1231,,true,,,,,,4,,10/18/22
10158399,apartment,duplex,272000,forsale,1785,installed,2014,,,96.21,2,,,,,true,true,,,,,10/18/22
10100289,apartment,apartment,110000,forsale,1140,installed,,,,113,1,,,,,true,,,,,,10/18/22
10100414,apartment,apartment,115000,forsale,1090,installed,,,,301,1,,,true,,true,,,,,,10/18/22
9902650,apartment,serviceflat,115000,forsale,4053,,,good,gas,305,1,,,,,true,,,,,,10/18/22
9810130,apartment,apartment,115000,forsale,8800,,1968,good,,228,2,,,true,,,,,1,,,10/18/22
10092168,apartment,apartment,118000,forsale,8580,installed,1979,torenovate,electric,493,2,,,,,,,,1,2,,10/18/22
10112788,apartment,apartment,125000,forsale,1180,installed,,,,97,2,,,true,,true,,,,,,10/18/22
9268295,apartment,apartment,125000,forsale,8790,,2009,asnew,,127,1,,,,,true,,,,,,10/18/22
10075146,apartment,apartment,130000,forsale,1080,installed,,,,618,1,,,true,,true,,,,,,10/18/22
10068042,apartment,apartment,130000,forsale,1140,installed,,,,246,2,,,true,,true,,,,1,,10/18/22
9951606,apartment,apartment,130000,forsale,8800,,1991,good,,114,1,,,true,,,,,,,,10/18/22
9809108,apartment,apartment,135000,forsale,8800,,1975,asnew,,350,1,,,true,,,,,,,,10/18/22
10051321,apartment,apartment,145000,forsale,8434,,,,gas,,1,,,,,,,,,,,10/18/22
10021413,apartment,apartment,149000,forsale,9900,installed,,asnew,electric,347,1,,,,,,true,,,,,10/18/22
10055057,apartment,apartment,160000,forsale,2100,,1972,,,253,3,,,true,,true,,,1,,,10/18/22
9309760,apartment,flatstudio,160000,forsale,8434,,1978,,electric,,0,,,,,,,,,,,10/18/22
10119466,apartment,apartment,169000,forsale,9300,installed,1968,,gas,199,2,,,true,,true,,,,,,10/18/22
10086934,apartment,apartment,170000,forsale,2830,,1994,good,,133,2,,,,,true,,,1,1,,10/18/22
10030999,apartment,apartment,175000,forsale,3300,,1995,,,257,2,,,,,true,,,1,,,10/18/22
9970398,apartment,apartment,177000,forsale,8820,,2002,good,electric,445,2,,,,,,,,,,,10/18/22
10111853,apartment,apartment,179000,forsale,9040,installed,1994,,electric,247,1,,,,,,,,,,,10/18/22
10125607,apartment,apartment,179999,forsale,2018,,,good,gas,,1,,,,,,,,,,,10/18/22
9809107,apartment,apartment,185000,forsale,8800,,1975,asnew,,350,1,,,true,,,,,1,,,10/18/22
10128877,apartment,apartment,188000,forsale,1140,installed,,,,64,1,,,true,,true,,,,1,,10/18/22
10115842,apartment,apartment,189000,forsale,1490,usasemiequipped,,tobedoneup,fueloil,588,1,,,true,,true,,,,1,,10/18/22
10125830,apartment,apartment,189000,forsale,8620,installed,1965,asnew,gas,309,1,,,,,,,,,,,10/18/22
10023709,apartment,apartment,189000,forsale,9990,hyperequipped,,,,292,2,,,,,true,,,,,,10/18/22
10041281,apartment,serviceflat,195000,forsale,8920,,2023,asnew,electric,,1,,,,,,,,1,1,,10/18/22
10084285,apartment,groundfloor,195000,forsale,8970,installed,2007,,,158,2,,,true,,,,,,,,10/18/22
10116208,apartment,groundfloor,195000,forsale,9200,installed,1993,good,electric,349,2,,,,,true,,,,,,10/18/22
9948440,apartment,duplex,199000,forsale,8430,,1988,asnew,,175,2,,,,,true,,,,,,10/18/22
10158422,apartmentgroup,apartmentgroup,427125-427125,forsale,1420,,,,,,,,,,,,,,1,1,1,10/18/22
10158413,apartmentgroup,apartmentgroup,361800-693450,forsale,1420,,,,,,,,,,,,,,1,,1,10/18/22
10158411,apartment,apartment,139000,forsale,8420,installed,,good,gas,436,2,,,,,,,,,,,10/18/22
10158410,house,villa,2750000,forsale,2360,installed,1987,asnew,,131,6,6420,,true,6420,,true,true,4,6,,10/18/22
10158405,house,house,109000,forsale,8530,installed,1919,tobedoneup,gas,538,2,126,,true,68,,,,,,,10/18/22
10158403,house,house,270000,forsale,8800,installed,,good,,433,3,173,,,73,,,,1,1,,10/18/22
10158401,house,house,440000,forsale,3210,,1951,,,444,4,1231,,true,,,,,,4,,10/18/22
10158399,apartment,duplex,272000,forsale,1785,installed,2014,,,96.21,2,,,,,true,true,,,,,10/18/22
9835964,apartment,apartment,199000,forsale,8790,,2012,asnew,,,1,,,true,,,,,,,,10/18/22
10128756,apartment,apartment,200000,forsale,1200,installed,,,,197,2,,,,,true,,,1,,,10/18/22
10097190,apartment,duplex,200000,forsale,2060,installed,,justrenovated,,158,2,,,,,true,,,1,,,10/18/22
10050903,apartment,apartment,200000,forsale,4000,installed,,good,gas,203,3,,,true,,true,,,1,,,10/18/22
10023186,apartment,groundfloor,209000,forsale,1070,installed,,asnew,electric,560,1,,,true,70,true,,,,,,10/18/22
10118480,apartment,apartment,210000,forsale,7330,installed,,asnew,,146,3,,,true,,,,,,1,,10/18/22
10102165,apartment,apartment,215000,forsale,3300,installed,1975,good,,246,2,,,true,,true,,,1,,,10/18/22
10090914,apartment,apartment,215000,forsale,8000,installed,,,,312,3,,,,,true,,,1,,,10/18/22
9923063,apartment,apartment,220000,forsale,9160,,2014,asnew,gas,125,1,,,,,true,,,,1,,10/18/22
9837105,apartment,apartment,226000,forsale,3440,,2014,,,142.51,2,,,,,true,,,,,,10/18/22
10071379,apartment,apartment,228811,forsale,8900,installed,,,gas,,1,,,,,true,,,,,,10/18/22
10118041,apartment,apartment,235000,forsale,2018,,,,,214,1,,,,,,,,,,,10/18/22
9731385,apartment,duplex,235000,forsale,8400,installed,2012,good,gas,107,2,,,,,true,,,,,,10/18/22
9877422,apartment,apartment,239000,forsale,1070,hyperequipped,1960,asnew,gas,505,2,,,true,,,,,1,,,10/18/22
10092814,apartment,apartment,239000,forsale,8370,,1979,,,245,2,,,,,,,,,,,10/18/22
10048338,apartment,apartment,240000,forsale,1050,notinstalled,,,,275,2,,,true,,true,,,2,,,10/18/22
9973113,apartment,apartment,240000,forsale,6792,installed,2010,asnew,electric,247,2,,,,,true,,,1,1,,10/18/22
9938416,apartment,penthouse,244000,forsale,2570,installed,1984,good,gas,171,3,,,,,,,,,,,10/18/22
9992471,apartment,apartment,245000,forsale,1310,,,,gas,996,2,,,,,,,,,,,10/18/22
9825702,apartment,apartment,245000,forsale,8800,hyperequipped,2020,,gas,,2,,,,50,true,,,,,,10/18/22
9990312,apartment,apartment,247500,forsale,8600,installed,,good,,238,2,,,true,26,,,,1,1,,10/18/22
10124985,apartment,apartment,250000,forsale,1000,installed,,,,131,3,,,true,,true,,,1,,,10/18/22
10084136,apartment,apartment,250000,forsale,1000,installed,,,,118,2,,,true,,true,,,,,,10/18/22
9705417,apartment,apartment,250000,forsale,8800,,2002,asnew,,208,2,,,,,true,,,1,,,10/18/22
10111005,apartment,apartment,265000,forsale,1000,installed,,,,250,3,,,,,,,,,,,10/18/22
10098580,apartment,apartment,265000,forsale,8870,,2006,,,185,2,,,,,,,,1,,,10/18/22
10092188,apartment,apartment,269000,forsale,8380,installed,2002,,electric,226,2,,,,,true,,,,,,10/18/22
9645122,apartment,apartment,269000,forsale,9255,,2021,asnew,gas,,2,,,,,true,,,,,,10/18/22
9124228,apartment,apartment,269000,forsale,9255,,2021,asnew,gas,,2,,,,,true,,,,,,10/18/22
9962106,apartment,apartment,270000,forsale,1348,installed,,,gas,156,1,,,,,true,,,1,,,10/18/22
10158422,apartmentgroup,apartmentgroup,427125-427125,forsale,1420,,,,,,,,,,,,,,1,1,1,10/18/22
10158413,apartmentgroup,apartmentgroup,361800-693450,forsale,1420,,,,,,,,,,,,,,1,,1,10/18/22
10158411,apartment,apartment,139000,forsale,8420,installed,,good,gas,436,2,,,,,,,,,,,10/18/22
10158410,house,villa,2750000,forsale,2360,installed,1987,asnew,,131,6,6420,,true,6420,,true,true,4,6,,10/18/22
10158405,house,house,109000,forsale,8530,installed,1919,tobedoneup,gas,538,2,126,,true,68,,,,,,,10/18/22
10158403,house,house,270000,forsale,8800,installed,,good,,433,3,173,,,73,,,,1,1,,10/18/22
10158401,house,house,440000,forsale,3210,,1951,,,444,4,1231,,true,,,,,,4,,10/18/22
10158399,apartment,duplex,272000,forsale,1785,installed,2014,,,96.21,2,,,,,true,true,,,,,10/18/22
9367896,apartment,apartment,270000,forsale,8850,installed,2020,,gas,44,2,,,,,true,,,,,,10/18/22
10041103,apartment,apartment,279000,forsale,8620,,1993,asnew,electric,187,1,,,,,true,,,,,,10/18/22
10096667,apartment,apartment,280000,forsale,1060,usainstalled,,good,,252,2,,,true,,,,,,,,10/18/22
10084715,apartment,apartment,280000,forsale,1140,,2008,,,413,2,,,true,,true,,,1,,,10/18/22
10080852,apartment,apartment,282000,forsale,8370,installed,,,gas,,2,,,true,,true,,,,,,10/18/22
10127114,apartment,apartment,289000,forsale,1600,usahyperequipped,1987,justrenovated,electric,449,2,,,,,true,,,,,,10/18/22
9730507,apartment,apartment,289000,forsale,8620,,1987,,,173,4,,,true,9,,,,1,,,10/18/22
10128572,apartment,apartment,295000,forsale,9000,,,justrenovated,,,1,,,true,,true,,,,,,10/18/22
9878086,apartment,apartment,299000,forsale,1500,,2018,,,,1,,,true,,true,,,1,,,10/18/22
9968735,apartment,apartment,299900,forsale,1853,,2022,,,,3,,,,,,,,,,,10/18/22
9240206,apartment,apartment,319000,forsale,9400,installed,2004,asnew,gas,92,2,,,,,true,,,,,,10/18/22
10079235,apartment,apartment,324000,forsale,8000,,2007,good,,105,2,,,,,true,,,,,,10/18/22
9801873,apartment,apartment,325000,forsale,1000,usainstalled,2022,asnew,gas,112,2,,,,,,,,,,,10/18/22
9799414,apartment,apartment,325000,forsale,1000,usainstalled,2022,asnew,gas,112,2,,,,,,,,,,,10/18/22
10127587,apartment,apartment,325000,forsale,8470,installed,,good,,324,2,,,,,,,,2,1,,10/18/22
9899549,apartment,apartment,335000,forsale,2880,,2019,asnew,gas,,2,,,,,true,,,,1,,10/18/22
10062154,apartment,apartment,340000,forsale,1160,installed,,,,53,3,,,true,,,,,,,,10/18/22
10044321,apartment,apartment,340000,forsale,1190,hyperequipped,,asnew,,339,3,,,true,,true,,,,,,10/18/22
9864618,apartment,apartment,340000,forsale,9940,installed,2022,asnew,,,3,,,,,true,,,,,,10/18/22
9864616,apartment,apartment,350000,forsale,9940,installed,2022,asnew,,,2,,,,,true,,,,,,10/18/22
9308584,apartment,apartment,365000,forsale,1200,installed,1970,,,228,2,,,true,,,,,1,1,,10/18/22
9645126,apartment,apartment,379000,forsale,9255,,2021,asnew,gas,,3,,,,,true,,,,,,10/18/22
10076993,apartment,groundfloor,381589,forsale,6210,hyperequipped,,asnew,,,2,,,,556,true,,,1,1,,10/18/22
9939620,apartment,groundfloor,386000,forsale,1050,hyperequipped,1973,good,gas,244,2,,,true,3000,true,,,1,1,,10/18/22
10090948,apartment,apartment,390000,forsale,1180,,,,,71,2,,,true,,true,,,2,,,10/18/22
10062157,apartment,apartment,395000,forsale,1160,installed,,,,53,3,,,true,,,,,2,,,10/18/22
9623810,apartment,apartment,395000,forsale,2580,installed,2020,asnew,gas,30,3,,,,,,,,,1,,10/18/22
10120768,apartment,apartment,419000,forsale,2800,,,,,139,2,,,true,,true,,,,,,10/18/22
9701948,apartment,apartment,420000,forsale,8870,installed,1978,good,,285,5,,,,,,,,4,1,,10/18/22
9266102,apartment,apartment,450000,forsale,8540,,2021,,,,2,,,,,true,,,1,,,10/18/22
10158422,apartmentgroup,apartmentgroup,427125-427125,forsale,1420,,,,,,,,,,,,,,1,1,1,10/18/22
10158413,apartmentgroup,apartmentgroup,361800-693450,forsale,1420,,,,,,,,,,,,,,1,,1,10/18/22
10158411,apartment,apartment,139000,forsale,8420,installed,,good,gas,436,2,,,,,,,,,,,10/18/22
10158410,house,villa,2750000,forsale,2360,installed,1987,asnew,,131,6,6420,,true,6420,,true,true,4,6,,10/18/22
10158405,house,house,109000,forsale,8530,installed,1919,tobedoneup,gas,538,2,126,,true,68,,,,,,,10/18/22
10158403,house,house,270000,forsale,8800,installed,,good,,433,3,173,,,73,,,,1,1,,10/18/22
10158401,house,house,440000,forsale,3210,,1951,,,444,4,1231,,true,,,,,,4,,10/18/22
10158399,apartment,duplex,272000,forsale,1785,installed,2014,,,96.21,2,,,,,true,true,,,,,10/18/22
10116622,apartment,apartment,455000,forsale,1348,usahyperequipped,2020,,gas,,3,,,true,15,true,,,1,,,10/18/22
10090949,apartment,apartment,490000,forsale,1180,,,,,71,3,,,true,,true,,,2,,,10/18/22
10099279,apartment,apartment,495000,forsale,8300,usahyperequipped,1995,justrenovated,gas,105,2,,,,,true,,,,,,10/18/22
8353576,apartment,serviceflat,495000,forsale,8300,usahyperequipped,2018,asnew,,74,1,,,,,true,,,,,,10/18/22
10108371,apartment,apartment,500000,forsale,1400,,,torenovate,gas,,4,,,true,,,true,,,,,10/18/22
9934962,apartment,apartment,550000,forsale,8300,hyperequipped,1992,asnew,gas,127,2,,,true,,true,,,,,,10/18/22
10091167,apartment,penthouse,552872,forsale,8900,installed,,good,,35,2,,,,,,,,,,,10/18/22
10005865,apartment,apartment,555000,forsale,1180,hyperequipped,1966,tobedoneup,,157,4,,,true,,true,,true,1,,,10/18/22
10079952,apartment,apartment,569000,forsale,8370,,1991,asnew,,119,6,,,,,true,,,,4,,10/18/22
9986739,apartment,triplex,605000,forsale,1000,usahyperequipped,,asnew,,219,2,,,true,,true,true,,,,,10/18/22
10085826,apartment,apartment,625000,forsale,8300,usahyperequipped,1989,justrenovated,gas,164,2,,,,,,,,,,,10/18/22
9744527,apartment,apartment,637000,forsale,9000,,2020,,gas,,3,,,,,,,,,,,10/18/22
10103352,apartment,apartment,660000,forsale,8300,,1994,,,212,2,,,true,,true,,,,,,10/18/22
10126343,apartment,apartment,680000,forsale,1180,,,,,71,3,,,true,500,true,,,1,,,10/18/22
9688314,apartment,loft,730000,forsale,1420,usahyperequipped,1940,asnew,,185,4,,,,180,true,true,,1,2,,10/18/22
10105869,apartment,penthouse,790000,forsale,3020,hyperequipped,2006,,,120,2,,,,,true,true,,2,2,,10/18/22
9807355,apartment,duplex,899000,forsale,8300,installed,2003,,,137,3,,,,,,,,,,,10/18/22
10074204,apartment,apartment,1195000,forsale,8300,hyperequipped,,asnew,,84,3,,,,,true,,,,,,10/18/22
9998575,apartment,apartment,1495000,forsale,8301,,,asnew,,,3,,,,,,,,,,,10/18/22
10052414,apartment,apartment,2490000,forsale,8300,,1976,,gas,,4,,,true,,,,,,,,10/18/22
9782358,apartment,apartment,4900000,forsale,8300,usahyperequipped,2018,asnew,gas,,2,,,true,,true,,true,,,,10/18/22
10146170,apartment,apartment,249000,forsale,1020,,,good,gas,,2,,,,,true,,,,,,10/18/22
10052926,apartment,groundfloor,270000,forsale,2610,,,,gas,295,1,,,,60,true,,,,,,10/18/22
10134380,apartment,apartment,235000,forsale,9000,,,,,248,3,,,,,true,,,1,,,10/18/22
10136345,apartment,duplex,339000,forsale,1082,installed,1960,good,gas,,3,,,,200,,,,,,,10/18/22
10154022,apartment,apartment,207500,forsale,8710,,2019,good,,47,2,,,,,true,,,,1,,10/18/22
10152608,apartment,groundfloor,549000,forsale,2018,hyperequipped,,,gas,,2,,,true,90,,,,,,,10/18/22
8562860,apartment,apartment,160371,forsale,3670,,2016,,gas,,1,,,,,true,,,,,1,10/18/22
8561815,apartment,apartment,160371,forsale,3670,,2016,,gas,,1,,,,,true,,,,,1,10/18/22
8562841,apartment,apartment,160372,forsale,3670,,2016,,gas,,1,,,,,true,,,,,1,10/18/22
10158422,apartmentgroup,apartmentgroup,427125-427125,forsale,1420,,,,,,,,,,,,,,1,1,1,10/18/22
10158413,apartmentgroup,apartmentgroup,361800-693450,forsale,1420,,,,,,,,,,,,,,1,,1,10/18/22
10158411,apartment,apartment,139000,forsale,8420,installed,,good,gas,436,2,,,,,,,,,,,10/18/22
10158410,house,villa,2750000,forsale,2360,installed,1987,asnew,,131,6,6420,,true,6420,,true,true,4,6,,10/18/22
10158405,house,house,109000,forsale,8530,installed,1919,tobedoneup,gas,538,2,126,,true,68,,,,,,,10/18/22
10158403,house,house,270000,forsale,8800,installed,,good,,433,3,173,,,73,,,,1,1,,10/18/22
10158401,house,house,440000,forsale,3210,,1951,,,444,4,1231,,true,,,,,,4,,10/18/22
10158399,apartment,duplex,272000,forsale,1785,installed,2014,,,96.21,2,,,,,true,true,,,,,10/18/22
8562842,apartment,apartment,163508,forsale,3670,,2016,,gas,,1,,,,,true,,,,,1,10/18/22
8562844,apartment,apartment,164746,forsale,3670,,2016,,gas,,1,,,,,true,,,,,1,10/18/22
10099541,apartment,groundfloor,179000,forsale,5560,,,asnew,gas,,2,,,,200,true,,,,2,1,10/18/22
9999086,apartment,apartment,219000,forsale,8620,,1970,tobedoneup,,143,1,,,,,true,,,,,,10/18/22
9106781,apartment,apartment,235938,forsale,8740,,2021,,,,2,,,,,true,,,1,,1,10/18/22
9913222,apartment,penthouse,238500,forsale,8972,,2021,,,,2,,,,,,,,1,,1,10/18/22
8562843,apartment,apartment,239800,forsale,3670,,2016,,gas,,2,,,,,true,,,,,1,10/18/22
8542176,apartment,apartment,239800,forsale,3670,,2016,,gas,,2,,,,,true,,,,,1,10/18/22
9106784,apartment,apartment,241047,forsale,8740,,2021,,,,2,,,,,true,,,1,,1,10/18/22
9106797,apartment,apartment,253935,forsale,8740,,2021,,,,2,,,,,true,,,1,,1,10/18/22
9530230,apartment,apartment,256500,forsale,8370,,2022,asnew,,,1,,,,,,,,,,1,10/18/22
10087561,apartment,duplex,257500,forsale,8820,,,asnew,gas,,1,,,,,true,,,15,,1,10/18/22
10129056,apartment,groundfloor,258000,forsale,3270,installed,2022,good,gas,,2,,,true,58,true,,,1,,1,10/18/22
9532832,apartment,apartment,260169,forsale,8770,,2020,good,,,2,,,true,,true,,,,1,1,10/18/22
10087558,apartment,apartment,262500,forsale,8820,,2023,asnew,gas,,2,,,,,true,,,15,15,1,10/18/22
9969433,apartment,apartment,274900,forsale,3271,,2022,asnew,gas,,2,,,,,true,,,18,18,1,10/18/22
9990768,apartment,apartment,279500,forsale,9400,installed,2022,,,,2,,,,,,,,,,1,10/18/22
9969441,apartment,apartment,283700,forsale,3271,,2022,asnew,gas,,2,,,,,true,,,18,18,1,10/18/22
9106792,apartment,apartment,285921,forsale,8740,,2021,,,,2,,,,,true,,,1,,1,10/18/22
9106802,apartment,apartment,288180,forsale,8740,,2021,,,,3,,,,,true,,,1,,1,10/18/22
9106794,apartment,apartment,293770,forsale,8740,,2021,,,,2,,,,,true,,,1,,1,10/18/22
9969440,apartment,apartment,293850,forsale,3271,,2022,asnew,gas,,2,,,,,true,,,18,18,1,10/18/22
9912486,apartment,groundfloor,298000,forsale,3270,installed,2022,good,gas,,2,,,true,37,true,,,1,,1,10/18/22
9106787,apartment,penthouse,299838,forsale,8740,,2021,,,,2,,,,,true,,,1,,1,10/18/22
9727737,apartment,apartment,305000,forsale,8370,,2022,asnew,,,2,,,,,,,,,,1,10/18/22
10043699,apartment,apartment,322879,forsale,9300,installed,2022,asnew,gas,,3,,,,,true,,,1,,1,10/18/22
10117660,apartment,apartment,339000,forsale,9300,installed,2021,,,,3,,,,,true,true,,,,1,10/18/22
9972845,apartment,penthouse,355000,forsale,8552,installed,2022,,gas,,2,,,,,true,,,,,1,10/18/22
8912452,apartment,serviceflat,360000,forsale,2000,,2017,asnew,,71,2,,,,,true,,,,,1,10/18/22
9006124,apartment,apartment,387400,forsale,3910,installed,,,gas,,4,,,,,true,,,,,1,10/18/22
10158422,apartmentgroup,apartmentgroup,427125-427125,forsale,1420,,,,,,,,,,,,,,1,1,1,10/18/22
10158413,apartmentgroup,apartmentgroup,361800-693450,forsale,1420,,,,,,,,,,,,,,1,,1,10/18/22
10158411,apartment,apartment,139000,forsale,8420,installed,,good,gas,436,2,,,,,,,,,,,10/18/22
10158410,house,villa,2750000,forsale,2360,installed,1987,asnew,,131,6,6420,,true,6420,,true,true,4,6,,10/18/22
10158405,house,house,109000,forsale,8530,installed,1919,tobedoneup,gas,538,2,126,,true,68,,,,,,,10/18/22
10158403,house,house,270000,forsale,8800,installed,,good,,433,3,173,,,73,,,,1,1,,10/18/22
10158401,house,house,440000,forsale,3210,,1951,,,444,4,1231,,true,,,,,,4,,10/18/22
10158399,apartment,duplex,272000,forsale,1785,installed,2014,,,96.21,2,,,,,true,true,,,,,10/18/22
9636114,apartment,apartment,430000,forsale,9000,,2021,asnew,,,2,,,,,,,,,,1,10/18/22
9148648,apartment,apartment,430000,forsale,9000,installed,,asnew,,,2,,,,,true,,,,,1,10/18/22
9106796,apartment,penthouse,430063,forsale,8740,,2021,,,,3,,,,,true,,,1,,1,10/18/22
9748667,apartment,duplex,449000,forsale,8370,,2022,,,,2,,,,,true,,,,,1,10/18/22
9993679,apartment,apartment,455000,forsale,3012,installed,2022,,,,2,,,,183,true,true,,1,1,1,10/18/22
9636115,apartment,apartment,457000,forsale,9000,,2021,asnew,,,2,,,,,true,,,,,1,10/18/22
9799346,apartment,penthouse,478741,forsale,9340,hyperequipped,2021,asnew,,,2,,,,,true,,,,,1,10/18/22
9106786,apartment,penthouse,490800,forsale,8740,,2021,,,,3,,,,,true,,,1,,1,10/18/22
10069420,apartment,apartment,520000,forsale,2000,hyperequipped,2021,asnew,,,2,,,,,true,,,1,1,1,10/18/22
9717884,apartment,penthouse,575000,forsale,2000,,2019,,,,2,,,,,true,,,,,1,10/18/22
9148647,apartment,apartment,583000,forsale,9000,installed,,asnew,,,2,,,,,true,,,,,1,10/18/22
9090761,apartment,apartment,637000,forsale,9000,installed,,asnew,,,3,,,,,true,,,,,1,10/18/22
9941344,apartment,apartment,645000,forsale,8300,usahyperequipped,2021,,gas,,2,,,,,true,,,1,,1,10/18/22
10067035,apartment,apartment,730000,forsale,2000,hyperequipped,2017,,gas,,2,,,,,true,,,,,1,10/18/22
9248909,apartment,apartment,758000,forsale,3800,,2021,,,,2,,,,,true,,,,,1,10/18/22
10086894,apartment,groundfloor,199000,forsale,1020,installed,1970,good,gas,374,1,,,true,,true,,,,,,10/18/22
10009429,apartment,apartment,275000,forsale,1040,semiequipped,1960,tobedoneup,fueloil,266,2,,,true,,true,,,1,1,,10/18/22
10104079,apartment,apartment,113750,forsale,2100,,1977,tobedoneup,gas,388,3,,,true,,true,,,,,,10/18/22
10158259,apartment,duplex,195000,forsale,1300,semiequipped,,justrenovated,gas,458,2,,,true,,,,,,,,10/18/22
10157664,apartment,apartment,320000,forsale,8370,hyperequipped,,,gas,,2,,,,,true,,,,,,10/18/22
10144846,apartment,duplex,309000,forsale,2500,installed,,good,gas,,2,,,,,,,,1,2,,10/18/22
10144553,apartment,apartment,349000,forsale,8490,,2022,good,,,2,,,,,true,,,,1,,10/18/22
10130521,apartment,apartment,160000,forsale,9550,,,good,gas,222,2,,,,,,,,,,,10/18/22
10131022,apartment,serviceflat,170000,forsale,9940,,2020,good,,,1,,,,,,,,,,,10/18/22
10056729,apartment,apartment,250000,forsale,2600,installed,,,gas,,0,,,,,,,,,,1,10/18/22
10056819,apartment,loft,275000,forsale,1651,,1941,good,,262,3,,,,,,,,,,,10/18/22
10139028,apartment,apartment,785000,forsale,1000,,,,,,3,,,true,,true,true,,1,,1,10/18/22
10137567,apartment,apartment,112500,forsale,1020,semiequipped,1952,,gas,,1,,,,,,,,,,,10/18/22
10138061,apartment,apartment,255000,forsale,8730,,,,gas,218,2,,,,,,,,1,,,10/18/22
10137208,apartment,apartment,475000,forsale,1060,,,,,172,3,,,true,,true,,,,,,10/18/22
10158422,apartmentgroup,apartmentgroup,427125-427125,forsale,1420,,,,,,,,,,,,,,1,1,1,10/18/22
10158413,apartmentgroup,apartmentgroup,361800-693450,forsale,1420,,,,,,,,,,,,,,1,,1,10/18/22
10158411,apartment,apartment,139000,forsale,8420,installed,,good,gas,436,2,,,,,,,,,,,10/18/22
10158410,house,villa,2750000,forsale,2360,installed,1987,asnew,,131,6,6420,,true,6420,,true,true,4,6,,10/18/22
10158405,house,house,109000,forsale,8530,installed,1919,tobedoneup,gas,538,2,126,,true,68,,,,,,,10/18/22
10158403,house,house,270000,forsale,8800,installed,,good,,433,3,173,,,73,,,,1,1,,10/18/22
10158401,house,house,440000,forsale,3210,,1951,,,444,4,1231,,true,,,,,,4,,10/18/22
10158399,apartment,duplex,272000,forsale,1785,installed,2014,,,96.21,2,,,,,true,true,,,,,10/18/22
10140403,apartment,apartment,320000,forsale,8370,,,,,129,3,,,,,true,,,,,,10/18/22
10088327,apartment,apartment,48000,forsale,6000,semiequipped,1956,,fueloil,619,1,,,true,,true,,,,,,10/18/22
10082263,apartment,flatstudio,74900,forsale,6000,,,,,344,1,,,,,,,,,,,10/18/22
9543984,apartment,apartment,85000,forsale,7700,installed,,justrenovated,gas,425,1,,,true,,,,,1,,,10/18/22
10037824,apartment,duplex,95000,forsale,1210,,,asnew,,,2,,,,,true,,,,,,10/18/22
10019289,apartment,kot,107500,forsale,2018,hyperequipped,,,fueloil,,1,,,true,,,,,,,,10/18/22
9583460,apartment,serviceflat,122220,forsale,9990,installed,,asnew,gas,,1,,,,,,,,,1,,10/18/22
10110340,apartment,flatstudio,127000,forsale,1070,,1958,,,155,1,,,true,,true,,,,,,10/18/22
10088394,apartment,serviceflat,130000,forsale,3090,usainstalled,2010,good,electric,,1,,,,,true,,,,,,10/18/22
9712775,apartment,apartment,131500,forsale,8770,,,asnew,,,2,,,,,true,,,,,,10/18/22
9555449,apartment,apartment,135000,forsale,7130,usasemiequipped,,good,gas,134,2,,,true,,,true,,,,,10/18/22
8828107,apartment,apartment,136700,forsale,8800,hyperequipped,2020,,gas,,1,,,,,true,,,,,,10/18/22
9952488,apartment,serviceflat,149000,forsale,1650,installed,2010,,,147.28,1,,,,,true,,,,,,10/18/22
9952489,apartment,serviceflat,149000,forsale,1652,installed,2010,,,147.28,1,,,,,true,,,,,,10/18/22
10114612,apartment,apartment,149000,forsale,2850,,,tobedoneup,,805,1,,,true,,,,,1,,,10/18/22
10092106,apartment,flatstudio,149000,forsale,8370,,1974,,,142,0,,,true,,,,,,,,10/18/22
9943810,apartment,apartment,149000,forsale,9520,,,,electric,614,2,,,,,true,,,,,,10/18/22
9761691,apartment,apartment,150000,forsale,7141,,,,,324,0,,,,,,,,,,,10/18/22
10012660,apartment,flatstudio,159000,forsale,8200,,1978,,gas,162,0,,,,,,,,1,1,,10/18/22
10129926,apartment,apartment,159000,forsale,8370,,1965,asnew,,117,1,,,,,true,,,,,,10/18/22
9989278,apartment,apartment,165000,forsale,4030,,,good,gas,354,1,,,true,,true,,,,1,,10/18/22
8828105,apartment,apartment,169250,forsale,8800,hyperequipped,2020,,gas,,1,,,,,true,,,,,,10/18/22
10115250,apartment,apartment,175000,forsale,9000,,1966,,gas,333,1,,,,,,,,,,,10/18/22
10111452,apartment,apartment,178000,forsale,8370,,1967,good,,,2,,,true,,,,,,,,10/18/22
10107333,apartment,apartment,180000,forsale,2220,installed,2000,good,gas,189,1,,,,,,,,,,,10/18/22
8828102,apartment,apartment,180900,forsale,8800,hyperequipped,2020,,gas,,1,,,,,true,,,,,,10/18/22
10085655,apartment,apartment,185000,forsale,2170,,1920,,,240,1,,,,,,,,,,,10/18/22
10087902,apartment,flatstudio,185000,forsale,3000,,,,,156,0,,,,,,,,,,,10/18/22
9336407,apartment,apartment,185000,forsale,4000,usainstalled,2022,,,,1,,,,,,,,,,,10/18/22
10119996,apartment,flatstudio,185000,forsale,9500,,,good,,125,2,,,,,true,,,,,,10/18/22
10158422,apartmentgroup,apartmentgroup,427125-427125,forsale,1420,,,,,,,,,,,,,,1,1,1,10/18/22
10158413,apartmentgroup,apartmentgroup,361800-693450,forsale,1420,,,,,,,,,,,,,,1,,1,10/18/22
10158411,apartment,apartment,139000,forsale,8420,installed,,good,gas,436,2,,,,,,,,,,,10/18/22
10158410,house,villa,2750000,forsale,2360,installed,1987,asnew,,131,6,6420,,true,6420,,true,true,4,6,,10/18/22
10158405,house,house,109000,forsale,8530,installed,1919,tobedoneup,gas,538,2,126,,true,68,,,,,,,10/18/22
10158403,house,house,270000,forsale,8800,installed,,good,,433,3,173,,,73,,,,1,1,,10/18/22
10158401,house,house,440000,forsale,3210,,1951,,,444,4,1231,,true,,,,,,4,,10/18/22
10158399,apartment,duplex,272000,forsale,1785,installed,2014,,,96.21,2,,,,,true,true,,,,,10/18/22
9900726,apartment,apartment,189000,forsale,8310,,1977,,,,2,,,,,,,,,,,10/18/22
9992057,apartment,apartment,196500,forsale,8570,installed,,,,,1,,,,,,,,,,,10/18/22
9400710,apartment,apartment,199000,forsale,2880,,2017,asnew,,43,1,,,,,true,,,,,,10/18/22
10094462,apartment,apartment,199000,forsale,8430,usasemiequipped,,good,electric,,1,,,,,true,,,,,,10/18/22
10054843,apartment,apartment,200000,forsale,1180,,,,,,2,,,true,,,,,,,,10/18/22
8828113,apartment,apartment,209600,forsale,8800,hyperequipped,2020,,gas,,2,,,,,true,,,,,,10/18/22
10004268,apartment,apartment,210000,forsale,4041,installed,2014,asnew,gas,,2,,,,40,true,,,,1,,10/18/22
10112244,apartment,duplex,219000,forsale,1070,installed,,good,gas,1143,3,,,true,,,,,,,,10/18/22
9507350,apartment,apartment,219000,forsale,7700,installed,,asnew,gas,112,2,,,,,true,,,1,,,10/18/22
8828110,apartment,apartment,219200,forsale,8800,hyperequipped,2020,,gas,,2,,,,,true,,,,,,10/18/22
9612806,apartment,serviceflat,220000,forsale,9950,,,asnew,,94,1,,,,,true,,,,,,10/18/22
8828106,apartment,apartment,226800,forsale,8800,hyperequipped,2020,,gas,,2,,,,,true,,,,,,10/18/22
8876009,apartment,apartment,227350,forsale,8600,,2019,good,,,2,,,,,,,,,,,10/18/22
9940957,apartment,apartment,229000,forsale,8620,,2007,asnew,electric,183,1,,,,,true,,,,,,10/18/22
10005644,apartment,groundfloor,230000,forsale,2060,,,justrenovated,,150,1,,,,,,,,,,,10/18/22
9998823,apartment,duplex,230000,forsale,9340,installed,,,,,2,,,,,true,,,,,,10/18/22
9912246,apartment,apartment,232840,forsale,1140,,2022,,,,1,,,true,,true,,,1,,,10/18/22
9865202,apartment,apartment,235000,forsale,1310,hyperequipped,1927,,gas,224,2,,,true,,,true,,,,,10/18/22
9957492,apartment,apartment,235000,forsale,8420,,1995,,,290,1,,,,,,,,1,,,10/18/22
10075761,apartment,apartment,238000,forsale,8340,,1988,,electric,199,2,,,,,true,,,4,,,10/18/22
10094115,apartment,flatstudio,240000,forsale,1060,semiequipped,,asnew,,,0,,,true,,,,,,,,10/18/22
9927985,apartment,apartment,240000,forsale,1500,,2021,,,,1,,,,,,,,,,,10/18/22
9992058,apartment,apartment,242500,forsale,8570,installed,,,,,2,,,,,true,,,,,,10/18/22
9889823,apartment,groundfloor,245000,forsale,1120,installed,,,,280,1,,,true,97,,,,,,,10/18/22
10127711,apartment,serviceflat,245000,forsale,9900,hyperequipped,,asnew,gas,,1,,,,,,,,,1,,10/18/22
8667069,apartment,apartment,248063,forsale,3390,,2020,asnew,,,2,,,true,,true,,,1,,,10/18/22
10093388,apartment,apartment,249000,forsale,2610,,,,gas,112,2,,,true,,,,,,,,10/18/22
10073058,apartment,apartment,250000,forsale,1081,installed,,,electric,,1,,,true,,true,,,,,,10/18/22
9992991,apartment,apartment,259000,forsale,9690,,2021,,,,2,,,,,true,,,,,,10/18/22
9992990,apartment,loft,259000,forsale,9690,,2021,,,,2,,,,,true,,,,,,10/18/22
10158422,apartmentgroup,apartmentgroup,427125-427125,forsale,1420,,,,,,,,,,,,,,1,1,1,10/18/22
10158413,apartmentgroup,apartmentgroup,361800-693450,forsale,1420,,,,,,,,,,,,,,1,,1,10/18/22
10158411,apartment,apartment,139000,forsale,8420,installed,,good,gas,436,2,,,,,,,,,,,10/18/22
10158410,house,villa,2750000,forsale,2360,installed,1987,asnew,,131,6,6420,,true,6420,,true,true,4,6,,10/18/22
10158405,house,house,109000,forsale,8530,installed,1919,tobedoneup,gas,538,2,126,,true,68,,,,,,,10/18/22
10158403,house,house,270000,forsale,8800,installed,,good,,433,3,173,,,73,,,,1,1,,10/18/22
10158401,house,house,440000,forsale,3210,,1951,,,444,4,1231,,true,,,,,,4,,10/18/22
10158399,apartment,duplex,272000,forsale,1785,installed,2014,,,96.21,2,,,,,true,true,,,,,10/18/22
9188210,apartment,apartment,261100,forsale,8800,hyperequipped,2020,,gas,,2,,,,,true,,,,,,10/18/22
10023502,apartment,apartment,264000,forsale,3640,,2022,asnew,,,2,,,true,,true,,,1,1,,10/18/22
10012697,apartment,apartment,265000,forsale,2070,,2007,,gas,170,2,,,,40,true,,,1,2,,10/18/22
10104966,apartment,apartment,266080,forsale,8540,,,,,,2,,,,,true,,,,,,10/18/22
10085652,apartment,apartment,268000,forsale,2170,,1920,,,187,2,,,,,,,,,,,10/18/22
10085653,apartment,apartment,275000,forsale,2170,,1920,,,150,2,,,,,,,,,,,10/18/22
9907128,apartment,apartment,275000,forsale,8880,installed,,,gas,,3,,,,,true,,,,,,10/18/22
10087184,apartment,apartment,277500,forsale,9890,,2022,asnew,,,1,,,,,,,,,1,,10/18/22
9781946,apartment,serviceflat,279000,forsale,8000,,1978,,,264,1,,,,,,,,,,,10/18/22
8676845,apartment,apartment,279000,forsale,8830,hyperequipped,2019,,,,2,,,,,true,,,1,,,10/18/22
9550658,apartment,serviceflat,281000,forsale,9000,,,,,63,1,,,,,true,,,,,,10/18/22
10116537,apartment,apartment,285000,forsale,8670,,1992,,electric,542,2,,,,,,,,1,,,10/18/22
9753685,apartment,apartment,287500,forsale,8830,hyperequipped,2019,,,,2,,,,,true,,,1,,,10/18/22
7618165,apartment,penthouse,289500,forsale,8930,,1974,asnew,,204,1,,,,,true,,,,,,10/18/22
9753682,apartment,apartment,292500,forsale,8830,hyperequipped,2019,,,,2,,,,,true,,,1,,,10/18/22
8828099,apartment,apartment,293100,forsale,8800,hyperequipped,2020,,gas,,3,,,,,true,,,,,,10/18/22
10087922,apartment,duplex,295000,forsale,1190,,,good,gas,202,2,,,,20,true,,,,,,10/18/22
8667068,apartment,apartment,295438,forsale,3390,,2020,asnew,,,2,,,true,,true,,,1,,,10/18/22
10042396,apartment,apartment,299000,forsale,8460,installed,2018,asnew,,,2,,,,49,,,,,,,10/18/22
10052778,apartment,apartment,300000,forsale,9800,,2021,good,,,0,,,,,,,,,,,10/18/22
9992857,apartment,groundfloor,305000,forsale,8000,,2016,asnew,gas,,2,,,,1,true,,,1,,,10/18/22
9912245,apartment,apartment,312813,forsale,1140,,2022,,,,3,,,true,,true,,,1,,,10/18/22
9850734,apartment,apartment,315000,forsale,9290,,2022,asnew,gas,1,2,,,,,true,,,,1,,10/18/22
9888424,apartment,apartment,319000,forsale,8301,installed,1990,good,electric,472,2,,,,,,,,,,,10/18/22
10095845,apartment,apartment,320000,forsale,1500,,2018,asnew,,,0,,,true,,,,,1,1,,10/18/22
10095844,apartment,apartment,320000,forsale,1500,,2018,asnew,,,0,,,true,,,,,1,1,,10/18/22
9188209,apartment,apartment,320400,forsale,8800,hyperequipped,2020,,gas,,3,,,,,true,,,,,,10/18/22
9909599,apartment,apartment,325000,forsale,8900,,,justrenovated,,117,3,,,true,,true,,,,,,10/18/22
10052779,apartment,apartment,325000,forsale,9800,,2021,asnew,,,0,,,,,,,,,,,10/18/22
9786587,apartment,groundfloor,329375,forsale,1702,hyperequipped,2022,asnew,gas,,2,,,,78,true,,,,,,10/18/22
10158422,apartmentgroup,apartmentgroup,427125-427125,forsale,1420,,,,,,,,,,,,,,1,1,1,10/18/22
10158413,apartmentgroup,apartmentgroup,361800-693450,forsale,1420,,,,,,,,,,,,,,1,,1,10/18/22
10158411,apartment,apartment,139000,forsale,8420,installed,,good,gas,436,2,,,,,,,,,,,10/18/22
10158410,house,villa,2750000,forsale,2360,installed,1987,asnew,,131,6,6420,,true,6420,,true,true,4,6,,10/18/22
10158405,house,house,109000,forsale,8530,installed,1919,tobedoneup,gas,538,2,126,,true,68,,,,,,,10/18/22
10158403,house,house,270000,forsale,8800,installed,,good,,433,3,173,,,73,,,,1,1,,10/18/22
10158401,house,house,440000,forsale,3210,,1951,,,444,4,1231,,true,,,,,,4,,10/18/22
10158399,apartment,duplex,272000,forsale,1785,installed,2014,,,96.21,2,,,,,true,true,,,,,10/18/22
9593281,apartment,apartment,329978,forsale,3000,installed,,,,30,1,,,true,,,,,1,,,10/18/22
9358180,apartment,apartment,329978,forsale,3000,installed,,,,30,1,,,true,,,,,1,,,10/18/22
8828108,apartment,apartment,338250,forsale,8800,hyperequipped,2020,,gas,,3,,,,,true,,,,,,10/18/22
10048810,apartment,apartment,340500,forsale,9940,,1973,justrenovated,,,3,,,,,,,,,,,10/18/22
9925500,apartment,apartment,344000,forsale,1620,hyperequipped,2021,,gas,,2,,,true,,true,,,,,,10/18/22
9546807,apartment,apartment,349000,forsale,8770,hyperequipped,2018,,,,3,,,,,true,,,,,,10/18/22
10012429,apartment,apartment,350000,forsale,9052,installed,2020,asnew,gas,,3,,,,,,,,,83,,10/18/22
9981195,apartment,apartment,389000,forsale,2000,,,tobedoneup,gas,254,2,,,,,,,,,,,10/18/22
9818814,apartment,apartment,415000,forsale,1500,installed,,asnew,,,3,,,true,,true,,,,,,10/18/22
10067240,apartment,apartment,435000,forsale,8570,installed,,,,,3,,,,,true,,,,,,10/18/22
9976125,apartment,apartment,442000,forsale,9052,,2021,asnew,,,2,,,,,,,,,,,10/18/22
10058284,apartment,apartment,450000,forsale,8301,installed,,,gas,171,6,,,,,,,,1,,,10/18/22
9772410,apartment,duplex,475000,forsale,2000,,1920,,,205,2,,,,,,,,,,,10/18/22
9818815,apartment,apartment,499000,forsale,1500,installed,,asnew,,,3,,,true,,true,,,,,,10/18/22
10024715,apartment,apartment,499000,forsale,9140,,2008,,gas,100,2,,,,,true,,,,1,,10/18/22
9997111,apartment,apartment,523000,forsale,8301,installed,1993,asnew,gas,166,3,,,,,,,,,,,10/18/22
9818813,apartment,apartment,525000,forsale,1500,installed,,asnew,,,3,,,true,,true,,,,,,10/18/22
9438904,apartment,apartment,530000,forsale,8300,,1988,asnew,,78,2,,,,,,,,,,,10/18/22
10118793,apartment,penthouse,545000,forsale,1180,installed,2022,,gas,1,3,,,,,true,,,,,,10/18/22
10043026,apartment,apartment,595000,forsale,8660,,,,electric,316,2,,,,,,,,,,,10/18/22
9954166,apartment,groundfloor,600000,forsale,1190,usasemiequipped,1900,torenovate,fueloil,,4,,,true,200,true,,,,1,,10/18/22
10072922,apartment,groundfloor,645000,forsale,2000,hyperequipped,,asnew,gas,,3,,,,,,,,2,,,10/18/22
10019134,apartment,apartment,675000,forsale,1040,usahyperequipped,,asnew,,,2,,,true,,true,,,1,,,10/18/22
9984048,apartment,apartment,695000,forsale,8420,hyperequipped,,asnew,gas,150.34,3,,,true,,true,,,1,,,10/18/22
9105059,apartment,apartment,728000,forsale,1000,,1922,,gas,,3,,,,,true,,,,,,10/18/22
9517258,apartment,duplex,760000,forsale,1000,hyperequipped,2003,good,,,3,,,,,,,,,1,,10/18/22
10063755,apartment,penthouse,895000,forsale,2020,hyperequipped,,,gas,,3,,,true,,true,,,,,,10/18/22
10091091,apartment,apartment,895000,forsale,7500,,,,gas,143,3,,,true,,true,,,2,,,10/18/22
10048835,apartment,apartment,975000,forsale,8300,,,,,130,3,,,,,,,,,,,10/18/22
9120978,apartment,penthouse,1795000,forsale,2000,installed,2021,asnew,gas,,2,,,,,true,,,,1,,10/18/22
10158422,apartmentgroup,apartmentgroup,427125-427125,forsale,1420,,,,,,,,,,,,,,1,1,1,10/18/22
10158413,apartmentgroup,apartmentgroup,361800-693450,forsale,1420,,,,,,,,,,,,,,1,,1,10/18/22
10158411,apartment,apartment,139000,forsale,8420,installed,,good,gas,436,2,,,,,,,,,,,10/18/22
10158410,house,villa,2750000,forsale,2360,installed,1987,asnew,,131,6,6420,,true,6420,,true,true,4,6,,10/18/22
10158405,house,house,109000,forsale,8530,installed,1919,tobedoneup,gas,538,2,126,,true,68,,,,,,,10/18/22
10158403,house,house,270000,forsale,8800,installed,,good,,433,3,173,,,73,,,,1,1,,10/18/22
10158401,house,house,440000,forsale,3210,,1951,,,444,4,1231,,true,,,,,,4,,10/18/22
10158399,apartment,duplex,272000,forsale,1785,installed,2014,,,96.21,2,,,,,true,true,,,,,10/18/22
10145944,apartment,apartment,149500,forsale,8620,,,,electric,249,1,,,,,,,,,,,10/18/22
10133435,apartment,apartment,270000,forsale,8530,,2021,,,,3,,,,,true,,,,,1,10/18/22
10133434,apartment,apartment,287000,forsale,8530,,2021,,,,2,,,,,true,,,,,1,10/18/22
10145032,apartment,apartment,376825,forsale,8850,hyperequipped,2020,,gas,,3,,,true,137,true,,,,1,,10/18/22
10148928,apartment,apartment,420000,forsale,1050,installed,,good,gas,286,2,,,true,,true,,,1,1,,10/18/22
10091355,apartment,apartment,190000,forsale,8400,,2018,,,89,2,,,,,,,,,,,10/18/22
10132855,apartment,apartment,1150000,forsale,2800,hyperequipped,,asnew,gas,222,3,,,,,true,true,,,,,10/18/22
10136950,apartment,apartment,286788,forsale,9800,hyperequipped,2021,,,,2,,,,,true,,,,,1,10/18/22
10134884,apartment,apartment,205000,forsale,4570,notinstalled,2022,,gas,58,2,,,true,10,true,,,,1,,10/18/22
10155140,apartment,apartment,337500,forsale,9032,usahyperequipped,2022,,,,2,,,,,true,,,,5,1,10/18/22
10093821,apartment,apartment,149818,forsale,7700,hyperequipped,2022,asnew,,74,1,,,,,true,,,1,1,1,10/18/22
10140063,apartment,apartment,175000,forsale,8400,,,tobedoneup,,305,2,,,,,,,,,,,10/18/22
10093822,apartment,apartment,213000,forsale,7700,hyperequipped,2022,asnew,,66,2,,,,,true,,,1,1,1,10/18/22
10093820,apartment,apartment,235000,forsale,7700,hyperequipped,2022,asnew,,62,3,,,,,true,,,1,1,1,10/18/22
10103212,apartment,serviceflat,235000,forsale,8000,installed,2017,asnew,,,1,,,,,,,,,,1,10/18/22
9760836,apartment,serviceflat,235000,forsale,8000,installed,2017,asnew,,,1,,,,,,,,,,1,10/18/22
9012295,apartment,serviceflat,244500,forsale,9032,,2020,,,99,1,,,,,true,,,,,1,10/18/22
9729391,apartment,flatstudio,249900,forsale,2950,,2022,asnew,,,1,,,,58,,,,,,1,10/18/22
9354410,apartment,apartment,250000,forsale,8800,installed,,asnew,,,1,,,,,true,,,,,1,10/18/22
10139152,apartment,apartment,295000,forsale,1190,notinstalled,1900,torenovate,gas,,2,,,,,,,,,,,10/18/22
10000612,apartment,apartment,315000,forsale,8301,usahyperequipped,2024,,gas,,1,,,true,,true,,,,,1,10/18/22
10117666,apartment,apartment,317000,forsale,9300,,,good,,,2,,,,,true,,,,,1,10/18/22
9735001,apartment,apartment,390000,forsale,9051,hyperequipped,,,gas,,2,,,,85,true,,,,1,1,10/18/22
10127571,apartment,penthouse,409900,forsale,8790,installed,2021,asnew,,,2,,,,,true,true,,1,,1,10/18/22
9636125,apartment,apartment,575000,forsale,8770,hyperequipped,,asnew,,,3,,,,,true,,,,,1,10/18/22
9636127,apartment,apartment,585000,forsale,8770,hyperequipped,,asnew,,,3,,,,,true,,,,,1,10/18/22
9636128,apartment,apartment,595000,forsale,8770,hyperequipped,,asnew,,,3,,,,,true,,,,,1,10/18/22
9974344,apartment,apartment,1355000,forsale,1180,installed,2021,,,,3,,,true,,true,,,2,,1,10/18/22
10145012,apartment,penthouse,468600,forsale,9300,installed,2021,,gas,,1,,,,,true,,,,,1,10/18/22
10130425,apartment,apartment,210000,forsale,2620,,1977,,gas,427,2,,,,,true,,,,1,,10/18/22
10158422,apartmentgroup,apartmentgroup,427125-427125,forsale,1420,,,,,,,,,,,,,,1,1,1,10/18/22
10158413,apartmentgroup,apartmentgroup,361800-693450,forsale,1420,,,,,,,,,,,,,,1,,1,10/18/22
10158411,apartment,apartment,139000,forsale,8420,installed,,good,gas,436,2,,,,,,,,,,,10/18/22
10158410,house,villa,2750000,forsale,2360,installed,1987,asnew,,131,6,6420,,true,6420,,true,true,4,6,,10/18/22
10158405,house,house,109000,forsale,8530,installed,1919,tobedoneup,gas,538,2,126,,true,68,,,,,,,10/18/22
10158403,house,house,270000,forsale,8800,installed,,good,,433,3,173,,,73,,,,1,1,,10/18/22
10158401,house,house,440000,forsale,3210,,1951,,,444,4,1231,,true,,,,,,4,,10/18/22
10158399,apartment,duplex,272000,forsale,1785,installed,2014,,,96.21,2,,,,,true,true,,,,,10/18/22
10062431,apartment,apartment,650000,forsale,8300,installed,,,,209,2,,,,,,,,,,,10/18/22
9878165,apartment,flatstudio,155000,forsale,8620,,1991,asnew,,446,1,,,true,,true,,,,,,10/18/22
10151328,apartment,apartment,248000,forsale,8370,,,,gas,,1,,,,,true,,,,,,10/18/22
10148872,apartment,groundfloor,269000,forsale,1600,usahyperequipped,1987,justrenovated,electric,318,2,,,,,,,,,,,10/18/22
10149174,apartment,apartment,515000,forsale,1000,,,good,,202,2,,,,,true,,,,,,10/18/22
9817402,apartmentgroup,apartmentgroup,155000-280000,forsale,6041,,,,,,,,,,,,,,14,,1,10/18/22
10107991,apartmentgroup,apartmentgroup,174900-294900,forsale,8792,,,,,,,,,,,,,,,,1,10/18/22
9691920,apartmentgroup,apartmentgroup,185828-403100,forsale,5004,,,,,,,,,,,,,,,,1,10/18/22
9049210,apartmentgroup,apartmentgroup,186000-219000,forsale,8790,,,,,,,,,,,,,,,,1,10/18/22
10125977,apartmentgroup,apartmentgroup,187500-545000,forsale,8370,,,,,,,,,,,,,,,,1,10/18/22
9050003,apartmentgroup,apartmentgroup,215980-420705,forsale,5030,,,,,,,,,,,,,,,,1,10/18/22
9010283,apartmentgroup,apartmentgroup,216000-468500,forsale,3520,,,,,,,,,,,,,,,,1,10/18/22
9610300,apartmentgroup,apartmentgroup,219700-219700,forsale,8480,,,,,,,,,,,,,,,,1,10/18/22
8928544,apartmentgroup,apartmentgroup,219850-370000,forsale,8480,,,,,,,,,,,,,,,,1,10/18/22
9668061,apartmentgroup,apartmentgroup,219959-324889,forsale,8540,,,,,,,,,,,,,,,,1,10/18/22
9373484,apartmentgroup,apartmentgroup,220000-430000,forsale,8430,,,,,,,,,,,,,,,,1,10/18/22
9779316,apartmentgroup,apartmentgroup,230000-322500,forsale,8434,,,,,,,,,,,,,,,,1,10/18/22
9519362,apartmentgroup,apartmentgroup,233000-280000,forsale,2160,,,,,,,,,,,,,,,,1,10/18/22
10098554,apartmentgroup,apartmentgroup,236000-292000,forsale,9130,,,,,,,,,,,,,,,,1,10/18/22
9989095,apartmentgroup,apartmentgroup,239750-799750,forsale,1702,,,,,,,,,,,,,,,,1,10/18/22
9660950,apartmentgroup,apartmentgroup,245000-284500,forsale,9550,,,,,,,,,,,,,,,,1,10/18/22
10002305,apartmentgroup,apartmentgroup,246750-330750,forsale,8000,,,,,,,,,,,,,,,,1,10/18/22
9105640,apartmentgroup,apartmentgroup,248000-263000,forsale,8560,,,,,,,,,,,,,,,,1,10/18/22
8952136,apartmentgroup,apartmentgroup,249400-357600,forsale,9940,,,,,,,,,,,,,,,,1,10/18/22
10018769,apartmentgroup,apartmentgroup,255500-371500,forsale,4680,,,,,,,,,,,,,,1,,1,10/18/22
9950173,apartmentgroup,apartmentgroup,258500-283500,forsale,9890,,,,,,,,,,,,,,,,1,10/18/22
9850931,apartmentgroup,apartmentgroup,267500-267500,forsale,3600,,,,,,,,,,,,,,,,1,10/18/22
9723626,apartmentgroup,apartmentgroup,268000-499000,forsale,2800,,,,,,,,,,,,,,,,1,10/18/22
8885996,apartmentgroup,apartmentgroup,268000-268000,forsale,8710,,,,,,,,,,,,,,,,1,10/18/22
9993222,apartmentgroup,apartmentgroup,270506-372992,forsale,8610,,,,,,,,,,,,,,,,1,10/18/22
10158422,apartmentgroup,apartmentgroup,427125-427125,forsale,1420,,,,,,,,,,,,,,1,1,1,10/18/22
10158413,apartmentgroup,apartmentgroup,361800-693450,forsale,1420,,,,,,,,,,,,,,1,,1,10/18/22
10158411,apartment,apartment,139000,forsale,8420,installed,,good,gas,436,2,,,,,,,,,,,10/18/22
10158410,house,villa,2750000,forsale,2360,installed,1987,asnew,,131,6,6420,,true,6420,,true,true,4,6,,10/18/22
10158405,house,house,109000,forsale,8530,installed,1919,tobedoneup,gas,538,2,126,,true,68,,,,,,,10/18/22
10158403,house,house,270000,forsale,8800,installed,,good,,433,3,173,,,73,,,,1,1,,10/18/22
10158401,house,house,440000,forsale,3210,,1951,,,444,4,1231,,true,,,,,,4,,10/18/22
10158399,apartment,duplex,272000,forsale,1785,installed,2014,,,96.21,2,,,,,true,true,,,,,10/18/22
9703002,apartmentgroup,apartmentgroup,295000-360000,forsale,9800,,,,,,,,,,,,,,,,1,10/18/22
8804291,apartmentgroup,apartmentgroup,299500-299500,forsale,6900,,,,,,,,,,,,,,,,1,10/18/22
8727325,apartmentgroup,apartmentgroup,299600-378000,forsale,8970,,,,,,,,,,,,,,,,1,10/18/22
9485067,apartmentgroup,apartmentgroup,300000-350000,forsale,8400,,,,,,,,,,,,,,,,1,10/18/22
9200068,apartmentgroup,apartmentgroup,330000-355000,forsale,8450,,,,,,,,,,,,,,,,1,10/18/22
9113294,apartmentgroup,apartmentgroup,331000-342000,forsale,8850,,,,,,,,,,,,,,,,1,10/18/22
9941605,apartmentgroup,apartmentgroup,349000-399000,forsale,8370,,,,,,,,,,,,,,,,1,10/18/22
8935093,apartmentgroup,apartmentgroup,350900-350900,forsale,1501,,,,,,,,,,,,,,,,1,10/18/22
10079202,apartmentgroup,apartmentgroup,365000-376000,forsale,8000,,,,,,,,,,,,,,,,1,10/18/22
10124182,apartmentgroup,apartmentgroup,399000-735000,forsale,4900,,,,,,,,,,,,,,,,1,10/18/22
10088981,apartmentgroup,apartmentgroup,415000-499000,forsale,1500,,,,,,,,,,,,,,,,1,10/18/22
9819398,apartmentgroup,apartmentgroup,429950-549950,forsale,8420,,,,,,,,,,,,,,,,1,10/18/22
8654131,apartmentgroup,apartmentgroup,430000-430000,forsale,1500,,,,,,,,,,,,,,,,1,10/18/22
9247795,apartmentgroup,apartmentgroup,485000-485000,forsale,8430,,,,,,,,,,,,,,,,1,10/18/22
9067185,apartmentgroup,apartmentgroup,745000-745000,forsale,8300,,,,,,,,,,,,,,,,1,10/18/22
10136699,apartment,apartment,395000,forsale,8800,hyperequipped,,,,124,2,,,,,true,,,1,,,10/18/22
10136025,apartment,apartment,695000,forsale,2000,,,,,267,3,,,true,,true,,,,,,10/18/22
10135844,apartment,apartment,749000,forsale,8300,,,justrenovated,gas,,3,,,,,,,,,,,10/18/22
10155875,apartment,apartment,192000,forsale,1800,installed,,,,,1,,,true,,true,,,,,,10/18/22
10155953,apartment,apartment,312500,forsale,9900,,2011,asnew,,,0,,,,,,,,,,,10/18/22
10140615,apartment,apartment,155000,forsale,9300,,1970,,,238,2,,,true,,true,,,,,,10/18/22
10111001,apartment,flatstudio,30000,forsale,1070,,,,,97,1,,,,,true,,,,,,10/18/22
10077215,apartment,apartment,30000,forsale,8660,,1978,torenovate,,122,1,,,,,,,,,,,10/18/22
9944135,apartment,apartment,40000,forsale,8400,,1900,,,513,2,,,,,,,,,,,10/18/22
9907575,apartment,flatstudio,60000,forsale,6000,,1985,tobedoneup,gas,191,1,,,true,,,,,,,,10/18/22
10072236,apartment,apartment,100000,forsale,2060,,1969,,,745,1,,,,,,,,,,,10/18/22
9849822,apartment,apartment,100000,forsale,6230,usasemiequipped,,good,electric,259,2,,,true,,,,,,1,,10/18/22
10110392,apartment,apartment,105000,forsale,2060,,1951,,,550,2,,,,,,,,,,,10/18/22
10013124,apartment,groundfloor,115000,forsale,3530,,1948,,,326,2,,,,,,,,,,,10/18/22
10059815,apartment,flatstudio,120000,forsale,1070,,,torenovate,gas,158,0,,,,,,,,,,,10/18/22
10158422,apartmentgroup,apartmentgroup,427125-427125,forsale,1420,,,,,,,,,,,,,,1,1,1,10/18/22
10158413,apartmentgroup,apartmentgroup,361800-693450,forsale,1420,,,,,,,,,,,,,,1,,1,10/18/22
10158411,apartment,apartment,139000,forsale,8420,installed,,good,gas,436,2,,,,,,,,,,,10/18/22
10158410,house,villa,2750000,forsale,2360,installed,1987,asnew,,131,6,6420,,true,6420,,true,true,4,6,,10/18/22
10158405,house,house,109000,forsale,8530,installed,1919,tobedoneup,gas,538,2,126,,true,68,,,,,,,10/18/22
10158403,house,house,270000,forsale,8800,installed,,good,,433,3,173,,,73,,,,1,1,,10/18/22
10158401,house,house,440000,forsale,3210,,1951,,,444,4,1231,,true,,,,,,4,,10/18/22
10158399,apartment,duplex,272000,forsale,1785,installed,2014,,,96.21,2,,,,,true,true,,,,,10/18/22
10074629,apartment,apartment,120000,forsale,3500,,2007,,,138,2,,,,,,,,,,,10/18/22
10074628,apartment,apartment,120000,forsale,3500,,2007,,,189,2,,,,,,,,,,,10/18/22
10105254,apartment,apartment,125000,forsale,5310,installed,1989,justrenovated,,279,1,,,,,true,,,1,1,,10/18/22
10105249,apartment,groundfloor,125000,forsale,5310,installed,1989,justrenovated,,279,1,,,,,true,,,1,1,,10/18/22
9877437,apartment,flatstudio,128000,forsale,1120,semiequipped,1970,,gas,663,0,,,true,,,,,,,,10/18/22
9949092,apartment,apartment,130000,forsale,6040,usasemiequipped,,justrenovated,gas,238,2,,,,,,,,,,,10/18/22
10020540,apartment,flatstudio,135000,forsale,8400,installed,1998,,,225,1,,,,,,,,,,,10/18/22
9888711,apartment,flatstudio,139000,forsale,1083,installed,,good,gas,338,0,,,true,25,true,,,2,,,10/18/22
10117106,apartment,apartment,152000,forsale,7500,,,torenovate,,501,3,,,,,,,,,,,10/18/22
10087133,apartment,apartment,155000,forsale,8370,,,good,,168,1,,,true,,,,,,,,10/18/22
9990767,apartment,flatstudio,159000,forsale,9400,installed,,justrenovated,gas,103,1,,,,,,,,,,,10/18/22
10099217,apartment,apartment,159900,forsale,9051,,,asnew,,304,1,,,,,true,,,,,,10/18/22
10107189,apartment,apartment,164000,forsale,9450,,1997,asnew,,130,2,,,,,true,,,1,,,10/18/22
10012789,apartment,apartment,165000,forsale,2627,semiequipped,1968,,gas,290,1,,,,,true,,,,,,10/18/22
9985375,apartment,groundfloor,165000,forsale,9810,,1967,,,137,1,,,,,true,,,,,,10/18/22
10035400,apartment,apartment,166000,forsale,3200,,,good,electric,395,1,,,,,,,,,,,10/18/22
10111680,apartment,apartment,169000,forsale,9300,,,,,169,2,,,true,,true,,,1,,,10/18/22
10047458,apartment,apartment,172000,forsale,8400,installed,,asnew,gas,164,2,,,,,,,,,,,10/18/22
10087134,apartment,apartment,175000,forsale,8370,,,good,,290,2,,,true,,,,,,,,10/18/22
10055369,apartment,apartment,178000,forsale,8400,,1983,,,155,0,,,,,,,,,,,10/18/22
10102473,apartment,apartment,180000,forsale,2800,,2016,good,,107,2,,,,,,,,1,,,10/18/22
8926396,apartment,apartment,180000,forsale,8800,,,good,,109.24,1,,,,,,,,,1,,10/18/22
10082393,apartment,apartment,182000,forsale,8370,,1973,,,85,2,,,,,true,,,,,,10/18/22
10110800,apartment,apartment,185000,forsale,1190,,,,,105,1,,,true,,true,,,1,,,10/18/22
10040681,apartment,apartment,185000,forsale,7740,installed,,justrenovated,gas,141,2,,,,,,,,,,,10/18/22
8418812,apartment,apartment,185000,forsale,8400,,2005,,,333,2,,,,,,,,,,,10/18/22
10021297,apartment,apartment,185000,forsale,8700,,1990,,,166,1,,,,,,,,,,,10/18/22
10121956,apartment,apartment,189000,forsale,6150,installed,2010,,gas,120,2,,,true,,,,,1,,,10/18/22
9912607,apartment,duplex,190000,forsale,1457,installed,,good,fueloil,351,3,,,,,,,,,1,,10/18/22
10008958,apartment,flatstudio,191000,forsale,1410,semiequipped,1970,good,fueloil,344,1,,,true,,true,,,,,,10/18/22
10158422,apartmentgroup,apartmentgroup,427125-427125,forsale,1420,,,,,,,,,,,,,,1,1,1,10/18/22
10158413,apartmentgroup,apartmentgroup,361800-693450,forsale,1420,,,,,,,,,,,,,,1,,1,10/18/22
10158411,apartment,apartment,139000,forsale,8420,installed,,good,gas,436,2,,,,,,,,,,,10/18/22
10158410,house,villa,2750000,forsale,2360,installed,1987,asnew,,131,6,6420,,true,6420,,true,true,4,6,,10/18/22
10158405,house,house,109000,forsale,8530,installed,1919,tobedoneup,gas,538,2,126,,true,68,,,,,,,10/18/22
10158403,house,house,270000,forsale,8800,installed,,good,,433,3,173,,,73,,,,1,1,,10/18/22
10158401,house,house,440000,forsale,3210,,1951,,,444,4,1231,,true,,,,,,4,,10/18/22
10158399,apartment,duplex,272000,forsale,1785,installed,2014,,,96.21,2,,,,,true,true,,,,,10/18/22
10075262,apartment,apartment,195000,forsale,1080,installed,,tobedoneup,gas,247,3,,,,,true,,,,,,10/18/22
9979326,apartment,apartment,199000,forsale,1082,notinstalled,,torenovate,,679,2,,,true,,true,,,,,,10/18/22
10095946,apartment,apartment,200000,forsale,1000,,,good,,493,1,,,,,,,,,,,10/18/22
10079433,apartment,apartment,202500,forsale,8530,,2019,good,,40,2,,,,,true,,,,,,10/18/22
8134784,apartment,apartment,206000,forsale,7370,installed,,asnew,,,3,,,,,,,,1,1,,10/18/22
10121694,apartment,apartment,210000,forsale,3001,,1974,,,178,3,,,true,,true,,,1,,,10/18/22
9924809,apartment,apartment,215000,forsale,8430,installed,1967,,,195,2,,,,,true,,,1,,,10/18/22
10043227,apartment,penthouse,219000,forsale,2000,,,asnew,,464,2,,,,,,,,,,,10/18/22
9969486,apartment,serviceflat,220000,forsale,2400,hyperequipped,,asnew,,82,1,,,,,true,,,,1,,10/18/22
10073290,apartment,apartment,225000,forsale,3620,,1978,,,233,2,,,true,,,,,,1,,10/18/22
10002603,apartment,apartment,225000,forsale,8500,,,good,,322,2,,,true,,,,,1,,,10/18/22
10064564,apartment,apartment,228000,forsale,2170,,1978,,,165,2,,,,,,,,1,,,10/18/22
9916742,apartment,apartment,232000,forsale,8760,,2019,,,70,2,,,,,,,,1,1,,10/18/22
9907580,apartment,apartment,235000,forsale,4000,installed,1918,asnew,gas,148,4,,,,200,true,,,,,,10/18/22
10116538,apartment,apartment,235000,forsale,9032,,,,,248,3,,,,,true,,,1,,,10/18/22
9706871,apartment,apartment,238500,forsale,1410,,,asnew,,,1,,,,,,,,1,,,10/18/22
10060010,apartment,apartment,249000,forsale,1731,installed,,,,,2,,,true,,true,,,1,,,10/18/22
9691834,apartment,apartment,249000,forsale,2170,,,tobedoneup,,305,3,,,,,true,true,,,,,10/18/22
9744439,apartment,apartment,249000,forsale,8430,,1997,,,282,2,,,,,,,,,,,10/18/22
9991798,apartment,apartment,249000,forsale,8480,,2018,good,,56,1,,,,,,,,,1,,10/18/22
9916723,apartment,apartment,249500,forsale,8840,,2019,,,122,2,,,,,,,,1,,,10/18/22
10010701,apartment,apartment,255000,forsale,1310,,,,gas,226,2,,,,,,,,,,,10/18/22
9847793,apartment,apartment,255000,forsale,9000,,1966,,,323,2,,,,,,,,1,,,10/18/22
9933688,apartment,serviceflat,258000,forsale,9230,,,asnew,,76.21,1,,,true,,true,,,,1,,10/18/22
9930736,apartment,flatstudio,259000,forsale,2500,installed,2020,asnew,,,1,,,,,true,,,,1,,10/18/22
10098547,apartment,groundfloor,266000,forsale,9130,installed,2023,,,,2,,,,61,true,,,,,,10/18/22
9851293,apartment,apartment,267000,forsale,2500,installed,1970,asnew,gas,,1,,,,,,,,,1,,10/18/22
10079435,apartment,apartment,274500,forsale,8530,,2019,good,,40,2,,,,,true,,,,,,10/18/22
10117454,apartment,apartment,275000,forsale,1300,hyperequipped,,asnew,gas,241,2,,,true,,true,,,,,,10/18/22
10117485,apartment,groundfloor,275000,forsale,9000,,,asnew,,351,2,,,,,true,,,,,,10/18/22
10158422,apartmentgroup,apartmentgroup,427125-427125,forsale,1420,,,,,,,,,,,,,,1,1,1,10/18/22
10158413,apartmentgroup,apartmentgroup,361800-693450,forsale,1420,,,,,,,,,,,,,,1,,1,10/18/22
10158411,apartment,apartment,139000,forsale,8420,installed,,good,gas,436,2,,,,,,,,,,,10/18/22
10158410,house,villa,2750000,forsale,2360,installed,1987,asnew,,131,6,6420,,true,6420,,true,true,4,6,,10/18/22
10158405,house,house,109000,forsale,8530,installed,1919,tobedoneup,gas,538,2,126,,true,68,,,,,,,10/18/22
10158403,house,house,270000,forsale,8800,installed,,good,,433,3,173,,,73,,,,1,1,,10/18/22
10158401,house,house,440000,forsale,3210,,1951,,,444,4,1231,,true,,,,,,4,,10/18/22
10158399,apartment,duplex,272000,forsale,1785,installed,2014,,,96.21,2,,,,,true,true,,,,,10/18/22
10012740,apartment,apartment,295000,forsale,1160,,,good,gas,192,2,,,,,true,,,1,1,,10/18/22
10122098,apartment,apartment,295000,forsale,1348,installed,,,gas,164,1,,,true,,,,,,1,,10/18/22
10057399,apartment,apartment,295000,forsale,8370,,1975,justrenovated,,269,2,,,,,true,,,,,,10/18/22
9707438,apartment,apartment,299000,forsale,7850,installed,,asnew,gas,300,2,,,,,true,,,,1,,10/18/22
10121536,apartment,apartment,300000,forsale,9000,,1965,,,281,3,,,true,,,,,,,,10/18/22
10104797,apartment,apartment,320000,forsale,2018,,1875,,,147,1,,,,,,,,,,,10/18/22
10115616,apartment,apartment,320000,forsale,8000,,2010,,,204,2,,,,,,,,,,,10/18/22
10079497,apartment,apartment,320000,forsale,8800,,2006,good,,152,2,,,,,true,true,,,,,10/18/22
10087726,apartment,apartment,325000,forsale,8000,installed,,asnew,,173,3,,,true,,,,,,,,10/18/22
9982992,apartment,apartment,345000,forsale,9940,installed,2003,,gas,179,2,,,,,true,,,1,,,10/18/22
10117634,apartment,apartment,349000,forsale,9300,,,good,,,3,,,,,true,,,,,,10/18/22
10001162,apartment,loft,349000,forsale,9700,,1899,,,,1,,,,,,,,,,,10/18/22
9871069,apartment,apartment,350000,forsale,1180,hyperequipped,1975,,gas,250,3,,,,,true,,,,,,10/18/22
9864617,apartment,apartment,350000,forsale,9940,installed,2022,asnew,,,2,,,,,true,,,,,,10/18/22
10107779,apartment,apartment,365000,forsale,8370,,2007,,,452,2,,,true,,true,true,,,,,10/18/22
9949920,apartment,apartment,365000,forsale,8620,,1970,asnew,gas,120,2,,,true,,true,,,,,,10/18/22
10070083,apartment,duplex,379000,forsale,2860,,1930,,,232,4,,,,,true,,,,,,10/18/22
10103005,apartment,duplex,379000,forsale,9080,,2008,,,148,3,,,,,true,,,2,1,,10/18/22
8874712,apartment,apartment,385000,forsale,2000,,,tobedoneup,gas,,2,,,,,true,,,1,1,,10/18/22
10075892,apartment,apartment,390000,forsale,2960,,2007,,,87,3,,,,,true,,,1,,,10/18/22
10119103,apartment,apartment,397000,forsale,1348,installed,,,gas,,2,,,,,true,,,,,,10/18/22
9744528,apartment,apartment,424000,forsale,9000,,2020,,gas,,2,,,,,,,,,,,10/18/22
10063476,apartment,apartment,425000,forsale,8670,,1989,,,208,2,,,true,,,,,,,,10/18/22
10079554,apartment,apartment,445000,forsale,8900,,2021,good,,40,2,,,,,true,,,,,,10/18/22
10079553,apartment,apartment,445000,forsale,8900,,2021,good,,40,2,,,,,true,,,,,,10/18/22
10055631,apartment,apartment,469000,forsale,9000,,2006,,,170,2,,,,,,,,2,,,10/18/22
9938954,apartment,groundfloor,495000,forsale,1180,,2017,asnew,,126,2,,,true,230,,,,1,1,,10/18/22
10039494,apartment,apartment,497500,forsale,1180,hyperequipped,,good,gas,133,2,,,true,,true,,,1,,,10/18/22
9763427,apartment,apartment,505000,forsale,3000,installed,1973,asnew,,65,2,,,true,,true,,,1,,,10/18/22
9763426,apartment,apartment,505000,forsale,3000,installed,1973,asnew,,65,2,,,true,,true,,,1,,,10/18/22
10158422,apartmentgroup,apartmentgroup,427125-427125,forsale,1420,,,,,,,,,,,,,,1,1,1,10/18/22
10158413,apartmentgroup,apartmentgroup,361800-693450,forsale,1420,,,,,,,,,,,,,,1,,1,10/18/22
10158411,apartment,apartment,139000,forsale,8420,installed,,good,gas,436,2,,,,,,,,,,,10/18/22
10158410,house,villa,2750000,forsale,2360,installed,1987,asnew,,131,6,6420,,true,6420,,true,true,4,6,,10/18/22
10158405,house,house,109000,forsale,8530,installed,1919,tobedoneup,gas,538,2,126,,true,68,,,,,,,10/18/22
10158403,house,house,270000,forsale,8800,installed,,good,,433,3,173,,,73,,,,1,1,,10/18/22
10158401,house,house,440000,forsale,3210,,1951,,,444,4,1231,,true,,,,,,4,,10/18/22
10158399,apartment,duplex,272000,forsale,1785,installed,2014,,,96.21,2,,,,,true,true,,,,,10/18/22
9763428,apartment,apartment,510000,forsale,3000,installed,1973,asnew,,65,2,,,true,,true,,,1,,,10/18/22
9114312,apartment,apartment,530000,forsale,1070,,,,gas,262,3,,,,,,,,,,,10/18/22
9598452,apartment,apartment,548000,forsale,6280,hyperequipped,2008,,electric,135,4,,,,,true,,,,3,,10/18/22
8889281,apartment,apartment,549000,forsale,8370,,,good,,250,5,,,true,,,,,,,,10/18/22
9825776,apartment,apartment,549000,forsale,8500,,2018,,,93,3,,,,,,,,,,,10/18/22
9435244,apartment,loft,560000,forsale,1070,,,,gas,193,3,,,,,true,,,,,,10/18/22
10079547,apartment,apartment,580000,forsale,8900,,2022,good,,40,3,,,,,true,,,,,,10/18/22
10079546,apartment,apartment,580000,forsale,8900,,2022,good,,40,3,,,,,true,,,,,,10/18/22
9082598,apartment,apartment,599000,forsale,1000,usahyperequipped,,,gas,209,1,,,,,,true,,,,,10/18/22
10059670,apartment,duplex,650000,forsale,1000,usahyperequipped,2011,asnew,gas,146,3,,,true,,true,,,,,,10/18/22
10119801,apartment,loft,660000,forsale,9000,semiequipped,,asnew,gas,,2,,,,,true,true,,,,,10/18/22
9907555,apartment,apartment,695000,forsale,1150,,2015,asnew,gas,120,2,,,true,,,true,,1,1,,10/18/22
8945382,apartment,duplex,749000,forsale,8300,installed,2021,asnew,,,4,,,true,,true,,,,,,10/18/22
10007156,apartment,apartment,795000,forsale,8300,,1978,,,336,2,,,,,true,,,,,,10/18/22
9215072,apartment,apartment,940000,forsale,8300,,1970,asnew,,153,2,,,,,,,,,,,10/18/22
10055555,apartment,apartment,950000,forsale,8800,,,,,191,2,,,true,,,true,,,,,10/18/22
9917160,apartment,apartment,987000,forsale,9051,hyperequipped,2022,asnew,,,2,,,true,,true,,,,,,10/18/22
10103767,apartment,apartment,995000,forsale,8300,,,,,116,3,,,,,true,,,,,,10/18/22
10099414,apartment,apartment,1050000,forsale,8620,,2018,,,85,2,,,,,,,,,,,10/18/22
10054390,apartment,apartment,1295000,forsale,8300,,,,,184,2,,,,,,,,,,,10/18/22
9917137,apartment,apartment,1372000,forsale,9051,hyperequipped,2022,asnew,,,2,,,true,,true,,,,,,10/18/22
10068629,apartment,apartment,1395000,forsale,8300,,2002,,gas,,3,,,,,true,,,,,,10/18/22
10009046,apartment,apartment,1495000,forsale,8300,installed,1967,asnew,,244,3,,,,,,,,,,,10/18/22
10099097,apartment,apartment,1850000,forsale,8300,hyperequipped,,asnew,gas,112,3,,,,,true,,,,,,10/18/22
9948360,apartment,apartment,1875000,forsale,8300,,2017,,gas,,5,,,,,,,,,,,10/18/22
10093898,apartment,loft,265000,forsale,1070,usainstalled,,,gas,,2,,,,,true,,,,,,10/18/22
10146066,apartment,apartment,400000,forsale,1150,installed,1990,,gas,116,1,,,,,true,,,1,,,10/18/22
10105385,apartment,apartment,219000,forsale,1850,hyperequipped,,asnew,gas,146,2,,,,,,,,,,,10/18/22
10051234,apartment,apartment,329000,forsale,1090,installed,1962,asnew,fueloil,,3,,,true,,true,,,1,,,10/18/22
10136945,apartment,apartment,283665,forsale,9800,hyperequipped,2022,,,,2,,,,,,,,,,1,10/18/22
10158422,apartmentgroup,apartmentgroup,427125-427125,forsale,1420,,,,,,,,,,,,,,1,1,1,10/18/22
10158413,apartmentgroup,apartmentgroup,361800-693450,forsale,1420,,,,,,,,,,,,,,1,,1,10/18/22
10158411,apartment,apartment,139000,forsale,8420,installed,,good,gas,436,2,,,,,,,,,,,10/18/22
10158410,house,villa,2750000,forsale,2360,installed,1987,asnew,,131,6,6420,,true,6420,,true,true,4,6,,10/18/22
10158405,house,house,109000,forsale,8530,installed,1919,tobedoneup,gas,538,2,126,,true,68,,,,,,,10/18/22
10158403,house,house,270000,forsale,8800,installed,,good,,433,3,173,,,73,,,,1,1,,10/18/22
10158401,house,house,440000,forsale,3210,,1951,,,444,4,1231,,true,,,,,,4,,10/18/22
10158399,apartment,duplex,272000,forsale,1785,installed,2014,,,96.21,2,,,,,true,true,,,,,10/18/22
10134310,apartment,apartment,50000,forsale,1180,,,,,264,1,,,true,,,,,1,,,10/18/22
10134173,apartment,apartment,56000,forsale,1050,,,,,176,1,,,true,,,,,,,,10/18/22
10134544,apartment,apartment,325000,forsale,9050,,,good,,169,2,,,,,,,,1,,,10/18/22
9687337,apartment,apartment,205000,forsale,7000,,2022,,gas,,1,,,true,,,,,,99,1,10/18/22
9857913,apartment,apartment,232978,forsale,8680,installed,2022,good,,,2,,,,,,,,1,,1,10/18/22
10128197,apartment,apartment,249000,forsale,4400,,2022,,,,2,,,true,,true,,,,1,1,10/18/22
9690593,apartment,apartment,253000,forsale,7000,,2022,,gas,,2,,,,,,,,,100,1,10/18/22
9729126,apartment,apartment,259080,forsale,2950,hyperequipped,2022,asnew,,,1,,,true,,true,true,,38,38,1,10/18/22
9857912,apartment,apartment,261890,forsale,8680,installed,2022,good,,,2,,,,,,,,1,,1,10/18/22
9687336,apartment,apartment,270000,forsale,7000,,2022,,gas,,2,,,,,,,,,100,1,10/18/22
9969435,apartment,apartment,272350,forsale,3271,,2022,asnew,gas,,2,,,,,true,,,18,18,1,10/18/22
9639341,apartment,groundfloor,295000,forsale,9140,hyperequipped,2020,,,,3,,,,78,true,,,,14,1,10/18/22
9857911,apartment,apartment,305039,forsale,8680,installed,2022,good,,,2,,,,,,,,1,,1,10/18/22
9603287,apartment,apartment,339000,forsale,2000,hyperequipped,2021,asnew,,20,2,,,,,,,,,,1,10/18/22
9603290,apartment,apartment,349000,forsale,2000,hyperequipped,2021,asnew,,20,2,,,,,,,,,,1,10/18/22
9767583,apartment,apartment,349000,forsale,8370,,2022,,,,1,,,,,true,,,,,1,10/18/22
10117664,apartment,apartment,349000,forsale,9420,installed,,,gas,,2,,,,308,true,true,,,,1,10/18/22
9729124,apartment,apartment,355980,forsale,2950,hyperequipped,2022,asnew,,,2,,,true,,true,true,,38,38,1,10/18/22
9603294,apartment,apartment,359000,forsale,2000,hyperequipped,2021,asnew,,20,2,,,,,,,,,,1,10/18/22
9919026,apartment,apartment,365000,forsale,8000,hyperequipped,2016,asnew,gas,,2,,,,,true,,,,,1,10/18/22
9920530,apartment,apartment,367316,forsale,1380,hyperequipped,2023,asnew,gas,,2,,,true,,true,,,1,1,1,10/18/22
9729121,apartment,apartment,386580,forsale,2950,hyperequipped,2022,asnew,,,2,,,true,,true,true,,38,38,1,10/18/22
9657469,apartment,apartment,397670,forsale,9255,,2021,,,,2,,,,,true,,,,,1,10/18/22
9021646,apartment,apartment,416000,forsale,4100,,2022,asnew,gas,,3,,,true,,true,,,1,,1,10/18/22
9729125,apartment,apartment,417180,forsale,2950,hyperequipped,2022,asnew,,,2,,,true,,true,true,,38,38,1,10/18/22
9636141,apartment,apartment,424000,forsale,9000,,2021,asnew,,,2,,,,,,,,,,1,10/18/22
9636144,apartment,apartment,430000,forsale,9000,,2021,asnew,,,2,,,,,,,,,,1,10/18/22
9636137,apartment,apartment,430000,forsale,9000,,2021,asnew,,,2,,,,,,,,,,1,10/18/22
9636142,apartment,apartment,431700,forsale,9000,,2021,asnew,,,2,,,,,,,,,,1,10/18/22
9636130,apartment,apartment,431700,forsale,9000,,2021,asnew,,,2,,,,,true,,,,,1,10/18/22
10158422,apartmentgroup,apartmentgroup,427125-427125,forsale,1420,,,,,,,,,,,,,,1,1,1,10/18/22
10158413,apartmentgroup,apartmentgroup,361800-693450,forsale,1420,,,,,,,,,,,,,,1,,1,10/18/22
10158411,apartment,apartment,139000,forsale,8420,installed,,good,gas,436,2,,,,,,,,,,,10/18/22
10158410,house,villa,2750000,forsale,2360,installed,1987,asnew,,131,6,6420,,true,6420,,true,true,4,6,,10/18/22
10158405,house,house,109000,forsale,8530,installed,1919,tobedoneup,gas,538,2,126,,true,68,,,,,,,10/18/22
10158403,house,house,270000,forsale,8800,installed,,good,,433,3,173,,,73,,,,1,1,,10/18/22
10158401,house,house,440000,forsale,3210,,1951,,,444,4,1231,,true,,,,,,4,,10/18/22
10158399,apartment,duplex,272000,forsale,1785,installed,2014,,,96.21,2,,,,,true,true,,,,,10/18/22
9636140,apartment,apartment,441000,forsale,9000,,2021,asnew,,,2,,,,,,,,,,1,10/18/22
9636133,apartment,apartment,441000,forsale,9000,,2021,asnew,,,2,,,,,,,,,,1,10/18/22
9636135,apartment,apartment,442000,forsale,9000,,2021,asnew,,,3,,,,,,,,,,1,10/18/22
9636134,apartment,apartment,442000,forsale,9000,,2021,asnew,,,3,,,,,,,,,,1,10/18/22
9636138,apartment,apartment,457000,forsale,9000,,2021,asnew,,,2,,,,,,,,,,1,10/18/22
9636131,apartment,apartment,463000,forsale,9000,,2021,asnew,,,3,,,,,,,,,,1,10/18/22
9636143,apartment,apartment,464750,forsale,9000,,2021,asnew,,,2,,,,,,,,,,1,10/18/22
9771750,apartment,penthouse,575000,forsale,1000,,2019,,,,3,,,,,true,,,,,1,10/18/22
9636145,apartment,apartment,583000,forsale,9000,,2021,asnew,,,2,,,,,,,,,,1,10/18/22
9867824,apartment,apartment,589000,forsale,2000,,,asnew,,,2,,,,15,,,,,,1,10/18/22
9636146,apartment,apartment,605000,forsale,9000,,2021,asnew,,,2,,,,,,,,,,1,10/18/22
9636132,apartment,apartment,637000,forsale,9000,,2021,asnew,,,3,,,,,,,,,,1,10/18/22
9729123,apartment,apartment,661980,forsale,2950,hyperequipped,2022,asnew,,,3,,,true,,true,true,,38,38,1,10/18/22
10145014,apartment,apartment,213400,forsale,9300,installed,2020,,gas,,1,,,,,,,,,,1,10/18/22
10145013,apartment,apartment,396100,forsale,9300,installed,2021,,gas,,3,,,,,true,,,,,1,10/18/22
10144579,apartment,apartment,995000,forsale,8300,,1999,,gas,112,0,,,true,,true,,,,,,10/18/22
10130372,apartment,kot,179000,forsale,3000,,2015,asnew,,,1,,,,,true,,,,,,10/18/22
10130417,apartment,apartment,185000,forsale,7370,,,justrenovated,gas,,2,,,true,,true,,,,,,10/18/22
10130416,apartment,apartment,185000,forsale,7370,,,justrenovated,gas,,2,,,true,,true,,,,,,10/18/22
10130415,apartment,apartment,185000,forsale,7370,,,justrenovated,gas,,2,,,true,,true,,,,,,10/18/22
10130414,apartment,apartment,185000,forsale,7370,,,justrenovated,gas,,2,,,true,,true,,,,,,10/18/22
10130413,apartment,apartment,185000,forsale,7370,,,justrenovated,gas,,2,,,true,,true,,,,,,10/18/22
10130412,apartment,apartment,185000,forsale,7370,,,justrenovated,gas,,2,,,true,,true,,,,,,10/18/22
10056017,apartment,apartment,414767,forsale,9090,usahyperequipped,2022,asnew,electric,,3,,,,,true,,,1,,1,10/18/22
10137396,apartment,apartment,140000,forsale,1601,installed,,,,179,3,,,,,true,,,,2,,10/18/22
10155562,apartment,apartment,168000,forsale,1180,installed,,,,163,1,,,true,,,,,,,,10/18/22
10155560,apartment,apartment,262500,forsale,1180,installed,,,,163,2,,,true,,,,,,,,10/18/22
10130306,apartment,apartment,360000,forsale,7500,installed,2020,asnew,,117,2,,,,,true,true,,,1,1,10/18/22
10140445,apartment,apartment,394500,forsale,9040,,2023,,,,2,,,,,true,,,,,,10/18/22
10130307,apartment,apartment,410000,forsale,7500,installed,2020,asnew,,94,2,,,,,true,true,,,1,1,10/18/22
10158422,apartmentgroup,apartmentgroup,427125-427125,forsale,1420,,,,,,,,,,,,,,1,1,1,10/18/22
10158413,apartmentgroup,apartmentgroup,361800-693450,forsale,1420,,,,,,,,,,,,,,1,,1,10/18/22
10158411,apartment,apartment,139000,forsale,8420,installed,,good,gas,436,2,,,,,,,,,,,10/18/22
10158410,house,villa,2750000,forsale,2360,installed,1987,asnew,,131,6,6420,,true,6420,,true,true,4,6,,10/18/22
10158405,house,house,109000,forsale,8530,installed,1919,tobedoneup,gas,538,2,126,,true,68,,,,,,,10/18/22
10158403,house,house,270000,forsale,8800,installed,,good,,433,3,173,,,73,,,,1,1,,10/18/22
10158401,house,house,440000,forsale,3210,,1951,,,444,4,1231,,true,,,,,,4,,10/18/22
10158399,apartment,duplex,272000,forsale,1785,installed,2014,,,96.21,2,,,,,true,true,,,,,10/18/22
10142109,apartment,apartment,1670000,forsale,9200,hyperequipped,,good,,165,0,,,,,,,,,,,10/18/22
10074253,apartment,apartment,125000,forsale,4920,,,good,fueloil,,1,,,,,,,,,,,10/18/22
10078296,apartment,apartment,139000,forsale,1080,installed,1969,tobedoneup,gas,172,1,,,,,true,,,,,,10/18/22
9994714,apartment,apartment,140000,forsale,1430,,,torenovate,gas,688,2,,,,,,,,,,,10/18/22
10054396,apartment,apartment,145000,forsale,1340,semiequipped,1975,,gas,762,1,,,true,,,,,,,,10/18/22
10058258,apartment,apartment,148000,forsale,8300,,,asnew,gas,,1,,,,,,true,,,,,10/18/22
10125587,apartment,apartment,150000,forsale,4400,,,,gas,,1,,,true,,,,,,4,,10/18/22
9854992,apartment,apartment,150000,forsale,8370,,1931,,electric,367,2,,,,,,,,,,,10/18/22
9781759,apartment,apartment,156500,forsale,9700,,,,gas,,1,,,,,true,,,,,,10/18/22
9781750,apartment,apartment,162360,forsale,9700,,,,gas,,1,,,,,true,,,,,,10/18/22
10105161,apartment,apartment,175000,forsale,9051,installed,,,,257,2,,,,,true,,,,,,10/18/22
10099180,apartment,apartment,185000,forsale,7370,,,justrenovated,gas,,2,,,true,,true,,,,,,10/18/22
10105184,apartment,apartment,185000,forsale,8580,installed,1997,good,,166,2,,,,,true,,,,1,,10/18/22
10125985,apartment,flatstudio,187500,forsale,8370,hyperequipped,2022,asnew,gas,,0,,,,,true,,,,,,10/18/22
9918958,apartment,apartment,189000,forsale,1780,,,,,172,1,,,true,,,,,,,,10/18/22
9661451,apartment,apartment,195000,forsale,1040,,1898,,gas,340,1,,,true,,true,,,,,,10/18/22
9966735,apartment,apartment,195000,forsale,3680,installed,,good,gas,160,2,,,true,,,,,,,,10/18/22
9362860,apartment,apartment,199000,forsale,2880,,2017,,,,1,,,,,true,,,,,,10/18/22
10086697,apartment,groundfloor,199000,forsale,9220,,,,,,1,,,,18,true,,,1,,,10/18/22
10086694,apartment,apartment,199000,forsale,9220,,,,,,1,,,,18,true,,,1,,,10/18/22
8754935,apartment,apartment,204500,forsale,5100,installed,2020,,gas,,1,,,,,true,,,,,,10/18/22
8754934,apartment,apartment,204500,forsale,5100,installed,2020,,gas,,1,,,,,true,,,,,,10/18/22
9532798,apartment,apartment,205875,forsale,8650,installed,2022,good,,,1,,,,13,,,,1,,,10/18/22
9479396,apartment,serviceflat,209000,forsale,8550,,2021,good,,,1,,,,,true,,,,,,10/18/22
9479389,apartment,serviceflat,209000,forsale,8550,,2021,good,,,1,,,,,true,,,,,,10/18/22
9479394,apartment,serviceflat,210000,forsale,8550,,2021,good,,,1,,,,,true,,,,,,10/18/22
10102276,apartment,apartment,213000,forsale,7911,,,,,,2,,,,,true,,,,,,10/18/22
10122959,apartment,duplex,215000,forsale,3350,installed,,good,,477,2,,,,,true,,,,,,10/18/22
8754937,apartment,apartment,224500,forsale,5100,installed,2020,,gas,,2,,,,,true,,,,,,10/18/22
8754933,apartment,apartment,224500,forsale,5100,installed,2020,,gas,,2,,,,,true,,,,,,10/18/22
10158422,apartmentgroup,apartmentgroup,427125-427125,forsale,1420,,,,,,,,,,,,,,1,1,1,10/18/22
10158413,apartmentgroup,apartmentgroup,361800-693450,forsale,1420,,,,,,,,,,,,,,1,,1,10/18/22
10158411,apartment,apartment,139000,forsale,8420,installed,,good,gas,436,2,,,,,,,,,,,10/18/22
10158410,house,villa,2750000,forsale,2360,installed,1987,asnew,,131,6,6420,,true,6420,,true,true,4,6,,10/18/22
10158405,house,house,109000,forsale,8530,installed,1919,tobedoneup,gas,538,2,126,,true,68,,,,,,,10/18/22
10158403,house,house,270000,forsale,8800,installed,,good,,433,3,173,,,73,,,,1,1,,10/18/22
10158401,house,house,440000,forsale,3210,,1951,,,444,4,1231,,true,,,,,,4,,10/18/22
10158399,apartment,duplex,272000,forsale,1785,installed,2014,,,96.21,2,,,,,true,true,,,,,10/18/22
10067341,apartment,apartment,225000,forsale,1083,hyperequipped,1963,good,gas,,2,,,,,true,,,,,,10/18/22
9781758,apartment,apartment,225925,forsale,9700,,,,gas,,2,,,,,true,,,,,,10/18/22
10111725,apartment,apartment,229000,forsale,2560,installed,,good,gas,393,2,,,,,,,,,,,10/18/22
9479398,apartment,serviceflat,229000,forsale,8550,,2021,good,,,1,,,,,true,,,,,,10/18/22
9479388,apartment,serviceflat,229000,forsale,8550,,2021,good,,,1,,,,,true,,,,,,10/18/22
9781760,apartment,apartment,229500,forsale,9700,,,,gas,,2,,,,,true,,,,,,10/18/22
10123219,apartment,apartment,230000,forsale,8790,,2022,,gas,,1,,,,,true,,,13,,,10/18/22
9781757,apartment,apartment,234530,forsale,9700,,,,gas,,2,,,,,true,,,,,,10/18/22
9947550,apartment,apartment,236500,forsale,8800,,2021,asnew,,,2,,,true,,true,,,1,,,10/18/22
9532796,apartment,apartment,238000,forsale,8650,installed,2022,good,,,2,,,,13,,,,1,,,10/18/22
9781751,apartment,apartment,238280,forsale,9700,,,,gas,,2,,,,,true,,,,,,10/18/22
9781763,apartment,apartment,241400,forsale,9700,,,,gas,,2,,,,,true,,,,,,10/18/22
9781762,apartment,apartment,241400,forsale,9700,,,,gas,,2,,,,,true,,,,,,10/18/22
9781761,apartment,apartment,241400,forsale,9700,,,,gas,,2,,,,,true,,,,,,10/18/22
8754931,apartment,apartment,242500,forsale,5100,installed,2020,,gas,,2,,,,,true,,,,,,10/18/22
8754930,apartment,apartment,242500,forsale,5100,installed,2021,,gas,,2,,,,,true,,,,,,10/18/22
9841066,apartment,apartment,245000,forsale,2140,installed,,justrenovated,gas,,2,,,,,true,,,,,,10/18/22
9605278,apartment,apartment,248000,forsale,9940,,2004,,,190,2,,,,,,,,,,,10/18/22
9479393,apartment,serviceflat,249000,forsale,8550,,2021,good,,,1,,,,,true,,,,,,10/18/22
9479392,apartment,serviceflat,249000,forsale,8550,,2021,good,,,1,,,,,true,,,,,,10/18/22
9479390,apartment,serviceflat,249000,forsale,8550,,2021,good,,,1,,,,,true,,,,,,10/18/22
9479403,apartment,serviceflat,249000,forsale,8570,,2021,good,,,1,,,,,true,,,,,,10/18/22
9934685,apartment,apartment,250000,forsale,6120,installed,,,gas,,2,,,,,,,,,1,,10/18/22
9934684,apartment,apartment,250000,forsale,6280,installed,,,gas,,2,,,,,,,,,1,,10/18/22
9794354,apartment,apartment,250000,forsale,9600,,,,gas,,2,,,,,true,,,1,,,10/18/22
9794332,apartment,apartment,250000,forsale,9600,,,,gas,,2,,,,,true,,,1,,,10/18/22
9781755,apartment,apartment,250204,forsale,9700,,,,gas,,2,,,,,true,,,,,,10/18/22
9781754,apartment,apartment,250204,forsale,9700,,,,gas,,2,,,,,true,,,,,,10/18/22
9781753,apartment,apartment,250204,forsale,9700,,,,gas,,2,,,,,true,,,,,,10/18/22
10118408,apartment,apartment,255000,forsale,4000,hyperequipped,,justrenovated,electric,,3,,,,,true,,,1,,,10/18/22
10158422,apartmentgroup,apartmentgroup,427125-427125,forsale,1420,,,,,,,,,,,,,,1,1,1,10/18/22
10158413,apartmentgroup,apartmentgroup,361800-693450,forsale,1420,,,,,,,,,,,,,,1,,1,10/18/22
10158411,apartment,apartment,139000,forsale,8420,installed,,good,gas,436,2,,,,,,,,,,,10/18/22
10158410,house,villa,2750000,forsale,2360,installed,1987,asnew,,131,6,6420,,true,6420,,true,true,4,6,,10/18/22
10158405,house,house,109000,forsale,8530,installed,1919,tobedoneup,gas,538,2,126,,true,68,,,,,,,10/18/22
10158403,house,house,270000,forsale,8800,installed,,good,,433,3,173,,,73,,,,1,1,,10/18/22
10158401,house,house,440000,forsale,3210,,1951,,,444,4,1231,,true,,,,,,4,,10/18/22
10158399,apartment,duplex,272000,forsale,1785,installed,2014,,,96.21,2,,,,,true,true,,,,,10/18/22
9530229,apartment,apartment,256500,forsale,8370,,2022,asnew,,,2,,,,,,,,,,,10/18/22
8358821,apartment,apartment,257000,forsale,8760,,2019,,,,2,,,,,true,,,,,,10/18/22
9479397,apartment,serviceflat,259000,forsale,8550,,2021,good,,,1,,,,,true,,,,,,10/18/22
10072591,apartment,serviceflat,259000,forsale,8790,,2021,good,,,1,,,,,true,,,,,,10/18/22
9995928,apartment,groundfloor,259250,forsale,9280,hyperequipped,2021,asnew,solar,,2,,,,60,true,,,2,,,10/18/22
10121752,apartment,apartment,265000,forsale,1050,notinstalled,1900,torenovate,gas,,1,,,,,,,,,,,10/18/22
9959227,apartment,apartment,269000,forsale,1070,usahyperequipped,2019,asnew,gas,89,3,,,true,,true,,,,,,10/18/22
9479399,apartment,serviceflat,269000,forsale,8550,,2021,good,,,1,,,,,true,,,,,,10/18/22
9479395,apartment,serviceflat,269000,forsale,8550,,2021,good,,,1,,,,,true,,,,,,10/18/22
10072610,apartment,serviceflat,269000,forsale,8790,,2021,good,,,1,,,,,true,,,,,,10/18/22
10072603,apartment,serviceflat,269000,forsale,8790,,2021,good,,,1,,,,,true,,,,,,10/18/22
10072602,apartment,serviceflat,269000,forsale,8790,,2021,good,,,1,,,,,true,,,,,,10/18/22
10072585,apartment,serviceflat,269000,forsale,8790,,2021,good,,,1,,,,,true,,,,,,10/18/22
9325081,apartment,apartment,269000,forsale,9220,,2022,,,,2,,,,,true,,,,,,10/18/22
9367898,apartment,apartment,270000,forsale,8850,installed,2020,,gas,48,2,,,,,true,,,,,,10/18/22
9479391,apartment,serviceflat,273000,forsale,8550,,2021,good,,,1,,,,,true,,,,,,10/18/22
10030778,apartment,flatstudio,275000,forsale,1050,installed,,asnew,,,2,,,,,,,,,,,10/18/22
9762688,apartment,apartment,275000,forsale,8660,,2020,asnew,,,2,,,,,true,,,,,,10/18/22
9794348,apartment,apartment,275000,forsale,9600,,,,gas,,2,,,,,true,,,1,,,10/18/22
9367897,apartment,apartment,277500,forsale,8850,installed,2020,,gas,46,2,,,,,true,,,,,,10/18/22
10095841,apartment,serviceflat,279000,forsale,1500,,2018,asnew,,,0,,,,,,,,1,1,,10/18/22
10010715,apartment,apartment,280000,forsale,4900,usainstalled,,asnew,electric,,2,,,true,,true,,,1,1,,10/18/22
9176458,apartment,apartment,280000,forsale,8770,,,asnew,,,2,,,,,true,true,,1,,,10/18/22
9794351,apartment,apartment,285000,forsale,9600,,,,gas,,2,,,,,true,,,1,,,10/18/22
9794329,apartment,apartment,285000,forsale,9600,,,,gas,,2,,,,,true,,,1,,,10/18/22
9781764,apartment,apartment,287320,forsale,9700,,,,gas,,2,,,,,true,,,,,,10/18/22
10072608,apartment,serviceflat,289000,forsale,8790,,2021,good,,,1,,,,,true,,,,,,10/18/22
10072583,apartment,serviceflat,289000,forsale,8790,,2021,good,,,1,,,,,true,,,,,,10/18/22
9781746,apartment,apartment,291050,forsale,9700,,,,gas,,2,,,,,true,,,,,,10/18/22
8577665,apartment,apartment,295000,forsale,1500,,2018,,,,1,,,true,100,,,,,,,10/18/22
10158422,apartmentgroup,apartmentgroup,427125-427125,forsale,1420,,,,,,,,,,,,,,1,1,1,10/18/22
10158413,apartmentgroup,apartmentgroup,361800-693450,forsale,1420,,,,,,,,,,,,,,1,,1,10/18/22
10158411,apartment,apartment,139000,forsale,8420,installed,,good,gas,436,2,,,,,,,,,,,10/18/22
10158410,house,villa,2750000,forsale,2360,installed,1987,asnew,,131,6,6420,,true,6420,,true,true,4,6,,10/18/22
10158405,house,house,109000,forsale,8530,installed,1919,tobedoneup,gas,538,2,126,,true,68,,,,,,,10/18/22
10158403,house,house,270000,forsale,8800,installed,,good,,433,3,173,,,73,,,,1,1,,10/18/22
10158401,house,house,440000,forsale,3210,,1951,,,444,4,1231,,true,,,,,,4,,10/18/22
10158399,apartment,duplex,272000,forsale,1785,installed,2014,,,96.21,2,,,,,true,true,,,,,10/18/22
9794338,apartment,apartment,295000,forsale,9600,,,,gas,,2,,,,,true,,,1,,,10/18/22
9781756,apartment,apartment,297540,forsale,9700,,,,gas,,2,,,,,true,,,,,,10/18/22
9931252,apartment,apartment,299000,forsale,1190,hyperequipped,,good,gas,187,3,,,true,,true,,,,,,10/18/22
10072625,apartment,serviceflat,299000,forsale,8790,,2021,good,,,1,,,,,true,,,,,,10/18/22
10072623,apartment,serviceflat,299000,forsale,8790,,2021,good,,,1,,,,,true,,,,,,10/18/22
10072622,apartment,serviceflat,299000,forsale,8790,,2021,good,,,1,,,,,true,,,,,,10/18/22
10072621,apartment,serviceflat,299000,forsale,8790,,2021,good,,,1,,,,,true,,,,,,10/18/22
10072617,apartment,serviceflat,299000,forsale,8790,,2021,good,,,1,,,,,true,,,,,,10/18/22
10072598,apartment,serviceflat,299000,forsale,8790,,2021,good,,,2,,,,,true,,,,,,10/18/22
10072595,apartment,serviceflat,299000,forsale,8790,,2021,good,,,1,,,,,true,,,,,,10/18/22
10072581,apartment,serviceflat,299000,forsale,8790,,2021,good,,,1,,,,,true,,,,,,10/18/22
9794355,apartment,apartment,307000,forsale,9600,,,,gas,,2,,,,,true,,,1,,,10/18/22
10109762,apartment,apartment,309000,forsale,2000,,,good,,108,2,,,,,,,,,,,10/18/22
10072596,apartment,serviceflat,309000,forsale,8790,,2021,good,,,1,,,,,true,,,,,,10/18/22
10072580,apartment,serviceflat,309000,forsale,8790,,2021,good,,,2,,,,,true,,,,,,10/18/22
9794345,apartment,apartment,310000,forsale,9600,,,,gas,,2,,,,,true,,,1,,,10/18/22
9927908,apartment,apartment,315000,forsale,8420,hyperequipped,,asnew,,,1,,,,133,true,,,1,,,10/18/22
10072592,apartment,serviceflat,315000,forsale,8790,,2021,good,,,1,,,,,true,,,,,,10/18/22
9794341,apartment,apartment,315000,forsale,9600,,,,gas,,2,,,,,true,,,1,,,10/18/22
10072611,apartment,serviceflat,319000,forsale,8790,,2021,good,,,2,,,,,true,,,,,,10/18/22
10072604,apartment,serviceflat,319000,forsale,8790,,2021,good,,,2,,,,,true,,,,,,10/18/22
10072597,apartment,serviceflat,319000,forsale,8790,,2021,good,,,1,,,,,true,,,,,,10/18/22
10072587,apartment,serviceflat,319000,forsale,8790,,2021,good,,,1,,,,,true,,,,,,10/18/22
9794353,apartment,apartment,320000,forsale,9600,,,,gas,,3,,,,,true,,,1,,,10/18/22
9794331,apartment,apartment,320000,forsale,9600,,,,gas,,3,,,,,true,,,1,,,10/18/22
10049508,apartment,apartment,323150,forsale,1500,installed,,asnew,,,2,,,,,true,,,,,,10/18/22
10072613,apartment,serviceflat,325000,forsale,8790,,2021,good,,,1,,,,,true,,,,,,10/18/22
9794333,apartment,apartment,325000,forsale,9600,,,,gas,,2,,,,,true,,,1,,,10/18/22
10072616,apartment,serviceflat,329000,forsale,8790,,2021,good,,,1,,,,,true,,,,,,10/18/22
10072615,apartment,serviceflat,329000,forsale,8790,,2021,good,,,1,,,,,true,,,,,,10/18/22
10158422,apartmentgroup,apartmentgroup,427125-427125,forsale,1420,,,,,,,,,,,,,,1,1,1,10/18/22
10158413,apartmentgroup,apartmentgroup,361800-693450,forsale,1420,,,,,,,,,,,,,,1,,1,10/18/22
10158411,apartment,apartment,139000,forsale,8420,installed,,good,gas,436,2,,,,,,,,,,,10/18/22
10158410,house,villa,2750000,forsale,2360,installed,1987,asnew,,131,6,6420,,true,6420,,true,true,4,6,,10/18/22
10158405,house,house,109000,forsale,8530,installed,1919,tobedoneup,gas,538,2,126,,true,68,,,,,,,10/18/22
10158403,house,house,270000,forsale,8800,installed,,good,,433,3,173,,,73,,,,1,1,,10/18/22
10158401,house,house,440000,forsale,3210,,1951,,,444,4,1231,,true,,,,,,4,,10/18/22
10158399,apartment,duplex,272000,forsale,1785,installed,2014,,,96.21,2,,,,,true,true,,,,,10/18/22
10072612,apartment,serviceflat,329000,forsale,8790,,2021,good,,,2,,,,,true,,,,,,10/18/22
10072605,apartment,serviceflat,329000,forsale,8790,,2021,good,,,2,,,,,true,,,,,,10/18/22
9775555,apartment,duplex,335000,forsale,8400,,2021,asnew,,,3,,,,,,,,,,,10/18/22
10072586,apartment,serviceflat,335000,forsale,8790,,2021,good,,,1,,,,,true,,,,,,10/18/22
9794347,apartment,apartment,335000,forsale,9600,,,,gas,,3,,,,,true,,,1,,,10/18/22
10072628,apartment,serviceflat,339000,forsale,8790,,2021,good,,,1,,,,,true,,,,,,10/18/22
9794328,apartment,apartment,340000,forsale,9600,,,,gas,,3,,,,,true,,,1,,,10/18/22
9781747,apartment,apartment,341900,forsale,9700,,,,gas,,2,,,,,true,,,,,,10/18/22
8956533,apartment,duplex,345000,forsale,9400,installed,,asnew,gas,142,3,,,,,,,,2,,,10/18/22
10072582,apartment,serviceflat,349000,forsale,8790,,2021,good,,,1,,,,,true,,,,,,10/18/22
9963728,apartment,apartment,349000,forsale,9940,,2020,,,181,2,,,,,true,,,,,,10/18/22
10013390,apartment,apartment,350000,forsale,1300,,,,gas,,2,,,true,,true,,,1,,,10/18/22
10007721,apartment,groundfloor,350000,forsale,1300,,,,gas,,2,,,true,,true,,,1,,,10/18/22
10072618,apartment,serviceflat,359000,forsale,8790,,2021,good,,,1,,,,,true,,,,,,10/18/22
10072588,apartment,serviceflat,359000,forsale,8790,,2021,good,,,1,,,,,true,,,,,,10/18/22
9794352,apartment,apartment,360000,forsale,9600,,,,gas,,2,,,,,true,,,1,,,10/18/22
9794330,apartment,apartment,360000,forsale,9600,,,,gas,,2,,,,,true,,,1,,,10/18/22
9781748,apartment,apartment,366980,forsale,9700,,,,gas,,2,,,,,true,,,,,,10/18/22
10072600,apartment,serviceflat,369000,forsale,8790,,2021,good,,,1,,,,,true,,,,,,10/18/22
9794349,apartment,apartment,370000,forsale,9600,,,,gas,,3,,,,,true,,,1,,,10/18/22
9794346,apartment,apartment,375000,forsale,9600,,,,gas,,2,,,,,true,,,1,,,10/18/22
9859031,apartment,apartment,382500,forsale,3300,,2022,,,,3,,,,91,true,true,,,1,,10/18/22
9794344,apartment,apartment,385000,forsale,9600,,,,gas,,3,,,,,true,,,1,,,10/18/22
10129094,apartment,apartment,399000,forsale,2500,,2022,asnew,,,2,,,,,true,,,,,,10/18/22
10072630,apartment,serviceflat,399000,forsale,8790,,2021,good,,,1,,,,,true,,,,,,10/18/22
10072624,apartment,serviceflat,399000,forsale,8790,,2021,good,,,2,,,,,true,,,,,,10/18/22
10072620,apartment,serviceflat,399000,forsale,8790,,2021,good,,,2,,,,,true,,,,,,10/18/22
9919424,apartment,apartment,406500,forsale,9000,installed,2022,asnew,gas,,2,,,,,true,,,,,,10/18/22
10072614,apartment,serviceflat,449000,forsale,8790,,2021,good,,,2,,,,,true,,,,,,10/18/22
10072594,apartment,serviceflat,449000,forsale,8790,,2021,good,,,2,,,,,true,,,,,,10/18/22
10158422,apartmentgroup,apartmentgroup,427125-427125,forsale,1420,,,,,,,,,,,,,,1,1,1,10/18/22
10158413,apartmentgroup,apartmentgroup,361800-693450,forsale,1420,,,,,,,,,,,,,,1,,1,10/18/22
10158411,apartment,apartment,139000,forsale,8420,installed,,good,gas,436,2,,,,,,,,,,,10/18/22
10158410,house,villa,2750000,forsale,2360,installed,1987,asnew,,131,6,6420,,true,6420,,true,true,4,6,,10/18/22
10158405,house,house,109000,forsale,8530,installed,1919,tobedoneup,gas,538,2,126,,true,68,,,,,,,10/18/22
10158403,house,house,270000,forsale,8800,installed,,good,,433,3,173,,,73,,,,1,1,,10/18/22
10158401,house,house,440000,forsale,3210,,1951,,,444,4,1231,,true,,,,,,4,,10/18/22
10158399,apartment,duplex,272000,forsale,1785,installed,2014,,,96.21,2,,,,,true,true,,,,,10/18/22
10072589,apartment,serviceflat,449000,forsale,8790,,2021,good,,,2,,,,,true,,,,,,10/18/22
10072584,apartment,serviceflat,449000,forsale,8790,,2021,good,,,2,,,,,true,,,,,,10/18/22
10110945,apartment,penthouse,450000,forsale,1050,,,,,,1,,,true,,true,,,,,,10/18/22
9833134,apartment,apartment,452000,forsale,8530,,2021,,,,2,,,,,true,,,,,,10/18/22
10072631,apartment,serviceflat,459000,forsale,8790,,2021,good,,,1,,,,,true,,,,,,10/18/22
10072627,apartment,serviceflat,459000,forsale,8790,,2021,good,,,2,,,,,true,,,,,,10/18/22
10072601,apartment,serviceflat,459000,forsale,8790,,2021,good,,,2,,,,,true,,,,,,10/18/22
10072609,apartment,serviceflat,469000,forsale,8790,,2021,good,,,2,,,,,true,,,,,,10/18/22
10072619,apartment,serviceflat,519000,forsale,8790,,2021,good,,,1,,,,,true,,,,,,10/18/22
10072607,apartment,serviceflat,519000,forsale,8790,,2021,good,,,1,,,,,true,,,,,,10/18/22
10072599,apartment,serviceflat,519000,forsale,8790,,2021,good,,,2,,,,,true,,,,,,10/18/22
10072606,apartment,serviceflat,549000,forsale,8790,,2021,good,,,1,,,,,true,,,,,,10/18/22
10072593,apartment,serviceflat,549000,forsale,8790,,2021,good,,,2,,,,,true,,,,,,10/18/22
8241702,apartment,apartment,590000,forsale,7500,,1880,torenovate,,295,9,,,,,,,,,,,10/18/22
10072629,apartment,serviceflat,599000,forsale,8790,,2021,good,,,2,,,,,true,,,,,,10/18/22
10094486,apartment,apartment,635000,forsale,8300,usahyperequipped,1995,justrenovated,gas,99,3,,,,,true,,,,,,10/18/22
10072626,apartment,serviceflat,679000,forsale,8790,,2021,good,,,3,,,,,true,,,,,,10/18/22
9794339,apartment,apartment,689000,forsale,9600,,,,gas,,4,,,,,true,,,1,,,10/18/22
8501999,apartment,penthouse,699000,forsale,1160,,,asnew,,,2,,,,,true,,,,1,,10/18/22
9794337,apartment,apartment,715000,forsale,9600,,,,gas,,3,,,,,true,,,1,,,10/18/22
9919412,apartment,penthouse,747000,forsale,9000,hyperequipped,2022,asnew,gas,,4,,,,,true,,,,,,10/18/22
8503369,apartment,penthouse,799000,forsale,1160,,,asnew,,,3,,,,,true,,,,1,,10/18/22
10109382,apartment,apartment,895000,forsale,8300,,1980,,,245,2,,,,,true,,,,,,10/18/22
9794335,apartment,apartment,925000,forsale,9600,,,,gas,,4,,,,,true,,,1,,,10/18/22
9794334,apartment,apartment,950000,forsale,9600,,,,gas,,4,,,,,true,,,1,,,10/18/22
9997395,apartment,triplex,1995000,forsale,1000,hyperequipped,,justrenovated,gas,,5,,,true,,true,true,,,,,10/18/22
9861430,apartment,duplex,3200000,forsale,2000,,,good,,,6,,,,,true,,,6,6,,10/18/22
8385057,apartment,apartment,3370000,forsale,1050,,2018,justrenovated,,,3,,,,,true,,,,,,10/18/22
10133433,apartment,apartment,241000,forsale,8530,,2021,,,,2,,,,,true,,,,,1,10/18/22
10132796,apartment,apartment,210000,forsale,4000,,,tobedoneup,electric,263,2,,,true,,,,,,,,10/18/22
10158422,apartmentgroup,apartmentgroup,427125-427125,forsale,1420,,,,,,,,,,,,,,1,1,1,10/18/22
10158413,apartmentgroup,apartmentgroup,361800-693450,forsale,1420,,,,,,,,,,,,,,1,,1,10/18/22
10158411,apartment,apartment,139000,forsale,8420,installed,,good,gas,436,2,,,,,,,,,,,10/18/22
10158410,house,villa,2750000,forsale,2360,installed,1987,asnew,,131,6,6420,,true,6420,,true,true,4,6,,10/18/22
10158405,house,house,109000,forsale,8530,installed,1919,tobedoneup,gas,538,2,126,,true,68,,,,,,,10/18/22
10158403,house,house,270000,forsale,8800,installed,,good,,433,3,173,,,73,,,,1,1,,10/18/22
10158401,house,house,440000,forsale,3210,,1951,,,444,4,1231,,true,,,,,,4,,10/18/22
10158399,apartment,duplex,272000,forsale,1785,installed,2014,,,96.21,2,,,,,true,true,,,,,10/18/22
10148360,apartment,apartment,229000,forsale,2870,,,asnew,gas,440,2,,,,,true,,,1,,,10/18/22
10136935,apartment,apartment,241528,forsale,9800,installed,2021,,,,1,,,,,true,,,,,1,10/18/22
10136944,apartment,apartment,270981,forsale,9800,installed,2021,,,,2,,,,,true,,,,,1,10/18/22
10136922,apartment,apartment,350000,forsale,9800,installed,,,,,2,,,,,true,,,,,1,10/18/22
10136931,apartment,apartment,365000,forsale,9800,installed,,,,,2,,,,,true,,,,,1,10/18/22
10136930,apartment,apartment,365000,forsale,9800,installed,,,,,2,,,,,true,,,,,1,10/18/22
10136921,apartment,apartment,370000,forsale,9800,installed,,,,,2,,,,,true,,,,,1,10/18/22
10136933,apartment,apartment,413134,forsale,9800,installed,2021,,,,3,,,,,true,,,,,1,10/18/22
9667473,apartment,apartment,216825,forsale,8460,,,asnew,,30,0,,,,,true,,,1,1,1,10/18/22
10033569,apartment,apartment,220000,forsale,6044,installed,2022,asnew,gas,,3,,,,,true,,,,,1,10/18/22
10140258,apartment,apartment,235000,forsale,8730,,,,gas,227,2,,,,,,,,1,,,10/18/22
10140257,apartment,apartment,235000,forsale,8730,,,,gas,190,2,,,,,,,,1,,,10/18/22
10023500,apartment,apartment,241966,forsale,3640,hyperequipped,2021,,gas,,1,,,true,,true,,,1,1,1,10/18/22
10023492,apartment,apartment,241966,forsale,3640,hyperequipped,2021,,gas,,1,,,true,,true,,,1,1,1,10/18/22
10023499,apartment,apartment,248258,forsale,3640,hyperequipped,2021,,gas,,1,,,true,,true,,,1,1,1,10/18/22
10023491,apartment,apartment,248258,forsale,3640,hyperequipped,2021,,gas,,1,,,true,,true,,,1,1,1,10/18/22
9822764,apartment,apartment,250000,forsale,5300,usahyperequipped,,asnew,gas,,2,,,true,,,,,1,,1,10/18/22
9354713,apartment,apartment,255000,forsale,8800,installed,,asnew,,,1,,,,,true,,,,,1,10/18/22
9739833,apartment,apartment,262200,forsale,9040,installed,2022,good,,,2,,,,,true,,,,,1,10/18/22
10128850,apartment,apartment,275000,forsale,9930,,,,,,2,,,,,true,,,,,1,10/18/22
10128849,apartment,apartment,287500,forsale,9930,,,,,,2,,,,,true,,,,,1,10/18/22
10086071,apartment,apartment,299000,forsale,2630,,2021,,,,2,,,,,true,,,,,1,10/18/22
10084029,apartment,duplex,305900,forsale,3670,hyperequipped,2022,,gas,,2,,,,,true,,,1,1,1,10/18/22
10128851,apartment,penthouse,310000,forsale,9930,,,,,,2,,,,,true,,,,,1,10/18/22
10110997,apartment,apartment,316000,forsale,9450,,2019,asnew,gas,,2,,,,,true,,,,,1,10/18/22
10017470,apartment,apartment,322014,forsale,8610,,2022,good,,,2,,,,,true,,,,,1,10/18/22
9935388,apartment,groundfloor,322500,forsale,2950,,2021,,gas,,2,,,,,true,,,1,,1,10/18/22
9801642,apartment,groundfloor,330000,forsale,2950,,2021,,gas,,2,,,,,true,,,1,,1,10/18/22
10017468,apartment,apartment,335680,forsale,8610,,2022,good,,,2,,,,,true,,,,,1,10/18/22
10084027,apartment,duplex,345600,forsale,3670,hyperequipped,2022,,gas,,3,,,,,true,,,1,1,1,10/18/22
10158464,apartment,duplex,320000,forsale,8300,installed,2008,good,,132,2,,,true,,true,,,,,,10/18/22
10158453,house,house,229000,forsale,9000,,,good,gas,397,0,35,,,,,,,,,,10/18/22
10158445,house,house,279000,forsale,9040,semiequipped,,tobedoneup,gas,363,2,189,,,,,,,,,,10/18/22
10158443,house,apartmentblock,1400000,forsale,31080,,,asnew,,,6,0,,,,true,,true,,,,10/18/22
10158441,house,house,1400000,forsale,31080,,,asnew,,,6,0,,,,true,,true,,,,10/18/22
10158440,house,house,715000,forsale,2650,installed,1958,justrenovated,gas,125,3,314,,true,75,,true,,2,,,10/18/22
10127304,house,house,75000,forsale,7972,installed,1875,,fueloil,541,2,429,,,,,,,,1,,10/18/22
10158422,apartmentgroup,apartmentgroup,427125-427125,forsale,1420,,,,,,,,,,,,,,1,1,1,10/18/22
10017471,apartment,apartment,347556,forsale,8610,,2022,good,,,2,,,,,true,,,,,1,10/18/22
9935389,apartment,groundfloor,349000,forsale,2950,,2021,,gas,,2,,,,,true,,,1,,1,10/18/22
10017469,apartment,apartment,372992,forsale,8610,,2022,good,,,2,,,,,true,,,,,1,10/18/22
9799347,apartment,groundfloor,386177,forsale,9340,hyperequipped,2021,asnew,,,2,,,,170,true,,,,,1,10/18/22
10016424,apartment,apartment,437100,forsale,2320,hyperequipped,2022,,,,2,,,,135,true,,,,,1,10/18/22
9431912,apartment,apartment,502800,forsale,4840,,2021,,,34,3,,,true,,true,,,1,1,1,10/18/22
9357948,apartment,apartment,569000,forsale,9000,installed,,asnew,,,3,,,,32,,,,,,1,10/18/22
9867827,apartment,apartment,1395000,forsale,2000,,,asnew,,,3,,,,,true,,,,,1,10/18/22
10143110,apartment,apartment,595000,forsale,7500,hyperequipped,,asnew,,117,3,,,true,,true,true,,1,1,,10/18/22
9820084,apartmentgroup,apartmentgroup,243000-432000,forsale,4802,,,,,,,,,,,,,,,,1,10/18/22
10088952,apartment,groundfloor,70000,forsale,4430,,,torenovate,gas,402,1,,,,,,,,,,,10/18/22
10150570,apartment,apartment,179000,forsale,9420,,,,,114,1,,,,,,,,,1,,10/18/22
10136716,apartment,apartment,462800,forsale,8000,,,asnew,,,2,,,,,,,,,,,10/18/22
10136715,apartment,apartment,462800,forsale,8200,,,asnew,,,2,,,,,,,,,,,10/18/22
10112070,apartment,apartment,190000,forsale,1170,semiequipped,,tobedoneup,gas,222,1,,,true,,true,,,,1,,10/18/22
10140409,apartment,apartment,209000,forsale,8200,,1975,,,225,1,,,,,,,,1,,,10/18/22
10081216,apartment,apartment,75000,forsale,8420,,1975,,,784,1,,,,,true,,,,,,10/18/22
9810484,apartment,apartment,90000,forsale,7300,,,tobedoneup,,599,2,,,,,,,,,,,10/18/22
9885502,apartment,apartment,110000,forsale,7140,,,good,gas,423,1,,,,,true,,,1,2,,10/18/22
10051505,apartment,apartment,115000,forsale,8790,,2009,,,160,2,,,,,true,,,,,,10/18/22
9614660,apartment,flatstudio,116000,forsale,8434,,,asnew,,199,0,,,true,,true,,,,,,10/18/22
10078108,apartment,apartment,125000,forsale,2800,usasemiequipped,1970,justrenovated,gas,201,1,,,,,,,,,,,10/18/22
9809715,apartment,apartment,130000,forsale,4900,semiequipped,,good,,,1,,,,,,,,,1,,10/18/22
10079483,apartment,apartment,135000,forsale,8800,,1992,tobedoneup,,493,3,,,,,,,,,,,10/18/22
9809714,apartment,apartment,140000,forsale,4900,semiequipped,,good,,,1,,,,,,,,,1,,10/18/22
10105924,apartment,groundfloor,149000,forsale,1082,semiequipped,,torenovate,gas,428,1,,,true,,true,,,,,,10/18/22
10102091,apartment,apartment,149000,forsale,6000,installed,,,,114,2,,,,,,,,,1,,10/18/22
10044989,apartment,apartment,149000,forsale,9260,,1993,asnew,,430,2,,,,,,,,,,,10/18/22
10079255,apartment,apartment,149500,forsale,8400,,1989,good,,305,2,,,,,,,,,,,10/18/22
10110126,apartment,apartment,150000,forsale,1050,installed,,,,,6,,,true,,true,,,,,,10/18/22
10158464,apartment,duplex,320000,forsale,8300,installed,2008,good,,132,2,,,true,,true,,,,,,10/18/22
10158453,house,house,229000,forsale,9000,,,good,gas,397,0,35,,,,,,,,,,10/18/22
10158445,house,house,279000,forsale,9040,semiequipped,,tobedoneup,gas,363,2,189,,,,,,,,,,10/18/22
10158443,house,apartmentblock,1400000,forsale,31080,,,asnew,,,6,0,,,,true,,true,,,,10/18/22
10158441,house,house,1400000,forsale,31080,,,asnew,,,6,0,,,,true,,true,,,,10/18/22
10158440,house,house,715000,forsale,2650,installed,1958,justrenovated,gas,125,3,314,,true,75,,true,,2,,,10/18/22
10127304,house,house,75000,forsale,7972,installed,1875,,fueloil,541,2,429,,,,,,,,1,,10/18/22
10158422,apartmentgroup,apartmentgroup,427125-427125,forsale,1420,,,,,,,,,,,,,,1,1,1,10/18/22
9980371,apartment,apartment,150000,forsale,7080,installed,2008,,gas,327,2,,,,200,true,,,,,,10/18/22
9908823,apartment,apartment,150000,forsale,8600,installed,,asnew,,120,1,,,,,,,,,,,10/18/22
10040680,apartment,apartment,155000,forsale,7740,installed,,justrenovated,gas,187,1,,,,,,,,,,,10/18/22
10044988,apartment,apartment,159000,forsale,9260,,1993,asnew,,416,2,,,,,,,,,,,10/18/22
10125092,apartment,apartment,165000,forsale,1040,,,,,466,2,,,,,true,,,,,,10/18/22
9937198,apartment,apartment,175000,forsale,8760,,1996,,electric,270,2,,,,,,,,1,,,10/18/22
9928524,apartment,duplex,185000,forsale,8600,,1996,good,,391,2,,,,,,,,,,,10/18/22
10079446,apartment,apartment,200000,forsale,8620,,2019,good,,76,1,,,,,,,,,,,10/18/22
10079294,apartment,apartment,209000,forsale,8380,,2021,asnew,,35,2,,,,,,,,,,,10/18/22
10096017,apartment,apartment,219000,forsale,1651,installed,,,,,2,,,true,,,,,,,,10/18/22
9817627,apartment,apartment,225000,forsale,1000,,2009,,,276,1,,,,,,,,,,,10/18/22
10128802,apartment,apartment,225000,forsale,1190,notinstalled,1967,,gas,203,2,,,true,,true,,,,,,10/18/22
9908810,apartment,apartment,227500,forsale,8600,,,asnew,,204,2,,,,,,,,,,,10/18/22
10036971,apartment,apartment,228000,forsale,6001,installed,2007,,electric,300,3,,,true,100,true,,,1,,,10/18/22
8503366,apartment,flatstudio,229000,forsale,1160,,,asnew,,,0,,,,,true,,,,1,,10/18/22
10017380,apartment,groundfloor,229000,forsale,2660,,,,gas,228,2,,,,,true,,,,,,10/18/22
10034582,apartment,apartment,230000,forsale,1348,installed,,,gas,358,1,,,,,,,,,,,10/18/22
10031222,apartment,apartment,235000,forsale,8500,,,good,,153,2,,,,,,,,,,,10/18/22
10105343,apartment,groundfloor,239000,forsale,1850,hyperequipped,,asnew,gas,195,1,,,,70,true,,,,,,10/18/22
9914231,apartment,apartment,239450,forsale,3270,installed,2022,,,,2,,,true,52,true,,,1,1,,10/18/22
10096966,apartment,apartment,240000,forsale,9230,,2010,good,gas,142,2,,,,,true,,,1,1,,10/18/22
10014272,apartment,apartment,249000,forsale,1430,,2004,,,481,2,,,,,,,,1,,,10/18/22
9935233,apartment,apartment,249000,forsale,2560,installed,1971,good,gas,,2,,,,,,,,,,,10/18/22
10079300,apartment,apartment,260000,forsale,8400,,2008,good,,118,2,,,,,true,,,,,,10/18/22
10079231,apartment,apartment,260000,forsale,8400,,2003,good,,81,2,,,,,,,,,,,10/18/22
9843989,apartment,apartment,260169,forsale,8770,hyperequipped,2020,,gas,44,2,,,true,53,true,,,,1,,10/18/22
9999053,apartment,apartment,260711,forsale,8870,,2020,asnew,,,3,,,,,true,,,,,,10/18/22
9995584,apartment,apartment,265000,forsale,2020,hyperequipped,,,fueloil,393,3,,,,,,,,,,,10/18/22
10020842,apartment,groundfloor,274000,forsale,2850,,2015,,gas,122,2,,,true,,true,,,,,,10/18/22
9813711,apartment,duplex,275000,forsale,1410,,1981,good,gas,171,1,,,,,,true,,,,,10/18/22
10158464,apartment,duplex,320000,forsale,8300,installed,2008,good,,132,2,,,true,,true,,,,,,10/18/22
10158453,house,house,229000,forsale,9000,,,good,gas,397,0,35,,,,,,,,,,10/18/22
10158445,house,house,279000,forsale,9040,semiequipped,,tobedoneup,gas,363,2,189,,,,,,,,,,10/18/22
10158443,house,apartmentblock,1400000,forsale,31080,,,asnew,,,6,0,,,,true,,true,,,,10/18/22
10158441,house,house,1400000,forsale,31080,,,asnew,,,6,0,,,,true,,true,,,,10/18/22
10158440,house,house,715000,forsale,2650,installed,1958,justrenovated,gas,125,3,314,,true,75,,true,,2,,,10/18/22
10127304,house,house,75000,forsale,7972,installed,1875,,fueloil,541,2,429,,,,,,,,1,,10/18/22
10158422,apartmentgroup,apartmentgroup,427125-427125,forsale,1420,,,,,,,,,,,,,,1,1,1,10/18/22
10105447,apartment,apartment,287500,forsale,8800,,2022,,,57.95,2,,,,,true,,,1,1,,10/18/22
9978512,apartment,apartment,287500,forsale,8800,,2022,,,57.95,2,,,,,true,,,1,1,,10/18/22
9978513,apartment,apartment,287500,forsale,8800,,2022,,,57.95,2,,,,,true,,,,,,10/18/22
10074468,apartment,apartment,298000,forsale,1190,hyperequipped,1972,,gas,134,3,,,,,true,,,,,,10/18/22
9537862,apartment,apartment,298000,forsale,1190,hyperequipped,1972,,gas,134,3,,,,,true,,,,,,10/18/22
8503367,apartment,apartment,299000,forsale,1160,,,asnew,,,1,,,,,true,,,,1,,10/18/22
9993734,apartment,apartment,299000,forsale,8620,,2001,asnew,,341,2,,,true,,true,,,,,,10/18/22
9746963,apartment,apartment,299000,forsale,8670,,1969,asnew,gas,204,3,,,true,,true,,,1,,,10/18/22
10071248,apartment,loft,299000,forsale,9620,,,,,432,2,,,true,,,,,,,,10/18/22
10071247,apartment,apartment,299000,forsale,9620,,,,,432,2,,,true,,,,,,,,10/18/22
9930615,apartment,apartment,305000,forsale,8670,,1986,,,332,3,,,,,true,,,,,,10/18/22
9993733,apartment,apartment,310000,forsale,8620,,2001,asnew,,279,2,,,true,,true,,,,,,10/18/22
10106058,apartment,apartment,315000,forsale,8620,,2001,asnew,,490,2,,,true,,,,,,,,10/18/22
10109174,apartment,groundfloor,319000,forsale,9968,installed,2022,,,,2,,,,80,,,,,,,10/18/22
10109789,apartment,apartment,325000,forsale,1030,installed,1954,good,,,2,,,true,,true,,,1,,,10/18/22
9972473,apartment,apartment,339000,forsale,8000,,,torenovate,,731,5,,,true,,,,,1,3,,10/18/22
10030747,apartment,loft,345000,forsale,1020,,2010,asnew,electric,457,2,,,,71,true,true,,,,,10/18/22
10047450,apartment,apartment,349500,forsale,2018,,,justrenovated,,146,3,,,,,true,,,,,,10/18/22
9676753,apartment,apartment,350000,forsale,8620,,1965,torenovate,,159,1,,,,,,,,,,,10/18/22
9830279,apartment,apartment,375000,forsale,8370,installed,,,electric,,2,,,,,true,,,,,,10/18/22
9972732,apartment,apartment,389000,forsale,2500,installed,2016,asnew,gas,,3,,,,228,,,,,2,,10/18/22
10114557,apartment,apartment,389000,forsale,9810,,,,,140,3,,,,,true,,,,,,10/18/22
9988970,apartment,apartment,395000,forsale,2000,,,good,,99,2,,,,,true,,,,,,10/18/22
8503368,apartment,apartment,419000,forsale,1160,,,asnew,,,2,,,,,true,,,,1,,10/18/22
10114989,apartment,apartment,435000,forsale,1050,installed,2007,,gas,125,2,,,true,,,,,,1,,10/18/22
8894720,apartment,duplex,450000,forsale,1190,hyperequipped,2006,,gas,214,2,,,,,true,,,,,,10/18/22
10119087,apartment,apartment,479000,forsale,8370,installed,,,gas,207,0,,,,,,,,,,,10/18/22
10125783,apartment,groundfloor,490000,forsale,8300,,,,,240,2,,,,,,,,,,,10/18/22
10077633,apartment,apartment,495000,forsale,8400,installed,,,gas,,4,,,,,,,,,,,10/18/22
9761455,apartment,apartment,500000,forsale,1180,installed,,good,gas,140,2,,,true,,true,,,1,,,10/18/22
10158464,apartment,duplex,320000,forsale,8300,installed,2008,good,,132,2,,,true,,true,,,,,,10/18/22
10158453,house,house,229000,forsale,9000,,,good,gas,397,0,35,,,,,,,,,,10/18/22
10158445,house,house,279000,forsale,9040,semiequipped,,tobedoneup,gas,363,2,189,,,,,,,,,,10/18/22
10158443,house,apartmentblock,1400000,forsale,31080,,,asnew,,,6,0,,,,true,,true,,,,10/18/22
10158441,house,house,1400000,forsale,31080,,,asnew,,,6,0,,,,true,,true,,,,10/18/22
10158440,house,house,715000,forsale,2650,installed,1958,justrenovated,gas,125,3,314,,true,75,,true,,2,,,10/18/22
10127304,house,house,75000,forsale,7972,installed,1875,,fueloil,541,2,429,,,,,,,,1,,10/18/22
10158422,apartmentgroup,apartmentgroup,427125-427125,forsale,1420,,,,,,,,,,,,,,1,1,1,10/18/22
10059257,apartment,apartment,625000,forsale,8300,hyperequipped,1989,asnew,gas,164,2,,,,,,,,,,,10/18/22
9978552,apartment,apartment,645000,forsale,9600,,,asnew,,99,3,,,,,,,,,,,10/18/22
10042680,apartment,apartment,650000,forsale,8370,,2021,,,62,2,,,,,true,,,,,,10/18/22
10083298,apartment,apartment,725000,forsale,8300,,1966,,,322,2,,,,,true,,,,,,10/18/22
9985753,apartment,apartment,755000,forsale,8300,,,asnew,,322,1,,,,,true,,,,1,,10/18/22
9779754,apartment,apartment,795000,forsale,1050,,2021,asnew,gas,,3,,,true,,true,,,6,,,10/18/22
9986600,apartment,apartment,795000,forsale,8300,,,asnew,,336,2,,,,,true,,,,,,10/18/22
10083390,apartment,apartment,895000,forsale,8300,,2005,,,176,3,,,,,,,,,,,10/18/22
10079800,apartment,penthouse,895000,forsale,8300,,,asnew,,245,2,,,,,true,,,,,,10/18/22
8746466,apartment,apartment,950000,forsale,8300,installed,,good,,,2,,,,,,,,,,,10/18/22
9917146,apartment,apartment,1016000,forsale,9051,hyperequipped,2022,asnew,,,2,,,true,,true,,,,,,10/18/22
9826416,apartment,apartment,1090000,forsale,1000,installed,1958,,gas,182,3,,,,,true,,,2,1,,10/18/22
9920084,apartment,apartment,1150000,forsale,8300,,,asnew,,,3,,,true,,true,true,,2,2,,10/18/22
9917124,apartment,apartment,1285000,forsale,9051,hyperequipped,2022,asnew,,,2,,,true,,true,,,,,,10/18/22
9804713,apartment,apartment,1495000,forsale,8301,,1967,asnew,,,0,,,,,,,,,,,10/18/22
10114998,apartment,duplex,1770000,forsale,1180,hyperequipped,2003,asnew,gas,194,3,,,true,,true,true,,4,,,10/18/22
10116584,apartment,apartment,1850000,forsale,8300,,1948,,gas,112,3,,,,,,,,1,,,10/18/22
10101378,apartment,apartment,1850000,forsale,8300,hyperequipped,1948,asnew,gas,,3,,,true,,true,,,1,,,10/18/22
8952640,apartment,groundfloor,1950000,forsale,1180,hyperequipped,1998,asnew,gas,,4,,,true,1500,,true,,3,3,,10/18/22
10026785,apartment,apartment,2400000,forsale,8380,usahyperequipped,2021,,gas,,3,,,,,true,,,1,1,,10/18/22
10117068,apartment,apartment,299000,forsale,8000,,,justrenovated,electric,,2,,,,,,,,1,,,10/18/22
10096073,apartment,apartment,172500,forsale,8460,installed,2022,good,,,1,,,,49,true,,,,,1,10/18/22
9625968,apartment,kot,187500,forsale,8000,,,asnew,,,1,,,,,,,,,,1,10/18/22
9278774,apartment,apartment,190000,forsale,9700,,2022,,,,1,,,,,true,,,,1,1,10/18/22
9515795,apartment,apartment,198080,forsale,8800,hyperequipped,2021,asnew,,,1,,,,,,,,,,1,10/18/22
10095745,apartment,apartment,220000,forsale,9890,installed,2021,,,,1,,,,,true,,,,,1,10/18/22
10139021,apartment,apartment,225000,forsale,5004,semiequipped,2000,,gas,232,1,,,true,,true,,,,,,10/18/22
9515797,apartment,apartment,236880,forsale,8800,hyperequipped,2021,asnew,,,2,,,,,,,,,,1,10/18/22
9278775,apartment,apartment,252000,forsale,9700,,2022,,,,2,,,,,true,,,,1,1,10/18/22
9354712,apartment,apartment,255000,forsale,8800,installed,,asnew,,,1,,,,,true,,,,,1,10/18/22
10158464,apartment,duplex,320000,forsale,8300,installed,2008,good,,132,2,,,true,,true,,,,,,10/18/22
10158453,house,house,229000,forsale,9000,,,good,gas,397,0,35,,,,,,,,,,10/18/22
10158445,house,house,279000,forsale,9040,semiequipped,,tobedoneup,gas,363,2,189,,,,,,,,,,10/18/22
10158443,house,apartmentblock,1400000,forsale,31080,,,asnew,,,6,0,,,,true,,true,,,,10/18/22
10158441,house,house,1400000,forsale,31080,,,asnew,,,6,0,,,,true,,true,,,,10/18/22
10158440,house,house,715000,forsale,2650,installed,1958,justrenovated,gas,125,3,314,,true,75,,true,,2,,,10/18/22
10127304,house,house,75000,forsale,7972,installed,1875,,fueloil,541,2,429,,,,,,,,1,,10/18/22
10158422,apartmentgroup,apartmentgroup,427125-427125,forsale,1420,,,,,,,,,,,,,,1,1,1,10/18/22
9515798,apartment,apartment,258580,forsale,8800,hyperequipped,2021,asnew,,,3,,,,,,,,,,1,10/18/22
9577419,apartment,apartment,259900,forsale,3800,,2022,,gas,,2,,,,38,true,,,,,1,10/18/22
9577418,apartment,apartment,269900,forsale,3800,,2022,,gas,,2,,,,112,true,,,,,1,10/18/22
9577417,apartment,apartment,269900,forsale,3800,,2022,,gas,,2,,,,109,true,,,,,1,10/18/22
9577416,apartment,apartment,269900,forsale,3800,,2022,,gas,,2,,,,159,true,,,,,1,10/18/22
9577421,apartment,apartment,279900,forsale,3800,,2022,,gas,,2,,,,80,true,,,,,1,10/18/22
9577420,apartment,apartment,279900,forsale,3800,,2022,,gas,,2,,,,59,true,,,,,1,10/18/22
9602350,apartment,apartment,284000,forsale,1490,hyperequipped,,,gas,,2,,,true,,true,,,2,,1,10/18/22
9971640,apartment,apartment,299900,forsale,8790,installed,2022,asnew,,,2,,,true,74,true,,,1,,1,10/18/22
9489638,apartment,apartment,319000,forsale,2018,,2021,asnew,,,2,,,,,true,,,,,1,10/18/22
9489642,apartment,apartment,325000,forsale,2018,,2021,asnew,,,2,,,,,true,,,,,1,10/18/22
10057781,apartment,apartment,335000,forsale,2880,hyperequipped,2022,asnew,,,3,,,,50,true,,,,,1,10/18/22
9971644,apartment,apartment,349900,forsale,8790,installed,2021,asnew,,,2,,,true,93,true,true,,1,,1,10/18/22
10110398,apartment,penthouse,377000,forsale,1435,usahyperequipped,2022,asnew,,,2,,,,,true,,,,1,1,10/18/22
10095746,apartment,duplex,415000,forsale,9890,installed,2022,,,,3,,,,,true,true,,,,1,10/18/22
9904721,apartment,apartment,429950,forsale,8420,hyperequipped,2022,,gas,,2,,,,,true,,,,,1,10/18/22
8973006,apartment,penthouse,1990000,forsale,1180,usahyperequipped,,asnew,,114,3,,,true,,true,,,4,,1,10/18/22
10095114,apartment,apartment,144000,forsale,5000,usasemiequipped,,tobedoneup,gas,612,2,,,,,,,,,,,10/18/22
10145591,apartment,apartment,330686,forsale,9500,usahyperequipped,,,,,1,,,,36,true,true,,,,1,10/18/22
9952097,apartment,apartment,445000,forsale,1050,,1947,asnew,gas,,2,,,true,,true,,,,,,10/18/22
10142733,apartment,apartment,185000,forsale,8550,,2022,,,,2,,,,,true,,,,,,10/18/22
10142734,apartment,apartment,269000,forsale,8550,,2020,,,,2,,,,,true,,,,,,10/18/22
10142735,apartment,apartment,275000,forsale,8550,,2022,,,,2,,,,,true,,,,,,10/18/22
10095387,apartment,apartment,250000,forsale,1020,installed,,,,,2,,,true,,true,,,,,,10/18/22
10133420,apartment,apartment,315000,forsale,8500,,1966,justrenovated,,164,2,,,,,true,,,,,,10/18/22
10148844,apartment,apartment,179000,forsale,7700,installed,2022,justrenovated,,,2,,,true,,,,,,1,,10/18/22
10148849,apartment,apartment,219000,forsale,7700,installed,2022,justrenovated,,,2,,,true,,true,,,,1,,10/18/22
10148845,apartment,apartment,239000,forsale,7700,installed,2022,justrenovated,,,3,,,true,,true,,,,1,,10/18/22
9715529,apartmentgroup,apartmentgroup,269000-379000,forsale,2630,,,,,,,,,,,,,,,,1,10/18/22
10152477,apartmentgroup,apartmentgroup,298000-798500,forsale,9000,,,,,,,,,,,,,,,,1,10/18/22
10158464,apartment,duplex,320000,forsale,8300,installed,2008,good,,132,2,,,true,,true,,,,,,10/18/22
10158453,house,house,229000,forsale,9000,,,good,gas,397,0,35,,,,,,,,,,10/18/22
10158445,house,house,279000,forsale,9040,semiequipped,,tobedoneup,gas,363,2,189,,,,,,,,,,10/18/22
10158443,house,apartmentblock,1400000,forsale,31080,,,asnew,,,6,0,,,,true,,true,,,,10/18/22
10158441,house,house,1400000,forsale,31080,,,asnew,,,6,0,,,,true,,true,,,,10/18/22
10158440,house,house,715000,forsale,2650,installed,1958,justrenovated,gas,125,3,314,,true,75,,true,,2,,,10/18/22
10127304,house,house,75000,forsale,7972,installed,1875,,fueloil,541,2,429,,,,,,,,1,,10/18/22
10158422,apartmentgroup,apartmentgroup,427125-427125,forsale,1420,,,,,,,,,,,,,,1,1,1,10/18/22
10153188,apartmentgroup,apartmentgroup,315000-525000,forsale,9000,,,,,,,,,,,,,,,,1,10/18/22
10157210,apartment,apartment,398000,forsale,2650,,2021,asnew,,,2,,,,,,,,,,1,10/18/22
10155561,apartment,apartment,196000,forsale,1180,installed,,,,163,2,,,true,,,,,,,,10/18/22
10156049,apartment,apartment,385000,forsale,1030,,,good,,,2,,,,,,,,,,,10/18/22
10117573,apartment,groundfloor,44000,forsale,3581,,1964,,,291,2,,,,,,,,,,,10/18/22
9907588,apartment,flatstudio,49999,forsale,6000,,1972,good,,485,1,,,,,,,,,,,10/18/22
9299049,apartment,flatstudio,70000,forsale,8200,,2015,good,,130,1,,,,,,,,1,,,10/18/22
10118620,apartment,apartment,95000,forsale,1030,installed,,,,631,1,,,true,,,,,,,,10/18/22
10101412,apartment,apartment,98000,forsale,6000,installed,,good,,336,2,,,,,true,,,,,,10/18/22
10119997,apartment,flatstudio,99000,forsale,9500,,,good,,102,1,,,,,,,,,,,10/18/22
9896866,apartment,apartment,136981,forsale,3390,,2021,good,,,1,,,,,true,,,,,,10/18/22
9984506,apartment,duplex,138000,forsale,5000,usasemiequipped,,good,gas,403,2,,,,,,,,,,,10/18/22
10065804,apartment,apartment,147000,forsale,7100,installed,,good,gas,99,1,,,true,,,,,,,,10/18/22
10084845,apartment,groundfloor,150000,forsale,1020,installed,,,,374,1,,,true,,,,,1,,,10/18/22
9929222,apartment,kot,155500,forsale,1000,,,good,,,1,,,,,,,,,,,10/18/22
10043433,apartment,flatstudio,159000,forsale,8620,,1977,,,201,0,,,,,,,,,,,10/18/22
10115843,apartment,groundfloor,165000,forsale,1490,usasemiequipped,,good,fueloil,379,1,,,true,,true,,,,1,,10/18/22
9994892,apartment,apartment,169500,forsale,8620,,1961,,,229,1,,,,,,,,,,,10/18/22
9923225,apartment,groundfloor,175000,forsale,5530,notinstalled,,asnew,fueloil,344,2,,,true,300,true,,,,,,10/18/22
10103890,apartment,apartment,179000,forsale,8820,installed,2003,,,104,1,,,,,true,true,,,,,10/18/22
9828492,apartment,apartment,179500,forsale,8870,installed,,,electric,406,3,,,true,,true,true,,1,,,10/18/22
10118623,apartment,apartment,180000,forsale,1030,installed,,,,631,1,,true,true,,,,,,,,10/18/22
10125281,apartment,apartment,189000,forsale,8200,,1975,torenovate,,228,2,,,,,true,,,,,,10/18/22
10051926,apartment,apartment,199000,forsale,9300,installed,1979,,gas,238,2,,,,,true,,,1,,,10/18/22
10051925,apartment,apartment,199000,forsale,9308,installed,1979,,gas,238,2,,,,,true,,,1,,,10/18/22
10124983,apartment,apartment,200000,forsale,1180,installed,,,,170,2,,,true,,true,,,,1,,10/18/22
10046899,apartment,apartment,202554,forsale,8900,installed,,,gas,,1,,,,,true,,,,,,10/18/22
10092433,apartment,apartment,205000,forsale,2620,,,asnew,gas,,3,,,,,true,,,,1,,10/18/22
9538119,apartment,apartment,205875,forsale,8650,installed,2022,good,,,1,,,,13,,,,1,,,10/18/22
10158464,apartment,duplex,320000,forsale,8300,installed,2008,good,,132,2,,,true,,true,,,,,,10/18/22
10158453,house,house,229000,forsale,9000,,,good,gas,397,0,35,,,,,,,,,,10/18/22
10158445,house,house,279000,forsale,9040,semiequipped,,tobedoneup,gas,363,2,189,,,,,,,,,,10/18/22
10158443,house,apartmentblock,1400000,forsale,31080,,,asnew,,,6,0,,,,true,,true,,,,10/18/22
10158441,house,house,1400000,forsale,31080,,,asnew,,,6,0,,,,true,,true,,,,10/18/22
10158440,house,house,715000,forsale,2650,installed,1958,justrenovated,gas,125,3,314,,true,75,,true,,2,,,10/18/22
10127304,house,house,75000,forsale,7972,installed,1875,,fueloil,541,2,429,,,,,,,,1,,10/18/22
10158422,apartmentgroup,apartmentgroup,427125-427125,forsale,1420,,,,,,,,,,,,,,1,1,1,10/18/22
9620083,apartment,serviceflat,213600,forsale,9300,,,,,,1,,,,,true,,,,,,10/18/22
10073523,apartment,apartment,218000,forsale,9990,installed,2006,,gas,147,2,,,,,,,,1,,,10/18/22
9961402,apartment,flatstudio,219000,forsale,8670,,1964,asnew,electric,207,0,,,,,,,,,,,10/18/22
10098563,apartment,apartment,220000,forsale,9230,installed,,,,243,2,,,,,,,,,,,10/18/22
9528489,apartment,apartment,225000,forsale,2800,,,,electric,,2,,,,,,,,,,,10/18/22
10120788,apartment,apartment,229000,forsale,6280,installed,,good,fueloil,587,3,,,,,,,,2,,,10/18/22
8993994,apartment,apartment,232476,forsale,8760,,2019,,,,2,,,,,,,,,,,10/18/22
9620086,apartment,serviceflat,236500,forsale,9300,,,,,,1,,,,,true,,,,,,10/18/22
9947941,apartment,apartment,247250,forsale,8370,installed,,,,,1,,,,,true,,,,,,10/18/22
9947888,apartment,apartment,249750,forsale,8370,installed,,,,,1,,,,,true,,,,,,10/18/22
10045406,apartment,apartment,250000,forsale,9200,,2016,,,,2,,,true,,true,,,,1,,10/18/22
9947894,apartment,apartment,252250,forsale,8370,installed,,,,,1,,,,,true,,,,,,10/18/22
9947911,apartment,apartment,254500,forsale,8370,installed,,,,,1,,,,,true,,,,,,10/18/22
9947925,apartment,apartment,254750,forsale,8370,installed,,,,,1,,,,,true,,,,,,10/18/22
9947864,apartment,apartment,254750,forsale,8370,installed,,,,,1,,,,,true,,,,,,10/18/22
9947849,apartment,apartment,257000,forsale,8370,installed,,,,,1,,,,,true,,,,,,10/18/22
9947942,apartment,apartment,257250,forsale,8370,installed,,,,,1,,,,,true,,,,,,10/18/22
9947927,apartment,apartment,257250,forsale,8370,installed,,,,,1,,,,,true,,,,,,10/18/22
9645128,apartment,apartment,259000,forsale,9255,,2021,asnew,gas,,2,,,,,true,,,,,,10/18/22
9947862,apartment,apartment,259500,forsale,8370,installed,,,,,1,,,,,true,,,,,,10/18/22
9947919,apartment,apartment,259750,forsale,8370,installed,,,,,1,,,,,true,,,,,,10/18/22
9947865,apartment,apartment,259750,forsale,8370,installed,,,,,1,,,,,true,,,,,,10/18/22
10098582,apartment,apartment,260000,forsale,8870,,2006,,,105,2,,,,,,,,1,,,10/18/22
9947931,apartment,apartment,262250,forsale,8370,installed,,,,,1,,,,,true,,,,,,10/18/22
9947846,apartment,apartment,262250,forsale,8370,installed,,,,,1,,,,,true,,,,,,10/18/22
9620085,apartment,serviceflat,263600,forsale,9300,,,,,,2,,,,,true,,,,,,10/18/22
9947882,apartment,apartment,264500,forsale,8370,installed,,,,,1,,,,,true,,,,,,10/18/22
9947938,apartment,apartment,264750,forsale,8370,installed,,,,,1,,,,,true,,,,,,10/18/22
9947899,apartment,apartment,264750,forsale,8370,installed,,,,,1,,,,,true,,,,,,10/18/22
9620084,apartment,serviceflat,265600,forsale,9300,,,,,,2,,,,,true,,,,,,10/18/22
10158464,apartment,duplex,320000,forsale,8300,installed,2008,good,,132,2,,,true,,true,,,,,,10/18/22
10158453,house,house,229000,forsale,9000,,,good,gas,397,0,35,,,,,,,,,,10/18/22
10158445,house,house,279000,forsale,9040,semiequipped,,tobedoneup,gas,363,2,189,,,,,,,,,,10/18/22
10158443,house,apartmentblock,1400000,forsale,31080,,,asnew,,,6,0,,,,true,,true,,,,10/18/22
10158441,house,house,1400000,forsale,31080,,,asnew,,,6,0,,,,true,,true,,,,10/18/22
10158440,house,house,715000,forsale,2650,installed,1958,justrenovated,gas,125,3,314,,true,75,,true,,2,,,10/18/22
10127304,house,house,75000,forsale,7972,installed,1875,,fueloil,541,2,429,,,,,,,,1,,10/18/22
10158422,apartmentgroup,apartmentgroup,427125-427125,forsale,1420,,,,,,,,,,,,,,1,1,1,10/18/22
9947850,apartment,apartment,267000,forsale,8370,installed,,,,,1,,,,,true,,,,,,10/18/22
9947910,apartment,apartment,269500,forsale,8370,installed,,,,,1,,,,,true,,,,,,10/18/22
9947860,apartment,apartment,269500,forsale,8370,installed,,,,,1,,,,,true,,,,,,10/18/22
9947856,apartment,apartment,272000,forsale,8370,installed,,,,,1,,,,,true,,,,,,10/18/22
9947851,apartment,apartment,272000,forsale,8370,installed,,,,,1,,,,,true,,,,,,10/18/22
9815512,apartment,apartment,274500,forsale,7800,notinstalled,,,,,3,,,,,true,,,,,,10/18/22
9947884,apartment,apartment,274500,forsale,8370,installed,,,,,1,,,,,true,,,,,,10/18/22
9947858,apartment,apartment,274500,forsale,8370,installed,,,,,1,,,,,true,,,,,,10/18/22
9947933,apartment,apartment,277000,forsale,8370,installed,,,,,1,,,,,true,,,,,,10/18/22
9947854,apartment,apartment,277000,forsale,8370,installed,,,,,1,,,,,true,,,,,,10/18/22
9947859,apartment,apartment,279500,forsale,8370,installed,,,,,1,,,,,true,,,,,,10/18/22
10119427,apartment,apartment,279900,forsale,8520,installed,,asnew,,,2,,,,,true,,,,,,10/18/22
9947909,apartment,apartment,282000,forsale,8370,installed,,,,,2,,,,,true,,,,,,10/18/22
9947885,apartment,apartment,282000,forsale,8370,installed,,,,,1,,,,,true,,,,,,10/18/22
10102275,apartment,penthouse,283000,forsale,7911,,,,,,2,,,,,true,,,,,,10/18/22
9947857,apartment,apartment,284500,forsale,8370,installed,,,,,1,,,,,true,,,,,,10/18/22
9947837,apartment,apartment,284500,forsale,8370,installed,,,,,1,,,,,true,,,,,,10/18/22
10018058,apartment,duplex,285000,forsale,8540,installed,2017,good,,90,2,,,,,true,,,,,,10/18/22
9947861,apartment,apartment,287000,forsale,8370,installed,,,,,1,,,,,true,,,,,,10/18/22
9947855,apartment,apartment,287000,forsale,8370,installed,,,,,1,,,,,true,,,,,,10/18/22
9864614,apartment,apartment,295000,forsale,9940,installed,2022,asnew,,,2,,,,,true,,,,,,10/18/22
9947903,apartment,apartment,297250,forsale,8370,installed,,,,,1,,,,,true,,,,,,10/18/22
10051927,apartment,apartment,298000,forsale,9300,installed,1993,asnew,,301,3,,,true,,,,,1,1,,10/18/22
10051928,apartment,apartment,298000,forsale,9320,installed,1993,asnew,,301,3,,,true,,,,,1,1,,10/18/22
9508965,apartment,apartment,304000,forsale,8850,hyperequipped,2020,,gas,,2,,,true,145,true,,,,1,,10/18/22
9947867,apartment,apartment,304500,forsale,8370,installed,,,,,2,,,,,true,,,,,,10/18/22
9947939,apartment,apartment,309500,forsale,8370,installed,,,,,2,,,,,true,,,,,,10/18/22
9947905,apartment,apartment,309500,forsale,8370,installed,,,,,2,,,,,true,,,,,,10/18/22
9947890,apartment,apartment,312000,forsale,8370,installed,,,,,2,,,,,true,,,,,,10/18/22
9947922,apartment,apartment,314500,forsale,8370,installed,,,,,2,,,,,true,,,,,,10/18/22
10158464,apartment,duplex,320000,forsale,8300,installed,2008,good,,132,2,,,true,,true,,,,,,10/18/22
10158453,house,house,229000,forsale,9000,,,good,gas,397,0,35,,,,,,,,,,10/18/22
10158445,house,house,279000,forsale,9040,semiequipped,,tobedoneup,gas,363,2,189,,,,,,,,,,10/18/22
10158443,house,apartmentblock,1400000,forsale,31080,,,asnew,,,6,0,,,,true,,true,,,,10/18/22
10158441,house,house,1400000,forsale,31080,,,asnew,,,6,0,,,,true,,true,,,,10/18/22
10158440,house,house,715000,forsale,2650,installed,1958,justrenovated,gas,125,3,314,,true,75,,true,,2,,,10/18/22
10127304,house,house,75000,forsale,7972,installed,1875,,fueloil,541,2,429,,,,,,,,1,,10/18/22
10158422,apartmentgroup,apartmentgroup,427125-427125,forsale,1420,,,,,,,,,,,,,,1,1,1,10/18/22
9947900,apartment,apartment,314500,forsale,8370,installed,,,,,2,,,,,true,,,,,,10/18/22
9947892,apartment,apartment,314500,forsale,8370,installed,,,,,2,,,,,true,,,,,,10/18/22
9947940,apartment,apartment,317000,forsale,8370,installed,,,,,2,,,,,true,,,,,,10/18/22
9947926,apartment,apartment,317000,forsale,8370,installed,,,,,2,,,,,true,,,,,,10/18/22
9947868,apartment,apartment,317000,forsale,8370,installed,,,,,2,,,,,true,,,,,,10/18/22
9947898,apartment,apartment,319500,forsale,8370,installed,,,,,2,,,,,true,,,,,,10/18/22
9947866,apartment,apartment,319500,forsale,8370,installed,,,,,2,,,,,true,,,,,,10/18/22
9947923,apartment,apartment,322000,forsale,8370,installed,,,,,2,,,,,true,,,,,,10/18/22
9947889,apartment,apartment,322000,forsale,8370,installed,,,,,2,,,,,true,,,,,,10/18/22
9947920,apartment,apartment,324500,forsale,8370,installed,,,,,2,,,,,true,,,,,,10/18/22
9947929,apartment,apartment,327000,forsale,8370,installed,,,,,2,,,,,true,,,,,,10/18/22
9947914,apartment,apartment,327250,forsale,8370,installed,,,,,2,,,,,true,,,,,,10/18/22
9947912,apartment,apartment,327250,forsale,8370,installed,,,,,2,,,,,true,,,,,,10/18/22
9569187,apartment,apartment,329000,forsale,9200,,,asnew,gas,,2,,,,,true,true,,,,,10/18/22
9947895,apartment,apartment,329500,forsale,8370,installed,,,,,2,,,,,true,,,,,,10/18/22
9947853,apartment,apartment,329500,forsale,8370,installed,,,,,2,,,,,true,,,,,,10/18/22
9947891,apartment,apartment,329750,forsale,8370,installed,,,,,2,,,,,true,,,,,,10/18/22
9968733,apartment,apartment,329900,forsale,1853,,2022,,,,3,,,,39,,,,,,,10/18/22
9947921,apartment,apartment,332250,forsale,8370,installed,,,,,2,,,,,true,,,,,,10/18/22
9916010,apartment,triplex,333000,forsale,1420,hyperequipped,,justrenovated,gas,353,2,,,,60,true,true,,,1,,10/18/22
9916012,apartment,triplex,333000,forsale,1440,hyperequipped,,justrenovated,gas,353,2,,,,60,true,true,,,1,,10/18/22
9694166,apartment,apartment,333800,forsale,8620,installed,2020,,gas,,2,,,,,true,,,,,,10/18/22
9947870,apartment,apartment,334750,forsale,8370,installed,,,,,2,,,,,true,,,,,,10/18/22
9947893,apartment,apartment,337250,forsale,8370,installed,,,,,2,,,,,true,,,,,,10/18/22
9947904,apartment,apartment,339500,forsale,8370,installed,,,,,2,,,,,true,,,,,,10/18/22
9947924,apartment,apartment,339750,forsale,8370,installed,,,,,2,,,,,true,,,,,,10/18/22
9947897,apartment,apartment,342000,forsale,8370,installed,,,,,2,,,,,true,,,,,,10/18/22
9947934,apartment,apartment,342250,forsale,8370,installed,,,,,2,,,,,true,,,,,,10/18/22
9947908,apartment,apartment,342250,forsale,8370,installed,,,,,2,,,,,true,,,,,,10/18/22
9947880,apartment,apartment,342250,forsale,8370,installed,,,,,2,,,,,true,,,,,,10/18/22
10158464,apartment,duplex,320000,forsale,8300,installed,2008,good,,132,2,,,true,,true,,,,,,10/18/22
10158453,house,house,229000,forsale,9000,,,good,gas,397,0,35,,,,,,,,,,10/18/22
10158445,house,house,279000,forsale,9040,semiequipped,,tobedoneup,gas,363,2,189,,,,,,,,,,10/18/22
10158443,house,apartmentblock,1400000,forsale,31080,,,asnew,,,6,0,,,,true,,true,,,,10/18/22
10158441,house,house,1400000,forsale,31080,,,asnew,,,6,0,,,,true,,true,,,,10/18/22
10158440,house,house,715000,forsale,2650,installed,1958,justrenovated,gas,125,3,314,,true,75,,true,,2,,,10/18/22
10127304,house,house,75000,forsale,7972,installed,1875,,fueloil,541,2,429,,,,,,,,1,,10/18/22
10158422,apartmentgroup,apartmentgroup,427125-427125,forsale,1420,,,,,,,,,,,,,,1,1,1,10/18/22
9947906,apartment,apartment,344500,forsale,8370,installed,,,,,2,,,,,true,,,,,,10/18/22
9985370,apartment,apartment,345000,forsale,9200,,2021,,,,2,,,,,true,,,,,,10/18/22
9947879,apartment,apartment,347000,forsale,8370,installed,,,,,2,,,,,true,,,,,,10/18/22
9947838,apartment,apartment,347250,forsale,8370,installed,,,,,2,,,,,true,,,,,,10/18/22
9730110,apartment,apartment,349000,forsale,9051,,2024,asnew,,,2,,,,,true,,,,,,10/18/22
9947913,apartment,apartment,349500,forsale,8370,installed,,,,,2,,,,,true,,,,,,10/18/22
9808020,apartment,apartment,350000,forsale,1000,installed,2019,,,82,2,,,,,true,,,,1,,10/18/22
10013850,apartment,apartment,350000,forsale,1080,installed,2019,,,82,2,,,,,true,,,,1,,10/18/22
8754939,apartment,apartment,350000,forsale,5100,installed,2020,,gas,,3,,,,,true,,,,,,10/18/22
8754938,apartment,apartment,350000,forsale,5100,,2020,,gas,,3,,,,,true,,,,,,10/18/22
9947869,apartment,apartment,352000,forsale,8370,installed,,,,,2,,,,,true,,,,,,10/18/22
10125833,apartment,apartment,355000,forsale,8620,,2018,asnew,,101,2,,,,,true,,,,,,10/18/22
9947918,apartment,apartment,357000,forsale,8370,installed,,,,,2,,,,,true,,,,,,10/18/22
9947915,apartment,apartment,357000,forsale,8370,installed,,,,,2,,,,,true,,,,,,10/18/22
9947932,apartment,apartment,359500,forsale,8370,installed,,,,,2,,,,,true,,,,,,10/18/22
9947901,apartment,apartment,359500,forsale,8370,installed,,,,,2,,,,,true,,,,,,10/18/22
10017271,apartment,apartment,360000,forsale,9000,installed,,,,246,4,,,,,true,,,2,,,10/18/22
9994027,apartment,apartment,369500,forsale,3090,,2024,asnew,,,2,,,,,true,,,,,,10/18/22
9947881,apartment,apartment,369500,forsale,8370,installed,,,,,2,,,,,true,,,,,,10/18/22
9508964,apartment,apartment,373825,forsale,8850,hyperequipped,2020,,gas,,3,,,true,137,true,,,,1,,10/18/22
9645129,apartment,apartment,379000,forsale,9255,,2021,asnew,gas,,3,,,,,true,,,,,,10/18/22
9947896,apartment,apartment,379500,forsale,8370,installed,,,,,2,,,,,true,,,,,,10/18/22
9403645,apartment,penthouse,389500,forsale,3000,,2021,asnew,,,2,,,,,true,,,,,,10/18/22
10103887,apartment,apartment,399000,forsale,1180,hyperequipped,,good,,201,2,,,,,true,,,,,,10/18/22
10006449,apartment,serviceflat,399000,forsale,8670,hyperequipped,2020,,,47,2,,,,,,,,,1,,10/18/22
9569185,apartment,apartment,419000,forsale,9200,,,asnew,gas,,4,,,,,true,true,,,,,10/18/22
9699111,apartment,apartment,445000,forsale,8300,,1966,,,122,1,,,,,,,,,,,10/18/22
10110144,apartment,apartment,455000,forsale,1180,installed,,,,229,4,,,true,,true,,,3,,,10/18/22
9994026,apartment,apartment,468500,forsale,3090,,2024,asnew,,,2,,,,,true,,,,,,10/18/22
9999959,apartment,apartment,478500,forsale,3090,,2024,asnew,,,3,,,,,true,,,,,,10/18/22
10158464,apartment,duplex,320000,forsale,8300,installed,2008,good,,132,2,,,true,,true,,,,,,10/18/22
10158453,house,house,229000,forsale,9000,,,good,gas,397,0,35,,,,,,,,,,10/18/22
10158445,house,house,279000,forsale,9040,semiequipped,,tobedoneup,gas,363,2,189,,,,,,,,,,10/18/22
10158443,house,apartmentblock,1400000,forsale,31080,,,asnew,,,6,0,,,,true,,true,,,,10/18/22
10158441,house,house,1400000,forsale,31080,,,asnew,,,6,0,,,,true,,true,,,,10/18/22
10158440,house,house,715000,forsale,2650,installed,1958,justrenovated,gas,125,3,314,,true,75,,true,,2,,,10/18/22
10127304,house,house,75000,forsale,7972,installed,1875,,fueloil,541,2,429,,,,,,,,1,,10/18/22
10158422,apartmentgroup,apartmentgroup,427125-427125,forsale,1420,,,,,,,,,,,,,,1,1,1,10/18/22
9930889,apartment,apartment,495029,forsale,8850,hyperequipped,2020,,gas,,3,,,true,,true,,,,1,,10/18/22
9750125,apartment,apartment,539500,forsale,1640,usahyperequipped,2021,,gas,,3,,,true,40,true,,,1,,,10/18/22
10086033,apartment,groundfloor,547000,forsale,8300,,2020,asnew,gas,,1,,,,,true,,,1,,,10/18/22
10018079,apartment,apartment,580000,forsale,8300,installed,1992,good,,203,2,,,,,true,,,,1,,10/18/22
10023799,apartment,apartment,580000,forsale,8301,installed,1992,good,,203,2,,,,,true,,,,1,,10/18/22
9947935,apartment,apartment,600000,forsale,8370,installed,,,,,3,,,,,true,,,,,,10/18/22
9669819,apartment,apartment,615000,forsale,9000,,,,,,3,,,,80,,,,,,,10/18/22
10120665,apartment,loft,620000,forsale,8581,,,,,120,3,,,,,,,,,1,,10/18/22
10049752,apartment,apartment,675000,forsale,8580,,1950,justrenovated,,,5,,,,,,,,,,,10/18/22
10077038,apartment,apartment,700000,forsale,6030,,,,,,14,,,,,,,,,,,10/18/22
10087154,apartment,apartment,779000,forsale,8370,installed,,good,,202,2,,,true,,true,true,,,,,10/18/22
9846270,apartment,duplex,850000,forsale,2018,usahyperequipped,1958,asnew,,285,2,,,,,true,true,,1,1,,10/18/22
9995610,apartment,apartment,895000,forsale,8300,,1978,justrenovated,gas,245,2,,,,,true,,,,,,10/18/22
10014682,apartment,apartment,995000,forsale,8300,,1999,,gas,112,2,,,,,,,,,,,10/18/22
10076549,apartment,apartment,1140000,forsale,8300,installed,1970,asnew,,195,2,,,true,,,,,,,,10/18/22
9907550,apartment,penthouse,1295000,forsale,1150,installed,,asnew,gas,148,3,,,true,,true,true,,,,,10/18/22
9813137,apartment,apartment,1495000,forsale,8300,,1967,justrenovated,,84,3,,,true,,true,,,,,,10/18/22
9985754,apartment,apartment,1495000,forsale,8301,,,asnew,,84,3,,,,,true,,,,,,10/18/22
9094757,apartment,apartment,1700000,forsale,2060,,,asnew,,,3,,,,,true,,,6,6,,10/18/22
9094755,apartment,apartment,1700000,forsale,2060,,,asnew,,,3,,,,,true,,,6,6,,10/18/22
9138653,apartment,apartment,1995000,forsale,1000,,,asnew,gas,,4,,,,,,,,,,,10/18/22
10147352,apartment,groundfloor,259000,forsale,1600,,,justrenovated,electric,414,2,,,,,,,,,,,10/18/22
9522557,apartment,apartment,174900,forsale,2200,installed,2022,asnew,electric,,1,,,,,true,,,42,,1,10/18/22
6622900,apartment,apartment,176681,forsale,7170,installed,,asnew,,,2,,,,,,,,,,1,10/18/22
9972843,apartment,groundfloor,217000,forsale,8552,installed,2022,,gas,,1,,,,37,true,,,,,1,10/18/22
9277780,apartment,apartment,235000,forsale,9700,,2022,,,,2,,,,38,true,,,,1,1,10/18/22
9106791,apartment,apartment,243493,forsale,8740,,2021,,,,2,,,,37,,,,1,,1,10/18/22
8835260,apartment,apartment,253400,forsale,9940,,2020,good,,,1,,,,,,,,1,,1,10/18/22
9199195,apartment,groundfloor,268000,forsale,2400,,2020,asnew,,,2,,,,73,true,,,,,1,10/18/22
9284077,apartment,apartment,284485,forsale,8200,,2021,,,,2,,,,,true,,,,,1,10/18/22
10158464,apartment,duplex,320000,forsale,8300,installed,2008,good,,132,2,,,true,,true,,,,,,10/18/22
10158453,house,house,229000,forsale,9000,,,good,gas,397,0,35,,,,,,,,,,10/18/22
10158445,house,house,279000,forsale,9040,semiequipped,,tobedoneup,gas,363,2,189,,,,,,,,,,10/18/22
10158443,house,apartmentblock,1400000,forsale,31080,,,asnew,,,6,0,,,,true,,true,,,,10/18/22
10158441,house,house,1400000,forsale,31080,,,asnew,,,6,0,,,,true,,true,,,,10/18/22
10158440,house,house,715000,forsale,2650,installed,1958,justrenovated,gas,125,3,314,,true,75,,true,,2,,,10/18/22
10127304,house,house,75000,forsale,7972,installed,1875,,fueloil,541,2,429,,,,,,,,1,,10/18/22
10158422,apartmentgroup,apartmentgroup,427125-427125,forsale,1420,,,,,,,,,,,,,,1,1,1,10/18/22
10023488,apartment,apartment,295464,forsale,3640,hyperequipped,2021,,gas,,2,,,true,,true,,,1,1,1,10/18/22
10087560,apartment,duplex,307500,forsale,8820,,2023,asnew,gas,,3,,,,,true,,,,15,1,10/18/22
10080619,apartment,apartment,427600,forsale,2320,,2022,,,,2,,,,57,true,,,,,1,10/18/22
10005924,apartment,apartment,445000,forsale,9080,,,,,,2,,,,,,,,,,1,10/18/22
10073886,apartment,penthouse,450000,forsale,4031,installed,2021,asnew,gas,,3,,,true,,true,,,,,1,10/18/22
10073885,apartment,penthouse,450000,forsale,4031,installed,2021,asnew,gas,,3,,,true,,true,,,,,1,10/18/22
9935454,apartment,apartment,945000,forsale,8300,usahyperequipped,2023,asnew,,,2,,,true,,true,,,,,1,10/18/22
10145015,apartment,groundfloor,307100,forsale,9300,installed,2022,,,,1,,,,,,,,,,1,10/18/22
10147693,apartment,apartment,269000,forsale,8550,,2022,asnew,,,2,,,,,true,,,,,1,10/18/22
10133484,apartment,apartment,195000,forsale,7711,installed,,good,gas,203,3,,,,,,,,1,,,10/18/22
10153096,apartment,penthouse,327000,forsale,8670,,2022,asnew,,,2,,,,,,,,,,1,10/18/22
10149589,apartment,flatstudio,199000,forsale,1160,hyperequipped,1975,,,,0,,,,,true,,,,,,10/18/22
10138993,apartment,apartment,252000,forsale,4219,,1800,,,81,2,,,,,true,,true,,,1,10/18/22
10138991,apartment,apartment,255000,forsale,4219,,1800,,,40,1,,,,,,,true,,,1,10/18/22
10155291,apartment,duplex,275000,forsale,3272,,,,,134,2,,,,,,,,,,,10/18/22
9985002,apartment,loft,30000,forsale,5500,,,,,,0,,,,,,,,,,,10/18/22
10091108,apartment,apartment,65000,forsale,4000,,,good,gas,349,2,,,,,,,,,,,10/18/22
10105866,apartment,flatstudio,99000,forsale,1070,installed,1950,justrenovated,electric,210,0,,,,,,,,,,,10/18/22
9943809,apartment,apartment,119000,forsale,9520,,,,electric,552,1,,,,,,,,,,,10/18/22
9973468,apartment,apartment,125000,forsale,5590,semiequipped,1986,tobedoneup,electric,370,2,,,true,,,,,,1,,10/18/22
9746278,apartment,apartment,132000,forsale,2020,,,,gas,,1,,,true,,,,,,,,10/18/22
10074739,apartment,flatstudio,139000,forsale,1020,installed,1958,,,393,0,,,true,,true,,,1,,,10/18/22
9657513,apartment,flatstudio,139000,forsale,8620,,1976,,,388,0,,,,,true,,,,,,10/18/22
10103464,apartment,apartment,145000,forsale,9500,,,,gas,130,2,,,,,,,,,,,10/18/22
9937051,apartment,apartment,147500,forsale,1190,installed,,tobedoneup,gas,442,1,,,true,,,,,,,,10/18/22
10110590,apartment,apartment,149000,forsale,4802,usainstalled,,,gas,,1,,,true,1,,,,,1,,10/18/22
10058275,apartment,flatstudio,165000,forsale,8301,,1970,,,276,0,,,,,,,,,,,10/18/22
10103488,apartment,apartment,167500,forsale,8570,,,asnew,,147,1,,,,,,,,1,,,10/18/22
9979325,apartment,apartment,169000,forsale,1082,notinstalled,,torenovate,,315,1,,,true,,true,,,,,,10/18/22
9473617,apartment,apartment,175000,forsale,8370,,,,,,2,,,,,,,,,,,10/18/22
10158464,apartment,duplex,320000,forsale,8300,installed,2008,good,,132,2,,,true,,true,,,,,,10/18/22
10158453,house,house,229000,forsale,9000,,,good,gas,397,0,35,,,,,,,,,,10/18/22
10158445,house,house,279000,forsale,9040,semiequipped,,tobedoneup,gas,363,2,189,,,,,,,,,,10/18/22
10158443,house,apartmentblock,1400000,forsale,31080,,,asnew,,,6,0,,,,true,,true,,,,10/18/22
10158441,house,house,1400000,forsale,31080,,,asnew,,,6,0,,,,true,,true,,,,10/18/22
10158440,house,house,715000,forsale,2650,installed,1958,justrenovated,gas,125,3,314,,true,75,,true,,2,,,10/18/22
10127304,house,house,75000,forsale,7972,installed,1875,,fueloil,541,2,429,,,,,,,,1,,10/18/22
10158422,apartmentgroup,apartmentgroup,427125-427125,forsale,1420,,,,,,,,,,,,,,1,1,1,10/18/22
10123322,apartment,apartment,179000,forsale,9260,,,asnew,,244,1,,,true,,true,,,1,,,10/18/22
10087901,apartment,flatstudio,185000,forsale,3000,,,,,156,1,,,,,,,,,,,10/18/22
10068064,apartment,apartment,190000,forsale,3740,,1971,,,,2,,,,,true,true,,1,1,,10/18/22
9711091,apartment,serviceflat,199000,forsale,2845,hyperequipped,2018,,gas,80.21,1,,,true,,true,,,,1,,10/18/22
9456552,apartment,serviceflat,199000,forsale,2845,hyperequipped,2017,,gas,96.57,1,,,true,,true,,,,1,,10/18/22
10103305,apartment,apartment,199000,forsale,9280,,2017,,gas,126,1,,,,,true,,,,,,10/18/22
10085613,apartment,apartment,209000,forsale,9800,,,asnew,,181,2,,,,,true,,,,,,10/18/22
8828115,apartment,apartment,212150,forsale,8800,hyperequipped,2020,,gas,,2,,,,,true,,,,,,10/18/22
10125424,apartment,apartment,218000,forsale,9900,,,,,205,2,,,true,,,,,1,1,,10/18/22
8828101,apartment,apartment,222000,forsale,8800,hyperequipped,2020,,gas,,2,,,,,true,,,,,,10/18/22
9999056,apartment,apartment,230044,forsale,8870,,2020,asnew,,,2,,,,,true,,,,,,10/18/22
10022981,apartment,groundfloor,239000,forsale,9000,,,,,450,1,,,,,,,,,,,10/18/22
10125831,apartment,apartment,240000,forsale,8434,,2000,asnew,,154,2,,,,,true,true,,,,,10/18/22
9278309,apartment,apartment,245000,forsale,9700,,2015,,,123,1,,,true,,true,,,,,,10/18/22
10119391,apartment,apartment,247000,forsale,2440,,2020,,,29,2,,,,,,,,,,,10/18/22
9948880,apartment,apartment,249000,forsale,1340,semiequipped,1975,,gas,269,2,,,true,,true,,,1,,,10/18/22
9841644,apartment,apartment,249000,forsale,9140,,2018,asnew,,105,3,,,,,,,,,,,10/18/22
10082618,apartment,apartment,250000,forsale,1180,installed,,,,,2,,,,,true,,,,,,10/18/22
9990785,apartment,apartment,256300,forsale,2560,,2022,,,,1,,,,,true,,,,,,10/18/22
9634822,apartment,apartment,258500,forsale,8480,,2021,good,,,2,,,,,,,,,2,,10/18/22
9947227,apartment,apartment,259000,forsale,1853,installed,,,gas,246,3,,,true,,true,,,,,,10/18/22
10116807,apartment,apartment,264000,forsale,9140,,,asnew,gas,130,2,,,,,true,,,1,,,10/18/22
9740864,apartment,apartment,269000,forsale,9140,,2022,asnew,gas,,2,,,,,true,,,,,,10/18/22
10029490,apartment,groundfloor,274000,forsale,1600,usahyperequipped,,justrenovated,electric,319,2,,,,,,,,,,,10/18/22
9753684,apartment,apartment,289000,forsale,8830,hyperequipped,2019,,,,2,,,,,true,,,1,,,10/18/22
10122078,apartment,apartment,290000,forsale,5000,,2012,,gas,114,2,,,true,,true,,,,,,10/18/22
8828111,apartment,apartment,298100,forsale,8800,hyperequipped,2020,,gas,,3,,,,,true,,,,,,10/18/22
9801218,apartment,apartment,299000,forsale,2500,installed,2022,asnew,gas,,2,,,,11,true,,,,,,10/18/22
9795130,apartment,serviceflat,299500,forsale,2018,hyperequipped,2019,asnew,,,2,,,,,true,,,,,,10/18/22
9918218,apartment,apartment,313500,forsale,9200,,2021,,,,2,,,,,true,,,,,,10/18/22
10158464,apartment,duplex,320000,forsale,8300,installed,2008,good,,132,2,,,true,,true,,,,,,10/18/22
10158453,house,house,229000,forsale,9000,,,good,gas,397,0,35,,,,,,,,,,10/18/22
10158445,house,house,279000,forsale,9040,semiequipped,,tobedoneup,gas,363,2,189,,,,,,,,,,10/18/22
10158443,house,apartmentblock,1400000,forsale,31080,,,asnew,,,6,0,,,,true,,true,,,,10/18/22
10158441,house,house,1400000,forsale,31080,,,asnew,,,6,0,,,,true,,true,,,,10/18/22
10158440,house,house,715000,forsale,2650,installed,1958,justrenovated,gas,125,3,314,,true,75,,true,,2,,,10/18/22
10127304,house,house,75000,forsale,7972,installed,1875,,fueloil,541,2,429,,,,,,,,1,,10/18/22
10158422,apartmentgroup,apartmentgroup,427125-427125,forsale,1420,,,,,,,,,,,,,,1,1,1,10/18/22
10122938,apartment,apartment,319000,forsale,1000,,,,,,2,,,,,,,,,,,10/18/22
9907013,apartment,apartment,319000,forsale,9700,,,,,,3,,,,,true,,,,,,10/18/22
9907012,apartment,apartment,319000,forsale,9700,,,,,,3,,,,,true,,,,,,10/18/22
10003454,apartment,apartment,320000,forsale,2000,hyperequipped,,,gas,274,2,,,,,,,,,,,10/18/22
9559953,apartment,apartment,325000,forsale,9000,,1965,,,,3,,,,,,,,,,,10/18/22
10030157,apartment,duplex,329000,forsale,9800,,2021,,,,2,,,,,,,,,,,10/18/22
9918215,apartment,apartment,330000,forsale,9200,,2021,,,,2,,,,,true,,,,,,10/18/22
9657464,apartment,apartment,330000,forsale,9200,,2021,,,,2,,,,,true,,,,,,10/18/22
9801874,apartment,apartment,335000,forsale,1000,,2022,asnew,gas,112,2,,,,,,,,,1,,10/18/22
9799416,apartment,apartment,335000,forsale,1000,,2022,asnew,gas,112,2,,,,,,,,,1,,10/18/22
9657466,apartment,apartment,335500,forsale,9200,,2021,,,,2,,,,,true,,,,,,10/18/22
10125792,apartment,apartment,349000,forsale,9230,,,asnew,,,2,,,,,,,,,,,10/18/22
10102311,apartment,duplex,350000,forsale,1050,installed,,good,gas,141,2,,true,,,,,,,,,10/18/22
10048811,apartment,apartment,352500,forsale,9940,,1973,justrenovated,,,3,,,,,,,,,,,10/18/22
10079543,apartment,apartment,399000,forsale,8900,,2021,good,,40,2,,,,,true,,,,,,10/18/22
10125791,apartment,apartment,425000,forsale,9230,,,asnew,,,3,,,,,,,,,,,10/18/22
8617208,apartment,apartment,435000,forsale,2880,,2020,good,,,2,,,,,true,,,,1,,10/18/22
9903413,apartment,triplex,480000,forsale,1190,hyperequipped,1931,,gas,,3,,,,,true,,,,,,10/18/22
10123391,apartment,apartment,490000,forsale,8300,hyperequipped,1969,asnew,gas,240,2,,,,,,,,,,,10/18/22
10089989,apartment,apartment,510000,forsale,2000,,,,gas,323,3,,,,,true,,,,,,10/18/22
8828103,apartment,apartment,537500,forsale,8800,hyperequipped,2020,,gas,,1,,,,,true,,,,,,10/18/22
10125982,apartment,apartment,545000,forsale,8370,hyperequipped,2022,,gas,,2,,,,,true,,,,,,10/18/22
9815658,apartment,loft,550000,forsale,5190,,,,,,0,,,,,,true,,,,,10/18/22
9925536,apartment,apartment,697500,forsale,2000,usahyperequipped,2021,,,,2,,,,,true,true,,,,,10/18/22
10090985,apartment,penthouse,701000,forsale,6000,,2022,asnew,electric,,4,,,true,,true,true,,2,,,10/18/22
10083909,apartment,apartment,795000,forsale,8300,,1971,asnew,,,3,,,true,,,,,,2,,10/18/22
10015216,apartment,apartment,885000,forsale,8300,,1974,asnew,gas,,2,,,,,true,,,,,,10/18/22
10011702,apartment,apartment,995000,forsale,8300,hyperequipped,1999,asnew,electric,112,2,,,true,,true,,,,,,10/18/22
10010460,apartment,apartment,995000,forsale,8300,,1999,justrenovated,,112,2,,,true,,true,,,,,,10/18/22
9893704,apartment,apartment,1490000,forsale,2000,usahyperequipped,2014,asnew,gas,,8,,,true,,true,,,,,,10/18/22
10158464,apartment,duplex,320000,forsale,8300,installed,2008,good,,132,2,,,true,,true,,,,,,10/18/22
10158453,house,house,229000,forsale,9000,,,good,gas,397,0,35,,,,,,,,,,10/18/22
10158445,house,house,279000,forsale,9040,semiequipped,,tobedoneup,gas,363,2,189,,,,,,,,,,10/18/22
10158443,house,apartmentblock,1400000,forsale,31080,,,asnew,,,6,0,,,,true,,true,,,,10/18/22
10158441,house,house,1400000,forsale,31080,,,asnew,,,6,0,,,,true,,true,,,,10/18/22
10158440,house,house,715000,forsale,2650,installed,1958,justrenovated,gas,125,3,314,,true,75,,true,,2,,,10/18/22
10127304,house,house,75000,forsale,7972,installed,1875,,fueloil,541,2,429,,,,,,,,1,,10/18/22
10158422,apartmentgroup,apartmentgroup,427125-427125,forsale,1420,,,,,,,,,,,,,,1,1,1,10/18/22
10111765,apartment,apartment,1850000,forsale,8300,,1948,justrenovated,,,3,,,,,,,,1,,,10/18/22
10111764,apartment,apartment,3250000,forsale,8300,,1995,justrenovated,,88,5,,,,,true,,,1,,,10/18/22
10093819,apartment,apartment,175828,forsale,7700,hyperequipped,2022,asnew,,115,2,,,,,true,,,1,1,1,10/18/22
10140092,apartment,apartment,195000,forsale,8720,,2010,,,163,2,,,,,,,,,1,,10/18/22
10075496,apartment,apartment,267000,forsale,8211,installed,2021,,,,2,,,,17,,,,1,,1,10/18/22
10127570,apartment,apartment,274900,forsale,8790,installed,2022,,,,2,,,,,true,,,1,,1,10/18/22
9558360,apartment,apartment,295000,forsale,2610,hyperequipped,2021,asnew,,84,2,,,,,true,,,,,1,10/18/22
10096967,apartment,duplex,330000,forsale,4520,,,asnew,gas,73,3,,true,,,true,true,,1,2,1,10/18/22
10117671,apartment,apartment,359000,forsale,9340,,,,gas,,3,,,,74,true,true,,,,1,10/18/22
9975146,apartment,apartment,377767,forsale,2275,installed,,,,,3,,,true,,true,,,17,6,1,10/18/22
9748066,apartment,groundfloor,390000,forsale,6700,installed,,asnew,gas,,3,,,,128,true,,,,,1,10/18/22
10124339,apartment,apartment,574213,forsale,9300,usahyperequipped,2024,,,,2,,,,2000,true,,,1,1,1,10/18/22
10093517,apartment,apartment,686000,forsale,1000,hyperequipped,2023,,gas,,3,,,,,true,,,,,1,10/18/22
9416140,apartment,apartment,695000,forsale,2000,hyperequipped,2021,,,,2,,,,,true,,,,,1,10/18/22
10145590,apartment,apartment,292160,forsale,9500,usahyperequipped,,,,,1,,,,,true,true,,,,1,10/18/22
10149742,apartment,apartment,135000,forsale,6000,installed,,,fueloil,88,2,,,true,,,,,,,,10/18/22
10148847,apartment,apartment,199000,forsale,7700,installed,2022,justrenovated,,,1,,,true,,true,,,,1,,10/18/22
10148669,apartment,apartment,320000,forsale,9000,hyperequipped,,,gas,278,2,,,,,true,true,,,,,10/18/22
10137464,apartment,apartment,140000,forsale,7000,usahyperequipped,,,,337,1,,,true,,true,,,,,,10/18/22
10137462,apartment,apartment,140000,forsale,7000,usahyperequipped,,,,337,1,,,true,,true,,,,,,10/18/22
10136735,apartment,apartment,188000,forsale,6032,semiequipped,,,fueloil,171,4,,,true,,true,,,1,,,10/18/22
10137965,apartment,apartment,200000,forsale,8930,,,,,197,3,,,,,,,,,,,10/18/22
10135839,apartment,duplex,279000,forsale,2500,,1993,,,215,2,,,,,,,,,,,10/18/22
10143307,apartment,apartment,292160,forsale,9500,usahyperequipped,,,,,1,,,,,true,true,,,,1,10/18/22
10143316,apartment,penthouse,538172,forsale,9500,usahyperequipped,,,,,2,,,,,true,true,,,,1,10/18/22
10142201,apartment,flatstudio,88000,forsale,4000,,,asnew,,,0,,,,,,,,,,,10/18/22
9907642,apartment,groundfloor,99999,forsale,4800,installed,,asnew,gas,160,1,,,true,,true,,,,,,10/18/22
9918988,apartment,apartment,108000,forsale,6042,notinstalled,,,electric,230,2,,,,,true,,,1,,,10/18/22
9978231,apartment,apartment,110000,forsale,4100,installed,,,,273,1,,,,,,,,,,,10/18/22
9879261,apartment,triplex,129900,forsale,6041,notinstalled,,tobedoneup,,,3,,,,,,,,,,,10/18/22
10158464,apartment,duplex,320000,forsale,8300,installed,2008,good,,132,2,,,true,,true,,,,,,10/18/22
10158453,house,house,229000,forsale,9000,,,good,gas,397,0,35,,,,,,,,,,10/18/22
10158445,house,house,279000,forsale,9040,semiequipped,,tobedoneup,gas,363,2,189,,,,,,,,,,10/18/22
10158443,house,apartmentblock,1400000,forsale,31080,,,asnew,,,6,0,,,,true,,true,,,,10/18/22
10158441,house,house,1400000,forsale,31080,,,asnew,,,6,0,,,,true,,true,,,,10/18/22
10158440,house,house,715000,forsale,2650,installed,1958,justrenovated,gas,125,3,314,,true,75,,true,,2,,,10/18/22
10127304,house,house,75000,forsale,7972,installed,1875,,fueloil,541,2,429,,,,,,,,1,,10/18/22
10158422,apartmentgroup,apartmentgroup,427125-427125,forsale,1420,,,,,,,,,,,,,,1,1,1,10/18/22
10113422,apartment,flatstudio,143500,forsale,1348,installed,,,electric,437,0,,,,,,,,,,,10/18/22
9912407,apartment,apartment,149000,forsale,1070,semiequipped,,good,gas,177,1,,,,,,true,,,,,10/18/22
10101507,apartment,apartment,149000,forsale,1600,semiequipped,,good,gas,516,1,,,,,,,,,,,10/18/22
10083677,apartment,apartment,149000,forsale,1601,semiequipped,,good,gas,516,1,,,,,,,,,,,10/18/22
9928981,apartment,apartment,149000,forsale,2620,notinstalled,1943,,,611,1,,,,,,,,,,,10/18/22
9907567,apartment,duplex,149999,forsale,4000,installed,,asnew,gas,152,2,,,,,,,,,,,10/18/22
9987683,apartment,apartment,150000,forsale,1420,,,,,257,2,,,,,,,,,,,10/18/22
9297558,apartment,apartment,155000,forsale,9400,,1996,,,328,1,,,true,,,,,,,,10/18/22
9887213,apartment,apartment,165000,forsale,2140,,,,gas,,0,,,,,,,,,,,10/18/22
9907566,apartment,apartment,165000,forsale,4000,installed,,asnew,gas,154,3,,,,,,,,,,,10/18/22
9957913,apartment,flatstudio,165000,forsale,8301,installed,,,,276,1,,,true,,,,,,,,10/18/22
10085001,apartment,apartment,170000,forsale,3920,,1989,,,461,2,,,,,,,,,,,10/18/22
10113826,apartment,apartment,170000,forsale,8800,,1977,,,158,1,,,,,,,,1,,,10/18/22
9295635,apartment,apartment,170000,forsale,8800,,,good,,244,2,,,,,,,,1,,,10/18/22
9872599,apartment,apartment,185000,forsale,1340,semiequipped,1975,,gas,261,1,,,true,,,,,1,,,10/18/22
9988765,apartment,apartment,189000,forsale,1070,semiequipped,,good,gas,355,2,,,true,,true,,,,,,10/18/22
9993236,apartment,apartment,195000,forsale,1480,,2009,,electric,164,2,,,,,,,,,,,10/18/22
9815514,apartment,apartment,197500,forsale,7800,notinstalled,,,,,2,,,,,true,,,,,,10/18/22
9980263,apartment,serviceflat,198000,forsale,8000,installed,,good,gas,,1,,,,,true,,,,,,10/18/22
10015400,apartment,apartment,199000,forsale,1180,,,tobedoneup,,208,1,,,true,,,,,,,,10/18/22
9704515,apartment,serviceflat,199000,forsale,2845,usahyperequipped,,,,88.12,1,,,,,true,,,1,,,10/18/22
10095947,apartment,apartment,200000,forsale,1000,,,good,,557,1,,,,,,,,,,,10/18/22
9991608,apartment,groundfloor,200000,forsale,1080,installed,,,,391,1,,,true,,true,,,,,,10/18/22
10082395,apartment,apartment,210000,forsale,5000,,,,,298,3,,true,,,,,,,,,10/18/22
10115086,apartment,apartment,210000,forsale,7060,installed,,,gas,,2,,,,,true,,,,,,10/18/22
9815511,apartment,apartment,211500,forsale,7800,notinstalled,,,,,2,,,,36,true,,,,,,10/18/22
9940772,apartment,apartment,213807,forsale,8900,usainstalled,,,gas,,1,,,,,true,,,,,,10/18/22
9620087,apartment,serviceflat,217600,forsale,9300,,,,,,1,,,,,true,,,,,,10/18/22
9920334,apartment,apartment,219000,forsale,5030,installed,,asnew,gas,,2,,,true,,,,,,,,10/18/22
10005423,apartment,apartment,225000,forsale,1300,,1986,,,227,2,,,,,true,,,,,,10/18/22
10158464,apartment,duplex,320000,forsale,8300,installed,2008,good,,132,2,,,true,,true,,,,,,10/18/22
10158453,house,house,229000,forsale,9000,,,good,gas,397,0,35,,,,,,,,,,10/18/22
10158445,house,house,279000,forsale,9040,semiequipped,,tobedoneup,gas,363,2,189,,,,,,,,,,10/18/22
10158443,house,apartmentblock,1400000,forsale,31080,,,asnew,,,6,0,,,,true,,true,,,,10/18/22
10158441,house,house,1400000,forsale,31080,,,asnew,,,6,0,,,,true,,true,,,,10/18/22
10158440,house,house,715000,forsale,2650,installed,1958,justrenovated,gas,125,3,314,,true,75,,true,,2,,,10/18/22
10127304,house,house,75000,forsale,7972,installed,1875,,fueloil,541,2,429,,,,,,,,1,,10/18/22
10158422,apartmentgroup,apartmentgroup,427125-427125,forsale,1420,,,,,,,,,,,,,,1,1,1,10/18/22
10154577,housegroup,housegroup,670000-675000,forsale,1970,,,,,115,,,,,,,,,1,1,1,10/18/22
10152278,house,house,145000,forsale,6672,semiequipped,1949,tobedoneup,wood,623,3,480,true,true,290,true,,,,,,10/18/22
10151895,house,house,235000,forsale,4257,semiequipped,1900,tobedoneup,fueloil,510,3,945,true,true,400,true,,,,,,10/18/22
10153006,housegroup,housegroup,336000-384000,forsale,2500,,,,,,,,,,,,,,,,1,10/18/22
10151862,housegroup,housegroup,365000-555000,forsale,9040,,,,,,,,,,,,,,,,1,10/18/22
10153840,housegroup,housegroup,373000-417000,forsale,7912,,,,,,,,,,,,,,,,1,10/18/22
10153222,housegroup,housegroup,449000-477000,forsale,2250,,,,,,,,,,,,,,,,1,10/18/22
10153226,housegroup,housegroup,485000-485000,forsale,2275,,,,,,,,,,,,,,,,1,10/18/22
10149128,house,house,159000,forsale,5000,installed,1900,good,gas,252,3,40,true,true,,,true,,,,,10/18/22
10150355,house,house,289000,forsale,4500,semiequipped,1958,good,fueloil,312,3,204,,true,100,true,true,,1,,,10/18/22
10150923,house,house,625000,forsale,1950,hyperequipped,1991,good,gas,256,4,390,true,,260,true,true,,1,2,,10/18/22
10147032,house,house,159000,forsale,4430,semiequipped,1899,good,fueloil,448,2,335,true,true,171,true,true,,,,,10/18/22
10146903,house,house,345000,forsale,9000,usainstalled,1941,good,gas,280,4,49,true,,,,,,,,,10/18/22
10146862,house,villa,895000,forsale,1150,installed,1961,torenovate,fueloil,274,3,300,true,,200,true,true,,1,1,,10/18/22
10158111,house,house,495000,forsale,1150,usainstalled,1950,good,gas,307,3,97,true,true,,true,,,,,,10/18/22
10157542,house,house,675000,forsale,1150,semiequipped,1965,good,gas,315,4,243,true,,100,,true,,1,1,,10/18/22
10157751,house,house,770000,forsale,9700,installed,1962,good,gas,177,4,735,,,,true,true,,1,6,,10/18/22
10157561,house,exceptionalproperty,1950000,forsale,3080,usahyperequipped,1971,good,gas,214,5,4000,,true,,true,true,true,3,4,,10/18/22
9935270,house,villa,570000,forsale,1570,hyperequipped,1989,asnew,fueloil,262,4,1000,true,true,1000,true,true,,2,2,,10/18/22
10154574,house,mixedusebuilding,219000,forsale,4430,installed,1918,tobedoneup,fueloil,356,3,249,,true,100,,,,,,,10/18/22
10154573,house,house,219000,forsale,4430,installed,1918,tobedoneup,fueloil,356,3,249,,true,100,,,,,,,10/18/22
10154806,house,house,245000,forsale,9700,installed,1961,tobedoneup,gas,319,3,176,true,true,40,true,,,,2,,10/18/22
10156593,house,house,1800000,forsale,1030,,1923,torenovate,fueloil,414,9,1050,,true,715,true,,,2,1,,10/18/22
10146116,housegroup,housegroup,325000-399000,forsale,2590,,,,,,,,,,,,,,,,1,10/18/22
10145147,house,countrycottage,325000,forsale,4052,notinstalled,1900,torenovate,fueloil,372,4,555,true,true,380,true,true,,1,,,10/18/22
10145907,house,apartmentblock,800000,forsale,1190,installed,1924,tobedoneup,fueloil,445,4,263,,true,140,true,true,,,,,10/18/22
10151664,house,house,195000,forsale,4870,installed,2014,torenovate,gas,199,4,401,true,,400,,,,1,1,,10/18/22
10154065,house,house,398000,forsale,1780,semiequipped,1963,torenovate,gas,458,6,515,,true,,true,,,,2,,10/18/22
10152352,house,house,550000,forsale,5640,semiequipped,1842,tobedoneup,fueloil,382,5,2310,,true,2310,,true,,2,,,10/18/22
10152812,house,villa,1490000,forsale,1160,hyperequipped,1969,asnew,gas,207,4,486,,true,200,true,true,,1,1,,10/18/22
10158470,apartmentgroup,apartmentgroup,447175-447175,forsale,1420,,,,,,,,,,,,,,1,,1,10/18/22
10158469,house,villa,295000,forsale,9340,,,torenovate,gas,260,3,0,true,,,,true,,1,3,,10/18/22
10158468,house,villa,255000,forsale,7601,,,good,,261,3,0,,,,,,,,,,10/18/22
10158466,house,house,425000,forsale,9041,installed,1959,good,gas,306,2,624,,true,,true,,,1,4,,10/18/22
10158464,apartment,duplex,320000,forsale,8300,installed,2008,good,,132,2,,,true,,true,,,,,,10/18/22
10158453,house,house,229000,forsale,9000,,,good,gas,397,0,35,,,,,,,,,,10/18/22
10158445,house,house,279000,forsale,9040,semiequipped,,tobedoneup,gas,363,2,189,,,,,,,,,,10/18/22
10158443,house,apartmentblock,1400000,forsale,31080,,,asnew,,,6,0,,,,true,,true,,,,10/18/22
10152241,house,house,1780000,forsale,1180,installed,1900,good,gas,373,7,450,,true,300,true,true,,3,,,10/18/22
10143254,house,house,425000,forsale,4950,semiequipped,1975,good,fueloil,482,3,991,true,true,,true,,,1,2,,10/18/22
10143136,house,apartmentblock,450000,forsale,9600,installed,1885,good,gas,217,6,460,true,,215,true,,,,,,10/18/22
10142887,house,house,750000,forsale,1150,installed,1936,torenovate,gas,424,4,360,true,true,,true,,,1,1,,10/18/22
10143366,house,exceptionalproperty,849000,forsale,4607,hyperequipped,1899,good,fueloil,245,6,16959,true,true,15324,true,true,,1,1,,10/18/22
10149679,house,house,324000,forsale,1755,installed,1973,good,gas,280,3,264,,true,150,true,,,2,1,,10/18/22
10149241,house,house,450000,forsale,1150,installed,1968,torenovate,gas,287,3,170,true,true,50,true,,,,,,10/18/22
10149158,house,house,495000,forsale,3070,usahyperequipped,1932,good,gas,321,5,187,true,true,70,true,true,,1,,,10/18/22
10149675,house,house,650000,forsale,1650,installed,1991,good,gas,304,4,1169,,,,true,true,,1,,,10/18/22
10149681,house,house,650000,forsale,1654,installed,1991,good,gas,304,4,1169,,,,true,true,,1,,,10/18/22
10148614,house,house,760000,forsale,1200,installed,1958,good,gas,290,5,178,true,true,75,true,true,,1,,,10/18/22
10155861,house,apartmentblock,230000,forsale,1400,notinstalled,1955,torenovate,gas,404,4,165,,true,,true,,,,,,10/18/22
10140837,house,house,129000,forsale,9600,notinstalled,1936,torenovate,gas,649,3,610,,,430,,,,,3,,10/18/22
10140833,house,house,300000,forsale,4350,installed,1996,good,fueloil,377,2,714,,,540,true,,,1,3,,10/18/22
10140459,housegroup,housegroup,415000-449000,forsale,1745,,,,,,,,,,,,,,,,1,10/18/22
10142058,house,villa,550000,forsale,1325,installed,1976,tobedoneup,fueloil,225,4,1886,,,1737,true,,,1,6,,10/18/22
10147189,house,house,475000,forsale,1150,hyperequipped,1931,justrenovated,gas,546,3,246,true,true,85,true,,,,2,,10/18/22
10148020,house,villa,765000,forsale,8790,hyperequipped,2000,good,gas,231,4,763,,true,,,,true,,2,,10/18/22
10153406,house,villa,265000,forsale,6940,notinstalled,1955,torenovate,,850,4,1180,true,true,1180,true,,,1,2,,10/18/22
10157634,house,otherproperty,435000,forsale,9500,semiequipped,1979,torenovate,fueloil,592,4,936,,,,,,,1,,,10/18/22
10138497,house,house,359000,forsale,9600,hyperequipped,1956,asnew,fueloil,178,4,1424,true,true,952,true,,,1,8,,10/18/22
10138446,housegroup,housegroup,395000-395000,forsale,9230,,,,,,,,,,,,,,,,1,10/18/22
10138311,house,apartmentblock,1000000,forsale,1050,hyperequipped,1920,good,gas,501,10,285,true,true,145,true,true,,,,,10/18/22
10138267,house,villa,1195000,forsale,1933,installed,1969,good,fueloil,452,7,1241,,,,true,,,2,5,,10/18/22
10146510,house,house,695000,forsale,1030,hyperequipped,1911,torenovate,fueloil,460,5,170,true,true,65,true,true,,,,,10/18/22
10156510,house,villa,435000,forsale,9500,semiequipped,1979,torenovate,fueloil,592,4,936,,,,,,,1,,,10/18/22
10154584,house,house,720000,forsale,1180,hyperequipped,1948,tobedoneup,gas,176,4,154,,true,40,true,,,,,,10/18/22
10154634,house,apartmentblock,2890000,forsale,1190,usahyperequipped,1927,justrenovated,gas,246,8,230,,true,,,,,1,1,,10/18/22
10138007,housegroup,housegroup,340980-340980,forsale,2430,,,,,,,,,,,,,,,,1,10/18/22
10135978,house,house,419500,forsale,1730,usahyperequipped,1994,asnew,gas,226,3,216,,,216,true,,,,1,,10/18/22
10158470,apartmentgroup,apartmentgroup,447175-447175,forsale,1420,,,,,,,,,,,,,,1,,1,10/18/22
10158469,house,villa,295000,forsale,9340,,,torenovate,gas,260,3,0,true,,,,true,,1,3,,10/18/22
10158468,house,villa,255000,forsale,7601,,,good,,261,3,0,,,,,,,,,,10/18/22
10158466,house,house,425000,forsale,9041,installed,1959,good,gas,306,2,624,,true,,true,,,1,4,,10/18/22
10158464,apartment,duplex,320000,forsale,8300,installed,2008,good,,132,2,,,true,,true,,,,,,10/18/22
10158453,house,house,229000,forsale,9000,,,good,gas,397,0,35,,,,,,,,,,10/18/22
10158445,house,house,279000,forsale,9040,semiequipped,,tobedoneup,gas,363,2,189,,,,,,,,,,10/18/22
10158443,house,apartmentblock,1400000,forsale,31080,,,asnew,,,6,0,,,,true,,true,,,,10/18/22
10135994,house,house,990000,forsale,1150,usasemiequipped,1967,good,fueloil,200,4,387,,,135,true,true,,2,4,,10/18/22
10145148,house,apartmentblock,700000,forsale,1030,usahyperequipped,1930,good,gas,317,8,100,true,,,true,,true,,,,10/18/22
10147050,house,villa,995000,forsale,1380,installed,1980,good,fueloil,212,6,5541,true,true,5341,true,true,true,,6,,10/18/22
10151618,house,mixedusebuilding,455000,forsale,1020,hyperequipped,1890,good,gas,549,4,187,true,true,119,true,true,,,,,10/18/22
10152970,house,house,460000,forsale,1640,semiequipped,1918,good,fueloil,437,3,1298,,true,1166,,,,,,,10/18/22
10135164,house,villa,1250000,forsale,1420,usahyperequipped,1975,asnew,fueloil,296,5,4677,true,true,4300,true,true,,2,2,,10/18/22
10142950,house,house,345000,forsale,1030,semiequipped,1933,tobedoneup,gas,450,4,75,true,true,,true,true,,,,,10/18/22
10068980,house,house,499000,forsale,1820,hyperequipped,1970,asnew,gas,346,3,1090,true,true,850,true,,,1,4,,10/18/22
10142944,house,house,600000,forsale,1040,installed,1931,good,fueloil,385,5,120,true,true,50,true,true,,,,,10/18/22
10144440,house,manorhouse,695000,forsale,8581,installed,1957,justrenovated,gas,229,5,1996,,true,,,,,,20,,10/18/22
10156436,house,house,215000,forsale,8790,semiequipped,1961,torenovate,fueloil,886,3,408,,true,,true,,,1,,,10/18/22
10156164,house,house,499000,forsale,2980,installed,1976,good,gas,350,3,1353,,,,,,,,,,10/18/22
10156515,house,house,529000,forsale,3941,installed,1988,good,fueloil,277,4,1866,,,,true,true,,3,2,,10/18/22
10156828,house,villa,629900,forsale,2390,installed,1968,good,gas,404,4,1349,,,1000,,,,,,,10/18/22
10154561,house,apartmentblock,1570000,forsale,1050,notinstalled,1881,good,gas,429,6,280,,,,,true,,,,,10/18/22
10141775,house,house,199500,forsale,4500,installed,1970,good,gas,344,4,365,,true,285,true,,,,,,10/18/22
10140834,house,house,240000,forsale,4350,installed,1996,good,fueloil,377,2,620,,,540,true,,,,3,,10/18/22
10142520,house,villa,1750000,forsale,1180,,1962,asnew,gas,412,4,1154,,true,,true,true,,1,,,10/18/22
10145324,house,mixedusebuilding,750000,forsale,4280,usahyperequipped,1900,asnew,,225,4,4541,true,,3500,true,true,,1,4,,10/18/22
10147055,house,apartmentblock,1409000,forsale,1070,semiequipped,1960,tobedoneup,gas,293,5,119,,,,,,,,,,10/18/22
10083513,house,house,329000,forsale,2830,installed,1940,justrenovated,,173,3,100,true,true,,true,true,,,,,10/18/22
10154111,house,house,586000,forsale,2960,installed,2006,good,gas,150,4,380,,,120,true,,,1,,,10/18/22
10153155,house,house,650000,forsale,4020,semiequipped,,asnew,gas,305,5,173,,,,,,,8,,,10/18/22
10151666,house,house,1050000,forsale,1040,installed,1907,good,,310,5,195,true,true,70,true,true,,1,,,10/18/22
10158239,house,house,525000,forsale,6600,,2006,good,fueloil,182,4,1150,,true,,,true,,,,,10/18/22
10132585,housegroup,housegroup,350528-412542,forsale,9800,,,,,,,,,,,,,,,,1,10/18/22
10132433,housegroup,housegroup,499000-585000,forsale,1930,,,,,150,,,,,,,,,32,32,1,10/18/22
10084879,house,house,325000,forsale,9890,hyperequipped,2021,asnew,gas,1,3,193,,,37,true,true,,,,1,10/18/22
10084878,house,house,325000,forsale,9890,hyperequipped,2021,asnew,gas,1,3,195,,,39,true,true,,,,1,10/18/22
10084880,house,house,339000,forsale,9890,hyperequipped,2021,asnew,gas,1,3,191,,,35,true,true,,,,1,10/18/22
10158470,apartmentgroup,apartmentgroup,447175-447175,forsale,1420,,,,,,,,,,,,,,1,,1,10/18/22
10158469,house,villa,295000,forsale,9340,,,torenovate,gas,260,3,0,true,,,,true,,1,3,,10/18/22
10158468,house,villa,255000,forsale,7601,,,good,,261,3,0,,,,,,,,,,10/18/22
10158466,house,house,425000,forsale,9041,installed,1959,good,gas,306,2,624,,true,,true,,,1,4,,10/18/22
10158464,apartment,duplex,320000,forsale,8300,installed,2008,good,,132,2,,,true,,true,,,,,,10/18/22
10158453,house,house,229000,forsale,9000,,,good,gas,397,0,35,,,,,,,,,,10/18/22
10158445,house,house,279000,forsale,9040,semiequipped,,tobedoneup,gas,363,2,189,,,,,,,,,,10/18/22
10158443,house,apartmentblock,1400000,forsale,31080,,,asnew,,,6,0,,,,true,,true,,,,10/18/22
10084877,house,house,345000,forsale,9890,hyperequipped,2021,asnew,gas,1,3,208,,,44,true,true,,,,1,10/18/22
9651402,house,house,403950,forsale,1790,usahyperequipped,2021,asnew,gas,25,3,321,,,,true,,,,1,1,10/18/22
10139841,house,house,649000,forsale,1160,notinstalled,1950,tobedoneup,gas,295,3,135,,true,36,true,,,1,1,,10/18/22
10144439,house,house,310000,forsale,8520,installed,1959,good,gas,420,3,518,,,,true,,,1,2,,10/18/22
10064809,house,countrycottage,750000,forsale,4280,usahyperequipped,1900,asnew,,225,4,4541,true,,3500,true,true,,1,4,,10/18/22
10149680,house,house,369000,forsale,1755,installed,1965,tobedoneup,fueloil,811,3,1407,,true,1075,,true,,2,1,,10/18/22
10149677,house,house,395000,forsale,1650,semiequipped,1966,torenovate,,912,3,312,,true,,true,,,2,1,,10/18/22
10156511,house,mixedusebuilding,249000,forsale,9690,installed,2015,good,,58,2,110,,,,true,,,1,,,10/18/22
10155565,house,house,360000,forsale,6600,,1918,justrenovated,gas,84,3,85,,true,,true,true,,,,,10/18/22
10154776,house,mixedusebuilding,495000,forsale,1933,hyperequipped,1900,good,gas,,2,270,true,,,true,,,,4,,10/18/22
10156449,house,mansion,1495000,forsale,9000,installed,2012,asnew,,172,2,220,,true,,true,,,2,,,10/18/22
10156447,house,mansion,1495000,forsale,9000,installed,2012,asnew,,172,2,220,,true,,true,,,2,,,10/18/22
10130207,house,house,120000,forsale,4420,installed,1900,good,pellet,1181,2,43,,,,true,,,,,,10/18/22
10130670,house,apartmentblock,255000,forsale,4841,usainstalled,1850,good,fueloil,403,5,432,true,true,339,,true,,,,,10/18/22
10130669,house,house,255000,forsale,4841,usainstalled,1850,good,fueloil,403,5,432,true,true,339,,true,,,,,10/18/22
10131302,housegroup,housegroup,449500-461250,forsale,2860,,,,,,,,,,,,,,,,1,10/18/22
10136405,house,house,229500,forsale,4470,installed,2003,good,gas,166,3,665,,,305,true,,,,,,10/18/22
10137914,house,house,595000,forsale,1731,installed,1971,asnew,gas,158,4,422,,,,true,true,,2,4,,10/18/22
10137617,house,otherproperty,645000,forsale,7910,installed,1979,good,fueloil,282,4,2901,,,,true,,,2,,,10/18/22
10137614,house,villa,645000,forsale,7910,installed,1979,good,fueloil,282,4,2901,,,,true,,,2,,,10/18/22
10154572,house,house,279000,forsale,6941,,2022,asnew,electric,244,3,300,true,,,true,,,,1,1,10/18/22
10140917,house,house,175000,forsale,1470,notinstalled,1875,tobedoneup,gas,282,2,260,true,true,,true,,,,,,10/18/22
10141767,house,house,200000,forsale,6720,notinstalled,1850,torenovate,,702,4,568,true,,348,true,,,2,4,,10/18/22
10145344,house,house,109000,forsale,9600,semiequipped,1915,torenovate,gas,,2,100,true,,35,,,,,,,10/18/22
10146157,house,house,235000,forsale,3320,hyperequipped,1969,asnew,gas,234,2,71,,true,14,,,,1,,,10/18/22
10146156,house,house,235000,forsale,3320,hyperequipped,1969,asnew,gas,217,2,65,,true,14,,,,1,,,10/18/22
10146060,house,house,310000,forsale,1450,semiequipped,1930,torenovate,fueloil,430,3,752,,,450,true,,,,,,10/18/22
10145815,house,mixedusebuilding,1400000,forsale,1080,,1940,tobedoneup,gas,255,9,503,,true,,,,,,,,10/18/22
10147945,house,house,150000,forsale,4500,semiequipped,1918,torenovate,,564,4,911,,true,,true,,,1,,,10/18/22
10147386,house,house,349000,forsale,2960,semiequipped,2001,torenovate,wood,901,2,1555,,true,1492,,,,,,,10/18/22
10158470,apartmentgroup,apartmentgroup,447175-447175,forsale,1420,,,,,,,,,,,,,,1,,1,10/18/22
10158469,house,villa,295000,forsale,9340,,,torenovate,gas,260,3,0,true,,,,true,,1,3,,10/18/22
10158468,house,villa,255000,forsale,7601,,,good,,261,3,0,,,,,,,,,,10/18/22
10158466,house,house,425000,forsale,9041,installed,1959,good,gas,306,2,624,,true,,true,,,1,4,,10/18/22
10158464,apartment,duplex,320000,forsale,8300,installed,2008,good,,132,2,,,true,,true,,,,,,10/18/22
10158453,house,house,229000,forsale,9000,,,good,gas,397,0,35,,,,,,,,,,10/18/22
10158445,house,house,279000,forsale,9040,semiequipped,,tobedoneup,gas,363,2,189,,,,,,,,,,10/18/22
10158443,house,apartmentblock,1400000,forsale,31080,,,asnew,,,6,0,,,,true,,true,,,,10/18/22
10147277,house,villa,395000,forsale,8792,installed,1964,tobedoneup,fueloil,407,4,1032,,true,,,,,1,,,10/18/22
10147514,house,villa,1050000,forsale,2960,installed,1979,tobedoneup,gas,239,6,1841,,true,1460,true,true,,3,2,,10/18/22
10151506,house,house,459000,forsale,1831,installed,1960,asnew,fueloil,481,4,485,,true,,,,,,,,10/18/22
9846450,house,house,99000,forsale,4051,notinstalled,1918,tobedoneup,fueloil,705,1,236,,true,160,true,true,,2,1,,10/18/22
9985953,house,house,99000,forsale,4100,notinstalled,1918,good,gas,315,2,25,true,,,,true,,,,,10/18/22
10115903,house,house,120000,forsale,4480,notinstalled,1899,torestore,carbon,569,3,156,true,true,35,,,,1,,,10/18/22
10078036,house,house,129000,forsale,4500,notinstalled,1850,good,gas,343,2,59,,true,,,,,,,,10/18/22
10078035,house,mixedusebuilding,129000,forsale,4500,notinstalled,1850,good,gas,343,2,59,,true,,,,,,,,10/18/22
10070002,house,house,139500,forsale,4520,notinstalled,1918,tobedoneup,gas,781,4,345,,true,275,true,,,,,,10/18/22
9977119,house,house,149000,forsale,4040,notinstalled,1919,torenovate,gas,765,4,222,true,true,147,true,true,,1,,,10/18/22
10075923,house,house,149000,forsale,4420,semiequipped,1874,good,gas,433,2,107,true,true,37,,,,,,,10/18/22
9601088,house,farmhouse,149000,forsale,4560,notinstalled,1880,torenovate,fueloil,471,5,581,true,true,,true,,,,2,,10/18/22
10019077,house,house,149000,forsale,4800,notinstalled,1850,torenovate,gas,433,3,476,true,true,224,true,true,,,1,,10/18/22
10087889,house,house,149000,forsale,6800,notinstalled,1998,torenovate,fueloil,470,1,158,true,,60,true,,,2,1,,10/18/22
10099203,house,house,159000,forsale,9600,semiequipped,1930,tobedoneup,gas,346,2,300,,,230,,,,,,,10/18/22
10078050,house,house,165000,forsale,4101,semiequipped,1938,tobedoneup,gas,487,2,235,,true,120,true,,,,,,10/18/22
10036307,house,house,169000,forsale,4020,notinstalled,1958,good,gas,504,3,168,,true,66,true,true,,,1,,10/18/22
9846452,house,house,169000,forsale,4100,semiequipped,1918,good,fueloil,508,3,122,,,,true,true,,,,,10/18/22
10121408,house,house,175000,forsale,6870,notinstalled,1940,asnew,fueloil,234,2,721,true,true,,true,,,,,,10/18/22
10033859,house,mixedusebuilding,185000,forsale,6980,installed,1953,tobedoneup,fueloil,464,4,100,true,true,,,true,,,,,10/18/22
10004225,house,house,185000,forsale,9600,hyperequipped,1900,good,gas,247,2,140,true,,56,true,,,,,,10/18/22
9819963,house,house,189000,forsale,4100,installed,1918,good,gas,234,4,420,true,,335,true,true,,,,,10/18/22
10028451,house,house,189000,forsale,4420,semiequipped,1954,tobedoneup,fueloil,546,5,324,,true,280,true,true,,1,,,10/18/22
10069057,house,house,194000,forsale,4000,installed,1948,good,gas,358,3,90,true,true,30,true,true,,,,,10/18/22
10015159,house,house,199000,forsale,3770,notinstalled,1953,justrenovated,fueloil,423,2,277,true,true,190,true,true,,,1,,10/18/22
9737379,house,mixedusebuilding,199000,forsale,4020,usasemiequipped,1918,good,fueloil,333,2,305,,true,100,true,,,,1,,10/18/22
9768237,house,house,199000,forsale,4682,semiequipped,1963,good,fueloil,460,3,652,,,536,true,true,,1,1,,10/18/22
10098942,house,mixedusebuilding,210000,forsale,4101,notinstalled,1874,torenovate,gas,168,3,1020,,true,64,true,,,,,,10/18/22
10067823,house,house,215000,forsale,6990,installed,1850,good,fueloil,688,5,899,true,,705,true,,,1,3,,10/18/22
10158470,apartmentgroup,apartmentgroup,447175-447175,forsale,1420,,,,,,,,,,,,,,1,,1,10/18/22
10158469,house,villa,295000,forsale,9340,,,torenovate,gas,260,3,0,true,,,,true,,1,3,,10/18/22
10158468,house,villa,255000,forsale,7601,,,good,,261,3,0,,,,,,,,,,10/18/22
10158466,house,house,425000,forsale,9041,installed,1959,good,gas,306,2,624,,true,,true,,,1,4,,10/18/22
10158464,apartment,duplex,320000,forsale,8300,installed,2008,good,,132,2,,,true,,true,,,,,,10/18/22
10158453,house,house,229000,forsale,9000,,,good,gas,397,0,35,,,,,,,,,,10/18/22
10158445,house,house,279000,forsale,9040,semiequipped,,tobedoneup,gas,363,2,189,,,,,,,,,,10/18/22
10158443,house,apartmentblock,1400000,forsale,31080,,,asnew,,,6,0,,,,true,,true,,,,10/18/22
8018096,housegroup,housegroup,216803.98-227363.98,forsale,7900,,,,,,,,,,,,,,,,1,10/18/22
10101773,house,house,220000,forsale,4040,usahyperequipped,1951,justrenovated,fueloil,338,2,143,,true,,true,true,,,1,,10/18/22
10008305,house,house,225000,forsale,9600,installed,1948,asnew,gas,141,4,190,true,,85,true,,,,,,10/18/22
10126151,house,house,225000,forsale,9620,semiequipped,1915,tobedoneup,gas,588,4,100,true,,,true,,,1,,,10/18/22
9941464,house,house,229000,forsale,4020,semiequipped,1919,tobedoneup,gas,504,4,417,true,true,251,true,true,,1,,,10/18/22
9813825,house,house,229000,forsale,4030,semiequipped,1939,good,gas,286,4,242,true,true,164,true,true,,,,,10/18/22
9362082,house,house,239000,forsale,3300,installed,1932,justrenovated,gas,232,3,195,,true,130,true,,,,,,10/18/22
10071796,house,house,239000,forsale,4400,installed,1952,good,pellet,738,3,309,,true,195,true,,,1,,,10/18/22
9869852,house,house,245000,forsale,5330,semiequipped,1975,good,electric,531,3,1373,true,,12,true,,,1,3,,10/18/22
10081752,house,townhouse,245000,forsale,9600,semiequipped,1958,tobedoneup,gas,296,3,169,true,true,104,,true,,1,,,10/18/22
9613290,house,house,249000,forsale,4000,notinstalled,1831,tobedoneup,fueloil,290,6,910,true,true,653,true,true,,,,,10/18/22
9943915,house,house,249000,forsale,4020,notinstalled,1930,tobedoneup,gas,305,4,155,,true,,true,true,,,,,10/18/22
10086107,house,townhouse,249000,forsale,4040,installed,1970,good,fueloil,265,3,320,,true,156,true,true,,2,1,,10/18/22
10117547,house,house,249000,forsale,4420,installed,1979,good,gas,441,4,404,true,true,765,true,true,,1,,,10/18/22
10101243,house,house,249000,forsale,4420,installed,1920,tobedoneup,gas,594,5,140,,true,30,,,,,,,10/18/22
9995587,house,house,249500,forsale,9600,hyperequipped,1900,good,fueloil,376,4,280,,,150,true,,,,,,10/18/22
10092062,house,house,250000,forsale,5030,notinstalled,1874,torenovate,wood,544,3,940,,,760,,,,,3,,10/18/22
9441206,housegroup,housegroup,250000-250000,forsale,8650,,,,,,,,,,,,,,,,1,10/18/22
10080195,house,house,255000,forsale,4630,installed,1918,good,fueloil,436,3,300,true,true,220,true,,,1,2,,10/18/22
9769883,house,apartmentblock,259000,forsale,4040,semiequipped,1938,good,gas,163,7,140,,true,,true,,,,,,10/18/22
9976911,house,house,260000,forsale,1421,semiequipped,1930,good,fueloil,420,3,695,,true,550,true,true,,1,1,,10/18/22
10081543,house,house,260000,forsale,9280,installed,1955,good,fueloil,538,3,238,true,,100,true,,,,1,,10/18/22
9899652,house,house,265000,forsale,9600,installed,1925,justrenovated,gas,192,3,675,true,,450,true,,,,,,10/18/22
10092051,house,house,269000,forsale,9000,notinstalled,1918,torestore,gas,675,5,150,,true,48,,,,,,,10/18/22
9745389,house,house,270000,forsale,6040,hyperequipped,1975,asnew,fueloil,289,3,1000,,,50,true,true,,2,7,,10/18/22
9214164,housegroup,housegroup,277500-337500,forsale,2440,,,,,,,,,,,,,,,,1,10/18/22
9717425,house,apartmentblock,279000,forsale,4000,installed,1930,good,gas,378,5,283,,true,117,,true,,,,,10/18/22
10119830,house,mansion,279000,forsale,9600,installed,1945,justrenovated,gas,208,5,156,true,true,,true,true,,,,,10/18/22
9969865,housegroup,housegroup,283900-529000,forsale,1540,,,,,,,,,,,,,,,,1,10/18/22
10120244,housegroup,housegroup,289000-289000,forsale,5570,,,,,,,,,,,,,,,,1,10/18/22
10158470,apartmentgroup,apartmentgroup,447175-447175,forsale,1420,,,,,,,,,,,,,,1,,1,10/18/22
10158469,house,villa,295000,forsale,9340,,,torenovate,gas,260,3,0,true,,,,true,,1,3,,10/18/22
10158468,house,villa,255000,forsale,7601,,,good,,261,3,0,,,,,,,,,,10/18/22
10158466,house,house,425000,forsale,9041,installed,1959,good,gas,306,2,624,,true,,true,,,1,4,,10/18/22
10158464,apartment,duplex,320000,forsale,8300,installed,2008,good,,132,2,,,true,,true,,,,,,10/18/22
10158453,house,house,229000,forsale,9000,,,good,gas,397,0,35,,,,,,,,,,10/18/22
10158445,house,house,279000,forsale,9040,semiequipped,,tobedoneup,gas,363,2,189,,,,,,,,,,10/18/22
10158443,house,apartmentblock,1400000,forsale,31080,,,asnew,,,6,0,,,,true,,true,,,,10/18/22
10015238,housegroup,housegroup,289000-309000,forsale,6840,,,,,,,,,,,,,,,,1,10/18/22
10116667,housegroup,housegroup,295000-327000,forsale,2450,,,,,,,,,,,,,,,,1,10/18/22
9920179,house,mixedusebuilding,295000,forsale,2830,semiequipped,1955,torenovate,gas,788,4,350,,,,,,,,,,10/18/22
10088318,house,house,295000,forsale,7000,installed,1960,good,gas,416,5,3600,true,true,2940,true,,,1,5,,10/18/22
9809429,house,apartmentblock,299000,forsale,4020,installed,1850,good,gas,256,6,83,,,,,,,,,,10/18/22
10054478,house,house,299000,forsale,4960,semiequipped,1957,tobedoneup,fueloil,713,8,2319,true,true,1873,true,,,1,6,,10/18/22
10106638,house,house,300000,forsale,1030,hyperequipped,1927,good,gas,595,3,82,,true,,true,true,,,,,10/18/22
9817246,house,house,300000,forsale,1471,usahyperequipped,1918,good,gas,341,2,613,,true,400,true,true,,1,7,,10/18/22
10080379,house,house,300000,forsale,4300,installed,1962,good,gas,371,3,940,true,true,780,,true,,1,1,,10/18/22
10018762,house,house,300000,forsale,4300,installed,1962,good,gas,371,3,940,true,true,780,,true,,1,1,,10/18/22
9969349,house,mixedusebuilding,305000,forsale,9600,installed,1900,torenovate,gas,651,5,1195,true,true,555,true,true,,2,6,,10/18/22
10096555,house,mixedusebuilding,310000,forsale,4500,notinstalled,1850,good,gas,492,4,119,true,,,,,,,,,10/18/22
10129594,housegroup,housegroup,310500-354500,forsale,9600,,,,,,,,,,,,,,,,1,10/18/22
10111336,housegroup,housegroup,315400-335400,forsale,3910,,,,,,,,,,,,,,,,1,10/18/22
10115913,housegroup,housegroup,317203-484545.5,forsale,9160,,,,,,,,,,,,,,,,1,10/18/22
10035090,house,house,319000,forsale,4480,installed,1986,good,gas,291,3,750,,true,,true,true,,,2,,10/18/22
10109987,house,house,319000,forsale,6800,notinstalled,1963,good,fueloil,403,5,1152,true,true,1000,true,,,1,1,,10/18/22
10068979,house,house,320000,forsale,1700,semiequipped,1950,good,gas,178,3,95,true,true,30,,,,,,,10/18/22
10070683,housegroup,housegroup,321000-352000,forsale,8660,,,,,,,,,,,,,,,,1,10/18/22
9363148,housegroup,housegroup,324000-349500,forsale,4920,,,,,,,,,,,,,,,,1,10/18/22
10121699,house,villa,325000,forsale,7060,installed,1984,tobedoneup,fueloil,300,4,1578,,true,,true,,,2,4,,10/18/22
10087732,housegroup,housegroup,325000-380000,forsale,9890,,,,,,,,,,,,,,,,1,10/18/22
9778538,housegroup,housegroup,329117.83-331117.83,forsale,8750,,,,,,,,,,,,,,,,1,10/18/22
9466117,housegroup,housegroup,329400-333400,forsale,8791,,,,,,,,,,,,,,,,1,10/18/22
10096518,house,house,335000,forsale,1800,semiequipped,1958,torenovate,fueloil,427,3,192,true,true,100,,,,,,,10/18/22
10033828,housegroup,housegroup,335000-335000,forsale,2230,,,,,,,,,,,,,,,,1,10/18/22
9911454,housegroup,housegroup,340000-370000,forsale,2850,,,,,,,,,,,,,,,,1,10/18/22
9899874,housegroup,housegroup,340000-380000,forsale,8820,,,,,30,,,,,,,,,,,1,10/18/22
10067876,housegroup,housegroup,342500-342500,forsale,2250,,,,,,,,,,,,,,,,1,10/18/22
9774377,house,house,345000,forsale,1390,semiequipped,1974,tobedoneup,fueloil,388,3,871,true,true,700,true,,,1,1,,10/18/22
10158470,apartmentgroup,apartmentgroup,447175-447175,forsale,1420,,,,,,,,,,,,,,1,,1,10/18/22
10158469,house,villa,295000,forsale,9340,,,torenovate,gas,260,3,0,true,,,,true,,1,3,,10/18/22
10158468,house,villa,255000,forsale,7601,,,good,,261,3,0,,,,,,,,,,10/18/22
10158466,house,house,425000,forsale,9041,installed,1959,good,gas,306,2,624,,true,,true,,,1,4,,10/18/22
10158464,apartment,duplex,320000,forsale,8300,installed,2008,good,,132,2,,,true,,true,,,,,,10/18/22
10158453,house,house,229000,forsale,9000,,,good,gas,397,0,35,,,,,,,,,,10/18/22
10158445,house,house,279000,forsale,9040,semiequipped,,tobedoneup,gas,363,2,189,,,,,,,,,,10/18/22
10158443,house,apartmentblock,1400000,forsale,31080,,,asnew,,,6,0,,,,true,,true,,,,10/18/22
9991005,house,house,349000,forsale,1070,usahyperequipped,1900,good,gas,298,3,50,true,true,,true,true,,,,,10/18/22
9359469,housegroup,housegroup,349000-449000,forsale,1360,,,,,,,,,,,,,,,,1,10/18/22
10004706,housegroup,housegroup,349500-399000,forsale,9660,,,,,,,,,,,,,,,,1,10/18/22
10096540,house,house,350000,forsale,1140,semiequipped,1930,torenovate,gas,510,2,94,true,true,26,true,true,,,,,10/18/22
9552264,housegroup,housegroup,350239-350239,forsale,2430,,,,,,,,,,,,,,,,1,10/18/22
8878684,housegroup,housegroup,351700-384000,forsale,2050,,,,,,,,,,,,,,,,1,10/18/22
9996848,housegroup,housegroup,356500-361500,forsale,2381,,,,,,,,,,,,,,,,1,10/18/22
10127053,housegroup,housegroup,359000-359000,forsale,2270,,,,,,,,,,,,,,,,1,10/18/22
9978456,house,house,359000,forsale,4480,installed,1986,good,gas,291,3,1231,,true,420,true,true,,2,,,10/18/22
10121703,housegroup,housegroup,359000-377000,forsale,7060,,,,,90,,,,,,,,,,,1,10/18/22
10099123,house,house,359000,forsale,9000,usainstalled,1946,good,gas,393,4,70,true,true,,true,,,,,,10/18/22
9817868,housegroup,housegroup,359000-399000,forsale,9220,,,,,,,,,,,,,,,,1,10/18/22
10120498,housegroup,housegroup,364500-369500,forsale,3271,,,,,,,,,,,,,,,,1,10/18/22
9862733,housegroup,housegroup,365000-365000,forsale,3271,,,,,,,,,,,,,,,,1,10/18/22
9623528,house,house,375000,forsale,1620,installed,1920,tobedoneup,gas,370,4,160,true,true,50,true,,,,,,10/18/22
10099202,house,house,375000,forsale,9700,installed,1969,justrenovated,gas,198,3,744,true,true,425,true,,,1,3,,10/18/22
9855121,housegroup,housegroup,379000-414150,forsale,1790,,,,,25,,,,,,,,,,,1,10/18/22
10107467,house,house,380000,forsale,9140,installed,1958,torenovate,gas,773,4,902,,true,800,true,,,1,3,,10/18/22
10094291,house,countrycottage,389000,forsale,9550,installed,1892,good,gas,413,2,892,,true,750,,,,,,,10/18/22
9818152,house,house,390000,forsale,4671,installed,1973,good,fueloil,269,3,1130,,true,550,true,,,2,4,,10/18/22
10087294,house,house,399000,forsale,1300,installed,1940,torenovate,fueloil,584,4,3882,,true,,true,,,1,4,,10/18/22
10115010,house,house,399000,forsale,1800,usainstalled,1837,good,gas,385,3,280,true,true,224,true,,,,3,,10/18/22
10045199,house,house,399000,forsale,4590,semiequipped,1958,good,fueloil,308,4,1653,true,true,1350,true,true,,1,4,,10/18/22
9836043,housegroup,housegroup,405000-405000,forsale,9870,,,,,,,,,,,,,,,,1,10/18/22
9842651,housegroup,housegroup,410000-410000,forsale,9660,,,,,,,,,,,,,,,,1,10/18/22
10070218,house,villa,415000,forsale,1420,notinstalled,1875,tobedoneup,fueloil,472,3,1000,,true,899,true,,,,5,,10/18/22
10027384,house,villa,419000,forsale,1980,semiequipped,1958,good,gas,442,3,560,true,true,461,true,true,,1,3,,10/18/22
10036288,house,villa,425000,forsale,1400,hyperequipped,1986,good,fueloil,192,3,630,true,,517,true,,,2,3,,10/18/22
10118004,housegroup,housegroup,425000-475000,forsale,3390,,,,,,,,,,,,,,,,1,10/18/22
9765508,house,townhouse,430000,forsale,1120,installed,1963,tobedoneup,gas,309,3,194,true,,100,true,true,,1,1,,10/18/22
10158470,apartmentgroup,apartmentgroup,447175-447175,forsale,1420,,,,,,,,,,,,,,1,,1,10/18/22
10158469,house,villa,295000,forsale,9340,,,torenovate,gas,260,3,0,true,,,,true,,1,3,,10/18/22
10158468,house,villa,255000,forsale,7601,,,good,,261,3,0,,,,,,,,,,10/18/22
10158466,house,house,425000,forsale,9041,installed,1959,good,gas,306,2,624,,true,,true,,,1,4,,10/18/22
10158464,apartment,duplex,320000,forsale,8300,installed,2008,good,,132,2,,,true,,true,,,,,,10/18/22
10158453,house,house,229000,forsale,9000,,,good,gas,397,0,35,,,,,,,,,,10/18/22
10158445,house,house,279000,forsale,9040,semiequipped,,tobedoneup,gas,363,2,189,,,,,,,,,,10/18/22
10158443,house,apartmentblock,1400000,forsale,31080,,,asnew,,,6,0,,,,true,,true,,,,10/18/22
10086164,house,villa,445000,forsale,1400,installed,1992,good,fueloil,272,3,1163,,,1030,true,true,,2,6,,10/18/22
9859951,housegroup,housegroup,445000-490000,forsale,9100,,,,,,,,,,,,,,,,1,10/18/22
9497970,house,house,449000,forsale,1080,usahyperequipped,1930,asnew,gas,229,4,68,,true,,true,true,,,,,10/18/22
9933807,house,exceptionalproperty,449000,forsale,4100,installed,2003,good,gas,163,5,1177,,true,600,true,true,,1,3,,10/18/22
10010856,house,house,450000,forsale,1500,hyperequipped,2018,asnew,gas,66,5,230,true,,70,true,,,1,2,,10/18/22
10071526,housegroup,housegroup,463000-605000,forsale,9000,,,,,,,,,,,,,,,,1,10/18/22
9893520,house,house,465000,forsale,1000,hyperequipped,1935,asnew,gas,273,4,110,,true,,true,true,,,,,10/18/22
9888818,house,house,465000,forsale,1020,hyperequipped,1935,asnew,gas,273,4,110,,true,,true,true,,,,,10/18/22
10056454,house,house,475000,forsale,1970,semiequipped,1974,good,gas,383,3,601,true,true,550,true,,,1,3,,10/18/22
10091462,housegroup,housegroup,490000-499000,forsale,2250,,,,,,,,,,,,,,,,1,10/18/22
10120320,house,house,495000,forsale,1082,installed,1991,asnew,gas,181,4,137,true,,100,true,true,,2,1,,10/18/22
10116962,house,house,499000,forsale,1080,installed,1957,justrenovated,gas,259,4,115,,true,55,true,,,,,,10/18/22
10127823,house,villa,499000,forsale,1330,installed,1935,good,gas,282,6,412,true,true,360,true,,,,2,,10/18/22
9136071,housegroup,housegroup,509500-524500,forsale,9000,,,,,,,,,,,,,,,,1,10/18/22
9414230,housegroup,housegroup,519900-565582,forsale,7181,,,,,105,,,,,,,,,,,1,10/18/22
10127969,housegroup,housegroup,524000-539000,forsale,1820,,,,,,,,,,,,,,,2,1,10/18/22
9897905,house,house,525000,forsale,1020,installed,1938,good,gas,204,4,178,true,true,70,true,true,,1,1,,10/18/22
9926830,house,villa,535000,forsale,1470,usahyperequipped,1979,asnew,fueloil,337,2,1900,,,1300,true,true,,2,4,,10/18/22
9404713,house,house,539000,forsale,1020,installed,1935,torenovate,gas,316,6,386,true,true,346,true,,,1,1,,10/18/22
10122283,house,house,550000,forsale,6941,usahyperequipped,1918,asnew,fueloil,355,5,1110,true,true,1110,true,true,,2,6,,10/18/22
10059536,house,townhouse,565000,forsale,1082,usainstalled,1973,good,fueloil,192,5,358,,,120,true,true,,1,2,,10/18/22
9983636,house,mixedusebuilding,569000,forsale,3150,hyperequipped,1920,tobedoneup,gas,370,5,280,true,true,80,true,,,,2,,10/18/22
10093752,house,villa,569000,forsale,8020,installed,1997,good,fueloil,288,4,1320,,,730,,,,2,3,,10/18/22
9953126,housegroup,housegroup,573850-608660,forsale,2811,,,,,,,,,,,,,,,,1,10/18/22
9889383,house,villa,575000,forsale,1390,usahyperequipped,1988,good,fueloil,167,4,1369,true,true,1244,true,true,,2,6,,10/18/22
10085820,house,house,580000,forsale,1200,semiequipped,1910,tobedoneup,gas,453,4,163,,,75,,,,,,,10/18/22
10117342,house,villa,589000,forsale,9041,installed,2003,good,gas,265,4,703,,,420,true,,,1,3,,10/18/22
9406677,housegroup,housegroup,595000-645000,forsale,1780,,,,,,,,,,,,,,,,1,10/18/22
9836317,house,apartmentblock,595000,forsale,4141,semiequipped,1950,asnew,fueloil,311,10,956,true,true,160,true,,,,6,,10/18/22
9912361,house,house,599000,forsale,1050,semiequipped,1920,torenovate,gas,246,4,131,true,true,,true,,,1,,,10/18/22
10158470,apartmentgroup,apartmentgroup,447175-447175,forsale,1420,,,,,,,,,,,,,,1,,1,10/18/22
10158469,house,villa,295000,forsale,9340,,,torenovate,gas,260,3,0,true,,,,true,,1,3,,10/18/22
10158468,house,villa,255000,forsale,7601,,,good,,261,3,0,,,,,,,,,,10/18/22
10158466,house,house,425000,forsale,9041,installed,1959,good,gas,306,2,624,,true,,true,,,1,4,,10/18/22
10158464,apartment,duplex,320000,forsale,8300,installed,2008,good,,132,2,,,true,,true,,,,,,10/18/22
10158453,house,house,229000,forsale,9000,,,good,gas,397,0,35,,,,,,,,,,10/18/22
10158445,house,house,279000,forsale,9040,semiequipped,,tobedoneup,gas,363,2,189,,,,,,,,,,10/18/22
10158443,house,apartmentblock,1400000,forsale,31080,,,asnew,,,6,0,,,,true,,true,,,,10/18/22
9467840,housegroup,housegroup,624222-667411,forsale,3000,,,,,,,,,,,,,,,,1,10/18/22
10107752,house,house,650000,forsale,1150,installed,1928,tobedoneup,gas,491,5,220,,true,110,true,,,,,,10/18/22
9843419,house,house,675000,forsale,1200,hyperequipped,1930,good,gas,424,4,350,true,true,210,true,,,1,1,,10/18/22
9953280,house,house,695000,forsale,1150,semiequipped,1932,good,gas,434,5,360,,true,215,true,true,,1,1,,10/18/22
9504004,house,house,695000,forsale,1780,hyperequipped,1974,asnew,gas,340,5,661,true,,510,true,,,1,3,,10/18/22
9391667,house,house,699000,forsale,1070,hyperequipped,1900,torenovate,gas,296,6,185,true,,80,true,,,,,,10/18/22
10058734,house,villa,699500,forsale,2550,installed,1984,asnew,gas,240,3,799,true,true,656,true,,,1,1,,10/18/22
10034122,housegroup,housegroup,710000-710000,forsale,1180,,,,,96,,,,,,,,,6,,1,10/18/22
8312456,housegroup,housegroup,710000-710000,forsale,1180,,,,,,,,,,,,,,36,,1,10/18/22
9468323,housegroup,housegroup,717426-745831,forsale,3000,,,,,,,,,,,,,,,,1,10/18/22
10114640,house,house,720000,forsale,1200,notinstalled,1913,torenovate,fueloil,321,5,176,true,true,45,true,,,,,,10/18/22
9923067,house,house,725000,forsale,1200,installed,1956,good,gas,233,4,260,true,true,125,true,true,,,,,10/18/22
10115335,house,house,729000,forsale,1150,hyperequipped,1955,asnew,gas,356,4,240,true,true,80,true,,,1,2,,10/18/22
10085784,house,villa,735000,forsale,1640,hyperequipped,1974,good,gas,339,4,951,true,true,700,true,,true,2,2,,10/18/22
10085785,house,villa,735000,forsale,1650,hyperequipped,1974,good,gas,339,4,951,true,true,700,true,,true,2,2,,10/18/22
10007935,house,apartmentblock,750000,forsale,1000,semiequipped,1982,torenovate,gas,280,11,164,,,,true,,,,,,10/18/22
10127813,house,house,750000,forsale,1390,installed,1968,justrenovated,fueloil,161,4,815,,true,720,true,true,,1,7,,10/18/22
10118060,housegroup,housegroup,755000-755000,forsale,1410,,,,,86,,,,,,,,,1,,1,10/18/22
10098917,housegroup,housegroup,755000-755000,forsale,1410,,,,,93,,,,,,,,,8,8,1,10/18/22
10075948,house,house,780000,forsale,1040,hyperequipped,1912,tobedoneup,gas,209,6,95,true,,10,true,,,,,,10/18/22
10047358,house,house,795000,forsale,1000,usainstalled,1930,good,gas,113,5,102,,true,25,true,,,,,,10/18/22
10067960,housegroup,housegroup,795000-975000,forsale,8300,,,,,,,,,,,,,,1,2,1,10/18/22
9908751,house,mansion,845000,forsale,1083,usahyperequipped,1920,asnew,gas,263,5,175,true,true,60,true,true,,,,,10/18/22
9833849,house,apartmentblock,850000,forsale,1050,installed,1920,good,gas,191,5,120,,true,,true,true,,,,,10/18/22
10101285,house,house,850000,forsale,1200,installed,1961,asnew,gas,243,4,240,,true,120,true,true,,1,1,,10/18/22
9931261,house,house,875000,forsale,1200,usasemiequipped,1958,good,gas,206,4,208,true,true,98,true,true,,,1,,10/18/22
10083477,house,house,975000,forsale,8300,hyperequipped,2004,good,gas,147,5,164,,,,true,,,1,1,,10/18/22
10109421,house,house,995000,forsale,1200,installed,1961,torenovate,gas,316,4,680,true,,,true,,,1,1,,10/18/22
9894014,house,apartmentblock,999000,forsale,4820,notinstalled,1899,good,gas,201,23,967,,true,,true,true,,10,1,,10/18/22
10088204,house,house,1050000,forsale,1050,installed,1900,torenovate,gas,674,4,271,true,true,150,true,,,,,,10/18/22
10158470,apartmentgroup,apartmentgroup,447175-447175,forsale,1420,,,,,,,,,,,,,,1,,1,10/18/22
10158469,house,villa,295000,forsale,9340,,,torenovate,gas,260,3,0,true,,,,true,,1,3,,10/18/22
10158468,house,villa,255000,forsale,7601,,,good,,261,3,0,,,,,,,,,,10/18/22
10158466,house,house,425000,forsale,9041,installed,1959,good,gas,306,2,624,,true,,true,,,1,4,,10/18/22
10158464,apartment,duplex,320000,forsale,8300,installed,2008,good,,132,2,,,true,,true,,,,,,10/18/22
10158453,house,house,229000,forsale,9000,,,good,gas,397,0,35,,,,,,,,,,10/18/22
10158445,house,house,279000,forsale,9040,semiequipped,,tobedoneup,gas,363,2,189,,,,,,,,,,10/18/22
10158443,house,apartmentblock,1400000,forsale,31080,,,asnew,,,6,0,,,,true,,true,,,,10/18/22
10117568,house,house,1085000,forsale,1180,installed,1878,tobedoneup,gas,415,5,410,true,true,150,true,true,,,,,10/18/22
10031438,house,apartmentblock,1095000,forsale,1180,usainstalled,1910,asnew,gas,188,5,114,true,true,40,true,true,,,,,10/18/22
9851514,house,apartmentblock,1100000,forsale,1050,semiequipped,1899,good,gas,168,7,124,,true,50,true,,,,,,10/18/22
10108773,house,mixedusebuilding,1100000,forsale,1180,usahyperequipped,1930,asnew,gas,220,3,220,,true,,,,,,,,10/18/22
9659836,house,house,1250000,forsale,6900,installed,2010,asnew,electric,317,17,1500,,,,true,,,,16,,10/18/22
10112268,housegroup,housegroup,1365000-1365000,forsale,1970,,,,,45,,,,,,,,,1,1,1,10/18/22
10126511,house,house,1375000,forsale,3080,hyperequipped,1972,good,fueloil,204,6,1557,true,true,1300,true,true,,2,4,,10/18/22
10049371,house,mixedusebuilding,1445000,forsale,1050,hyperequipped,1888,good,fueloil,422,4,190,true,true,,true,,,2,,,10/18/22
9948962,house,castle,1960000,forsale,4910,installed,1898,good,fueloil,440,25,14065,true,true,12330,true,true,,1,1,,10/18/22
10123715,house,apartmentblock,2498000,forsale,1000,usasemiequipped,1900,asnew,gas,178,7,314,,true,145,true,,,,,,10/18/22
9797648,house,villa,2750000,forsale,1640,hyperequipped,1962,asnew,fueloil,255,5,4539,true,true,,true,true,,2,6,,10/18/22
9941053,housegroup,housegroup,2915000-3140000,forsale,1933,,,,,46,,,,,,,,,,,1,10/18/22
10110568,house,villa,3250000,forsale,2930,hyperequipped,1936,good,gas,300,5,10431,,true,8500,true,true,true,5,10,,10/18/22
10157466,house,house,135000,forsale,4870,notinstalled,,torenovate,gas,606,3,112,,true,,true,true,,,,,10/18/22
10157463,house,house,230000,forsale,4032,installed,,asnew,gas,633,2,452,,true,70,,,,1,1,,10/18/22
10157346,house,house,235000,forsale,1800,notinstalled,1931,torenovate,electric,502,2,68,true,true,,,,,,,,10/18/22
10135984,house,house,380000,forsale,1970,installed,1960,torenovate,,432,3,170,true,true,40,true,,,1,1,,10/18/22
10157632,house,mixedusebuilding,490000,forsale,4500,installed,2011,asnew,electric,322,3,6057,true,,6057,true,,,1,2,,10/18/22
10157583,house,villa,695000,forsale,9140,installed,1965,asnew,gas,428,3,1335,,true,,true,true,,1,3,,10/18/22
10157549,house,villa,1049000,forsale,3900,installed,1989,asnew,fueloil,273,4,11699,,true,,true,,,2,,,10/18/22
10134094,house,house,499000,forsale,1140,usahyperequipped,1971,good,fueloil,526,3,177,,,,true,,,1,1,,10/18/22
10139439,house,house,349000,forsale,9200,installed,1965,tobedoneup,fueloil,491,4,617,,,,,,,1,1,,10/18/22
10142968,house,apartmentblock,1300000,forsale,1190,notinstalled,1931,good,gas,295,8,100,,,,true,,,,,,10/18/22
10156630,house,house,145000,forsale,6823,installed,,good,electric,895,3,410,,true,,,,,,,,10/18/22
10156536,house,house,219000,forsale,2960,semiequipped,1941,torenovate,gas,1146,3,152,,true,30,true,,,,,,10/18/22
10155897,house,house,249500,forsale,4100,installed,2005,asnew,gas,316,3,188,,true,20,true,,,1,1,,10/18/22
10156817,house,house,285000,forsale,1840,semiequipped,1967,tobedoneup,gas,233,3,427,,,,true,,,1,3,,10/18/22
10156444,house,house,295000,forsale,8500,installed,1954,good,gas,450,3,422,,true,,true,,,1,3,,10/18/22
10156563,house,house,320000,forsale,2243,semiequipped,1970,torenovate,fueloil,592,3,435,,,,true,,,1,,,10/18/22
10155698,house,house,330000,forsale,1500,semiequipped,1972,good,electric,584,3,178,,,,true,,,1,,,10/18/22
10158470,apartmentgroup,apartmentgroup,447175-447175,forsale,1420,,,,,,,,,,,,,,1,,1,10/18/22
10158469,house,villa,295000,forsale,9340,,,torenovate,gas,260,3,0,true,,,,true,,1,3,,10/18/22
10158468,house,villa,255000,forsale,7601,,,good,,261,3,0,,,,,,,,,,10/18/22
10158466,house,house,425000,forsale,9041,installed,1959,good,gas,306,2,624,,true,,true,,,1,4,,10/18/22
10158464,apartment,duplex,320000,forsale,8300,installed,2008,good,,132,2,,,true,,true,,,,,,10/18/22
10158453,house,house,229000,forsale,9000,,,good,gas,397,0,35,,,,,,,,,,10/18/22
10158445,house,house,279000,forsale,9040,semiequipped,,tobedoneup,gas,363,2,189,,,,,,,,,,10/18/22
10158443,house,apartmentblock,1400000,forsale,31080,,,asnew,,,6,0,,,,true,,true,,,,10/18/22
10098957,house,house,349000,forsale,1560,notinstalled,1899,tobedoneup,fueloil,802,4,350,,true,200,true,,,2,2,,10/18/22
10156445,house,villa,369000,forsale,8540,semiequipped,1975,good,electric,560,3,625,,true,,true,,,1,3,,10/18/22
10156442,house,villa,399500,forsale,8792,installed,2022,good,,12,3,466,,,,true,,,,,,10/18/22
10156535,house,house,499000,forsale,2980,semiequipped,2005,tobedoneup,gas,228,4,794,,true,683,true,,,1,5,,10/18/22
10156825,house,house,520000,forsale,2340,installed,1978,good,gas,444,3,1817,,true,,true,,,2,2,,10/18/22
10156827,house,house,539000,forsale,3920,semiequipped,2008,asnew,gas,99,5,410,,true,269,,,,1,,,10/18/22
10156824,house,house,695000,forsale,2830,semiequipped,1986,good,gas,241,3,680,,true,,true,true,,4,,,10/18/22
10155107,house,mixedusebuilding,749000,forsale,1160,usahyperequipped,1933,asnew,gas,147,2,135,,true,,true,,,,,,10/18/22
10156822,house,house,795000,forsale,2800,installed,1900,good,gas,238,4,204,,true,,true,,,,,,10/18/22
10156760,house,house,799000,forsale,3080,installed,1899,justrenovated,gas,338,5,1366,,true,1366,true,,,2,4,,10/18/22
10130215,house,house,895000,forsale,1970,installed,,good,gas,221,4,430,true,true,185,true,,,2,4,,10/18/22
10155636,house,mixedusebuilding,1595000,forsale,3000,hyperequipped,1939,justrenovated,gas,100,4,190,,true,,true,true,,,,,10/18/22
10155627,house,mansion,1595000,forsale,3000,hyperequipped,1939,justrenovated,gas,100,4,190,,true,,true,true,,,,,10/18/22
10136523,house,otherproperty,85000,forsale,6987,notinstalled,1850,torenovate,,595,3,80,,,,true,,,,2,,10/18/22
10140836,house,house,189000,forsale,9600,hyperequipped,1938,good,gas,,2,170,true,,60,true,,,,1,,10/18/22
10142388,house,house,448000,forsale,1653,installed,1930,good,gas,332,4,429,,true,,true,,,,2,,10/18/22
10142685,house,house,449990,forsale,1090,installed,1920,tobedoneup,gas,275,5,149,true,true,67,,true,,,,,10/18/22
10145131,house,house,349000,forsale,1404,usahyperequipped,1960,justrenovated,fueloil,307,3,407,,true,250,true,,,1,2,,10/18/22
10145138,house,house,495000,forsale,1160,installed,1930,tobedoneup,,334,4,235,true,true,100,true,,,,,,10/18/22
10145935,house,villa,935000,forsale,1380,usahyperequipped,2012,asnew,gas,83,6,1641,true,true,1546,true,,,,4,,10/18/22
10147798,house,villa,1795000,forsale,1440,hyperequipped,2006,tobedoneup,fueloil,190,4,4202,,true,,true,true,,2,5,,10/18/22
10147714,house,villa,1795000,forsale,1500,hyperequipped,2006,tobedoneup,fueloil,190,4,4202,,true,,true,true,,2,5,,10/18/22
10147764,house,villa,1795000,forsale,7060,hyperequipped,2006,tobedoneup,fueloil,190,4,4202,,true,,true,true,,2,5,,10/18/22
10153348,house,house,180000,forsale,4500,notinstalled,,tobedoneup,gas,754,3,580,,,,true,,,,1,,10/18/22
10151897,house,mixedusebuilding,275000,forsale,9700,notinstalled,1935,torenovate,gas,467,4,833,,,550,,,,2,3,,10/18/22
10154153,house,house,325000,forsale,9200,usainstalled,1956,good,gas,216,3,125,,true,,,,,2,,,10/18/22
10154060,house,house,395000,forsale,9170,installed,1966,good,gas,697,3,510,,,,true,,,2,2,,10/18/22
10061333,house,villa,445000,forsale,1860,installed,1989,tobedoneup,fueloil,380,2,982,true,,,true,true,,3,3,,10/18/22
10153882,house,exceptionalproperty,545000,forsale,3560,usainstalled,2003,asnew,gas,367,3,944,,true,630,true,true,,1,2,,10/18/22
10153036,house,house,630000,forsale,1910,installed,1918,good,gas,155,5,2725,,true,1835,true,,,7,6,,10/18/22
10158470,apartmentgroup,apartmentgroup,447175-447175,forsale,1420,,,,,,,,,,,,,,1,,1,10/18/22
10158469,house,villa,295000,forsale,9340,,,torenovate,gas,260,3,0,true,,,,true,,1,3,,10/18/22
10158468,house,villa,255000,forsale,7601,,,good,,261,3,0,,,,,,,,,,10/18/22
10158466,house,house,425000,forsale,9041,installed,1959,good,gas,306,2,624,,true,,true,,,1,4,,10/18/22
10158464,apartment,duplex,320000,forsale,8300,installed,2008,good,,132,2,,,true,,true,,,,,,10/18/22
10158453,house,house,229000,forsale,9000,,,good,gas,397,0,35,,,,,,,,,,10/18/22
10158445,house,house,279000,forsale,9040,semiequipped,,tobedoneup,gas,363,2,189,,,,,,,,,,10/18/22
10158443,house,apartmentblock,1400000,forsale,31080,,,asnew,,,6,0,,,,true,,true,,,,10/18/22
10153948,house,villa,775000,forsale,3120,installed,2010,asnew,gas,133,4,771,,,630,true,,,1,3,,10/18/22
10152026,house,mixedusebuilding,1399000,forsale,1000,usahyperequipped,1930,good,gas,320,5,105,,,,true,,,,,,10/18/22
10013992,house,house,295000,forsale,4500,semiequipped,1930,tobedoneup,gas,187,3,151,,true,,true,,,,,,10/18/22
9878348,house,house,695000,forsale,1950,hyperequipped,1990,good,gas,228,3,233,,,95,true,,,1,3,,10/18/22
10134578,house,house,545000,forsale,1652,installed,1962,good,gas,451,3,700,,true,530,true,true,,1,2,,10/18/22
10144445,house,house,225000,forsale,8710,semiequipped,1952,tobedoneup,fueloil,468,3,321,,true,,,,,1,,,10/18/22
10143183,house,villa,449000,forsale,2400,hyperequipped,1961,justrenovated,fueloil,343,4,836,,true,700,true,,,1,5,,10/18/22
10143853,house,house,589000,forsale,2950,hyperequipped,2011,asnew,gas,74,4,594,,,400,true,,,,2,,10/18/22
10146649,house,house,795000,forsale,1390,installed,2011,good,,201,4,47,,true,,true,true,,,4,,10/18/22
10148610,house,house,89000,forsale,4870,notinstalled,,torenovate,gas,637,3,211,,,,,,,1,,,10/18/22
10150937,house,mixedusebuilding,215000,forsale,8790,,1997,good,gas,181,2,105,,,,true,,,1,,,10/18/22
10149645,house,house,299000,forsale,6717,notinstalled,,torenovate,fueloil,343,3,491,,true,,true,,,2,,,10/18/22
10148932,house,house,369000,forsale,1861,semiequipped,1979,good,electric,387,4,183,,,,true,,,1,,,10/18/22
10149708,house,house,395000,forsale,1800,installed,1930,tobedoneup,gas,353,3,120,,true,,true,,,4,,,10/18/22
10150925,house,house,399000,forsale,1180,hyperequipped,1927,good,gas,230,3,231,true,,260,true,,,,,,10/18/22
10156239,house,bungalow,595000,forsale,1652,usahyperequipped,1979,asnew,,225,3,517,true,true,120,true,true,,1,4,,10/18/22
10130500,house,house,225000,forsale,6980,notinstalled,1900,torenovate,fueloil,1165,3,780,true,true,700,,,,,2,,10/18/22
10130224,house,house,495000,forsale,1210,usahyperequipped,1886,asnew,gas,433,4,136,true,true,50,true,,,,,,10/18/22
10130723,house,house,550000,forsale,1040,semiequipped,1912,torenovate,electric,2035,2,200,,true,60,,,,,1,,10/18/22
10130217,house,house,1400000,forsale,1950,usainstalled,1990,good,gas,172,6,873,,true,550,true,,,2,7,,10/18/22
10136628,house,house,510000,forsale,1950,hyperequipped,1957,torenovate,gas,672,3,714,true,true,515,true,,,1,1,,10/18/22
10136103,house,villa,845000,forsale,1970,hyperequipped,1938,good,gas,553,4,614,,true,600,true,,,2,1,,10/18/22
10137631,house,villa,1450000,forsale,8510,installed,1966,good,gas,340,4,3781,,true,,,,,2,2,,10/18/22
10140811,house,house,249000,forsale,6230,installed,,tobedoneup,fueloil,543,3,1250,true,true,1000,true,,,,2,,10/18/22
10141228,house,house,249000,forsale,6741,semiequipped,1875,torenovate,fueloil,614,3,427,,true,,,,,1,1,,10/18/22
10142413,house,house,275000,forsale,1140,,1899,torenovate,,529,2,112,true,true,32,,true,,,,,10/18/22
10142219,house,house,530000,forsale,1090,notinstalled,1964,torenovate,gas,377,3,192,,,105,true,true,,1,1,,10/18/22
10142247,house,house,595000,forsale,2920,installed,1998,good,gas,206,4,1525,,true,,true,,,2,,,10/18/22
10148170,house,house,349000,forsale,9255,installed,1950,good,fueloil,393,3,305,,,,true,,,,,,10/18/22
10037322,house,house,383000,forsale,1560,semiequipped,1962,torenovate,gas,558,3,426,,true,426,true,,,2,1,,10/18/22
10158470,apartmentgroup,apartmentgroup,447175-447175,forsale,1420,,,,,,,,,,,,,,1,,1,10/18/22
10158469,house,villa,295000,forsale,9340,,,torenovate,gas,260,3,0,true,,,,true,,1,3,,10/18/22
10158468,house,villa,255000,forsale,7601,,,good,,261,3,0,,,,,,,,,,10/18/22
10158466,house,house,425000,forsale,9041,installed,1959,good,gas,306,2,624,,true,,true,,,1,4,,10/18/22
10158464,apartment,duplex,320000,forsale,8300,installed,2008,good,,132,2,,,true,,true,,,,,,10/18/22
10158453,house,house,229000,forsale,9000,,,good,gas,397,0,35,,,,,,,,,,10/18/22
10158445,house,house,279000,forsale,9040,semiequipped,,tobedoneup,gas,363,2,189,,,,,,,,,,10/18/22
10158443,house,apartmentblock,1400000,forsale,31080,,,asnew,,,6,0,,,,true,,true,,,,10/18/22
10148030,house,house,419000,forsale,9130,installed,1981,good,gas,218,4,330,,true,,true,,,2,3,,10/18/22
10147388,house,house,425000,forsale,2960,installed,1992,torenovate,electric,736,2,1152,,true,977,true,,,1,3,,10/18/22
10146853,house,house,448000,forsale,2860,semiequipped,1965,good,gas,193,3,440,,,,,,,2,2,,10/18/22
10147862,house,house,725000,forsale,1020,usahyperequipped,,asnew,gas,435,4,600,,true,500,true,,,1,1,,10/18/22
10154121,house,house,277000,forsale,2830,notinstalled,1951,torenovate,,404,4,363,,true,229,,,,,1,,10/18/22
10151369,house,exceptionalproperty,3750000,forsale,9111,hyperequipped,2016,asnew,,72,5,6585,,,6585,,,,2,4,,10/18/22
9941095,house,townhouse,30000,forsale,4100,notinstalled,1952,tobedoneup,gas,388,4,276,,true,165,true,,,1,2,,10/18/22
9661761,house,house,84000,forsale,4680,notinstalled,1899,torenovate,gas,384,1,167,true,true,125,,,,,,,10/18/22
9823526,house,bungalow,89000,forsale,6044,semiequipped,1957,good,carbon,753,1,250,,,,true,,,,,,10/18/22
10052018,house,house,99000,forsale,4051,notinstalled,1960,torenovate,gas,508,3,272,,,78,true,,,,,,10/18/22
9859197,house,house,129000,forsale,4030,installed,1932,tobedoneup,gas,318,2,49,,,,,,,,,,10/18/22
9833826,house,house,139000,forsale,4051,notinstalled,1885,torenovate,fueloil,440,4,380,true,true,30,true,true,,1,2,,10/18/22
10057483,house,house,140000,forsale,4102,semiequipped,1899,tobedoneup,gas,402,2,65,true,true,,true,,,,,,10/18/22
10125934,house,house,140000,forsale,4500,semiequipped,1918,torenovate,gas,264,4,160,,true,75,true,,,,,,10/18/22
9593621,house,house,149999,forsale,6030,notinstalled,1905,torenovate,gas,566,3,60,,,,,,,,,,10/18/22
9765430,house,house,160000,forsale,6780,semiequipped,1900,torenovate,fueloil,434,4,279,,,,,,,1,,,10/18/22
10007390,house,house,165000,forsale,4877,notinstalled,1965,torenovate,fueloil,293,3,269,,,80,true,,,1,2,,10/18/22
10127113,house,house,175000,forsale,5300,semiequipped,1965,tobedoneup,fueloil,396,3,1067,,true,,true,,,1,,,10/18/22
10096553,house,house,178000,forsale,4430,installed,1955,good,fueloil,411,2,405,,true,300,true,,,1,,,10/18/22
10045468,house,house,180000,forsale,1300,notinstalled,1899,torenovate,gas,415,3,72,,true,,,true,,,,,10/18/22
9978989,house,house,189000,forsale,4870,notinstalled,1993,torenovate,fueloil,233,2,726,,,500,true,,,1,2,,10/18/22
9978987,house,house,189000,forsale,4877,notinstalled,1993,torenovate,fueloil,233,2,726,,,500,true,,,1,2,,10/18/22
10090743,house,house,189000,forsale,9100,notinstalled,1955,torenovate,gas,511,2,58,,,,true,,,,,,10/18/22
10026502,house,house,195000,forsale,1400,usasemiequipped,1900,asnew,gas,256,3,37,true,,,,,,,,,10/18/22
9855082,house,house,199000,forsale,4500,semiequipped,1875,good,gas,555,5,237,true,true,180,true,,,1,,,10/18/22
10002094,house,house,199500,forsale,4470,installed,1899,asnew,pellet,311,2,31,,,,true,,,,,,10/18/22
10123941,house,house,225000,forsale,6987,notinstalled,1900,torenovate,fueloil,1165,3,780,true,true,700,,,,,2,,10/18/22
9744955,house,house,230000,forsale,1390,semiequipped,1918,good,fueloil,446,3,355,,,,true,true,,,1,,10/18/22
10028279,house,house,249000,forsale,4030,installed,1967,asnew,gas,117,3,239,,true,125,true,,,1,1,,10/18/22
10048928,house,house,249000,forsale,4470,semiequipped,1950,tobedoneup,wood,397,4,1100,,true,1000,true,,,1,4,,10/18/22
10158470,apartmentgroup,apartmentgroup,447175-447175,forsale,1420,,,,,,,,,,,,,,1,,1,10/18/22
10158469,house,villa,295000,forsale,9340,,,torenovate,gas,260,3,0,true,,,,true,,1,3,,10/18/22
10158468,house,villa,255000,forsale,7601,,,good,,261,3,0,,,,,,,,,,10/18/22
10158466,house,house,425000,forsale,9041,installed,1959,good,gas,306,2,624,,true,,true,,,1,4,,10/18/22
10158464,apartment,duplex,320000,forsale,8300,installed,2008,good,,132,2,,,true,,true,,,,,,10/18/22
10158453,house,house,229000,forsale,9000,,,good,gas,397,0,35,,,,,,,,,,10/18/22
10158445,house,house,279000,forsale,9040,semiequipped,,tobedoneup,gas,363,2,189,,,,,,,,,,10/18/22
10158443,house,apartmentblock,1400000,forsale,31080,,,asnew,,,6,0,,,,true,,true,,,,10/18/22
10122741,house,house,249000,forsale,4480,semiequipped,1900,good,fueloil,425,5,545,true,true,430,true,,,2,,,10/18/22
9860489,house,house,249000,forsale,4500,semiequipped,1989,good,gas,406,2,767,,,,true,,,1,,,10/18/22
10108593,house,house,249000,forsale,8793,semiequipped,1978,tobedoneup,electric,422,3,214,,true,,true,,,1,,,10/18/22
10011398,house,house,249500,forsale,4557,installed,1918,good,fueloil,386,4,750,,true,,true,,,3,,,10/18/22
10002186,house,house,249500,forsale,4570,semiequipped,1918,tobedoneup,fueloil,433,3,680,,true,,true,,,1,,,10/18/22
10126910,house,house,255000,forsale,2830,installed,1957,tobedoneup,gas,601,4,217,,true,,true,,,1,,,10/18/22
9955479,house,house,259000,forsale,4020,semiequipped,1997,tobedoneup,electric,712,3,503,,,250,true,,,1,2,,10/18/22
10017641,house,house,259000,forsale,4400,installed,1968,good,fueloil,778,3,490,,true,190,true,,,1,1,,10/18/22
10099204,house,house,259000,forsale,9600,usahyperequipped,1930,asnew,gas,149,3,350,,,200,true,,,,,,10/18/22
9983243,house,house,260000,forsale,4470,installed,1992,good,gas,244,3,594,,,300,true,true,true,3,1,,10/18/22
10023284,house,house,265000,forsale,1495,hyperequipped,1900,good,pellet,405,4,210,,true,90,true,,,,,,10/18/22
10031926,house,house,274500,forsale,5377,installed,2002,good,fueloil,283,3,1277,,,,true,,,,3,,10/18/22
9997643,house,house,275000,forsale,6870,semiequipped,1977,good,fueloil,355,5,784,true,true,,true,true,,1,2,,10/18/22
10090094,house,house,280000,forsale,4000,installed,1970,good,fueloil,370,3,160,,,100,true,,true,,,,10/18/22
9979230,house,house,295000,forsale,6020,installed,2022,asnew,gas,114,3,299,true,,100,true,,,1,2,,10/18/22
10104575,house,house,299000,forsale,2890,installed,1950,tobedoneup,gas,436,3,202,,true,,true,,,,,,10/18/22
10036796,house,house,299500,forsale,4550,semiequipped,1996,good,fueloil,454,3,1248,,,,true,,,1,,,10/18/22
9755780,house,house,315000,forsale,1325,notinstalled,1987,torenovate,fueloil,326,2,1332,,true,1332,true,,,2,2,,10/18/22
10119705,house,house,319000,forsale,4870,semiequipped,1957,tobedoneup,fueloil,370,3,1022,true,true,800,,,,1,4,,10/18/22
10091653,house,villa,319000,forsale,6690,,1965,tobedoneup,fueloil,468,4,1112,true,true,946,,,,3,5,,10/18/22
10060316,house,house,330000,forsale,6700,semiequipped,1947,tobedoneup,fueloil,442,4,370,,true,,,,,1,2,,10/18/22
10006858,house,house,335000,forsale,1840,semiequipped,1946,tobedoneup,fueloil,469,5,125,,true,,,,,1,,,10/18/22
9828488,house,house,335000,forsale,2830,installed,1951,good,gas,412,3,425,,true,,,,,3,4,,10/18/22
10124903,house,house,339000,forsale,1070,hyperequipped,1935,torenovate,gas,565,4,189,true,true,25,true,true,,,,,10/18/22
10117345,house,countrycottage,339000,forsale,9810,usainstalled,1900,torestore,fueloil,1081,2,885,,,770,,true,,,5,,10/18/22
10100450,house,house,349000,forsale,1070,hyperequipped,1965,good,fueloil,522,3,70,,true,,true,true,,,,,10/18/22
9438942,house,house,349000,forsale,1700,usainstalled,1936,good,gas,670,3,280,,true,200,true,true,,,,,10/18/22
10120487,house,house,349000,forsale,8551,installed,2011,good,gas,98,3,302,,,,true,,,,2,,10/18/22
9968861,house,house,349000,forsale,9280,,1964,tobedoneup,gas,452,3,542,,true,392,,,,,2,,10/18/22
10119707,house,house,350000,forsale,4050,installed,1969,tobedoneup,electric,588,3,879,,true,700,,true,,1,2,,10/18/22
10158470,apartmentgroup,apartmentgroup,447175-447175,forsale,1420,,,,,,,,,,,,,,1,,1,10/18/22
10158469,house,villa,295000,forsale,9340,,,torenovate,gas,260,3,0,true,,,,true,,1,3,,10/18/22
10158468,house,villa,255000,forsale,7601,,,good,,261,3,0,,,,,,,,,,10/18/22
10158466,house,house,425000,forsale,9041,installed,1959,good,gas,306,2,624,,true,,true,,,1,4,,10/18/22
10158464,apartment,duplex,320000,forsale,8300,installed,2008,good,,132,2,,,true,,true,,,,,,10/18/22
10158453,house,house,229000,forsale,9000,,,good,gas,397,0,35,,,,,,,,,,10/18/22
10158445,house,house,279000,forsale,9040,semiequipped,,tobedoneup,gas,363,2,189,,,,,,,,,,10/18/22
10158443,house,apartmentblock,1400000,forsale,31080,,,asnew,,,6,0,,,,true,,true,,,,10/18/22
10069685,house,villa,365000,forsale,1400,semiequipped,1975,torenovate,gas,388,4,954,,true,,,,,1,5,,10/18/22
10069658,house,villa,365000,forsale,6230,semiequipped,1975,torenovate,gas,388,4,954,,true,,,,,1,5,,10/18/22
9997783,house,house,365000,forsale,8620,installed,1979,tobedoneup,gas,305,4,366,,,298,,,,,2,,10/18/22
10052753,house,house,375000,forsale,1070,,1959,torenovate,fueloil,345,3,278,,true,140,true,true,,1,,,10/18/22
9948989,house,villa,375000,forsale,1350,installed,1970,asnew,gas,222,5,1662,,true,1600,true,true,,1,3,,10/18/22
10096519,house,house,375000,forsale,1800,installed,1965,asnew,fueloil,265,3,147,true,true,45,true,,,,,,10/18/22
9915791,house,house,379000,forsale,1700,installed,1935,good,gas,596,3,305,,true,,true,,,1,,,10/18/22
9896426,house,house,383000,forsale,1831,usainstalled,1990,asnew,gas,184,5,730,,,,,,,1,,,10/18/22
10077383,house,house,390000,forsale,4260,installed,1986,asnew,fueloil,246,4,1355,,,,true,,,,3,,10/18/22
9943572,house,house,395000,forsale,1140,hyperequipped,1930,asnew,gas,473,4,350,true,true,230,true,true,,,,,10/18/22
10123527,house,house,395000,forsale,1331,notinstalled,1956,torenovate,fueloil,579,2,783,true,true,700,true,true,,1,2,,10/18/22
10104039,house,house,395000,forsale,6790,semiequipped,1966,tobedoneup,fueloil,338,2,1046,,true,,,,,1,4,,10/18/22
10066108,house,house,395000,forsale,7800,installed,1875,asnew,fueloil,250,5,1500,,true,,true,true,,2,6,,10/18/22
9964892,house,villa,399000,forsale,1325,installed,1984,good,electric,327,3,866,,,766,true,,,2,3,,10/18/22
10025551,house,house,410000,forsale,1755,hyperequipped,2009,good,gas,133,2,426,,,,true,,,2,3,,10/18/22
10062955,house,villa,425000,forsale,4052,installed,1994,good,fueloil,244,4,712,true,,350,true,,,1,2,,10/18/22
10091994,house,villa,435000,forsale,7880,installed,1974,good,fueloil,355,3,1160,,true,,true,,,1,,,10/18/22
9763047,house,house,449000,forsale,1780,hyperequipped,1890,tobedoneup,gas,454,3,328,true,true,210,true,true,,,,,10/18/22
10045469,house,house,450000,forsale,1380,semiequipped,1900,torenovate,fueloil,828,1,2435,,true,2435,true,,,1,2,,10/18/22
10037638,house,mixedusebuilding,460000,forsale,1200,semiequipped,1930,good,gas,767,1,160,,,,true,,,1,1,,10/18/22
9995881,house,apartmentblock,465000,forsale,1000,hyperequipped,1860,asnew,gas,585,4,112,true,true,35,true,true,,,,,10/18/22
9997309,house,apartmentblock,465000,forsale,1030,hyperequipped,1860,asnew,gas,585,4,112,true,true,35,true,true,,,,,10/18/22
9995882,house,house,465000,forsale,1030,hyperequipped,1860,asnew,gas,585,4,112,true,true,35,true,true,,,,,10/18/22
10117981,house,house,465000,forsale,3001,semiequipped,1956,tobedoneup,gas,255,4,201,,true,,true,,,2,1,,10/18/22
9917005,house,house,485000,forsale,4450,,2005,asnew,fueloil,354,6,1068,,true,550,true,true,,3,3,,10/18/22
10042525,house,mansion,489000,forsale,8820,hyperequipped,1881,good,gas,389,3,429,,,90,,,,,,,10/18/22
9995395,house,apartmentblock,495000,forsale,1030,notinstalled,1930,tobedoneup,gas,534,6,125,true,true,25,true,true,,,,,10/18/22
10117560,house,house,495000,forsale,1180,usahyperequipped,2000,good,gas,260,3,95,,,50,true,,,,,,10/18/22
10112334,house,house,495000,forsale,1780,semiequipped,1935,good,gas,416,5,520,,true,350,true,true,,1,,,10/18/22
10095396,house,house,498000,forsale,1200,installed,1956,torenovate,gas,562,3,140,,true,50,,,,1,,,10/18/22
10158470,apartmentgroup,apartmentgroup,447175-447175,forsale,1420,,,,,,,,,,,,,,1,,1,10/18/22
10158469,house,villa,295000,forsale,9340,,,torenovate,gas,260,3,0,true,,,,true,,1,3,,10/18/22
10158468,house,villa,255000,forsale,7601,,,good,,261,3,0,,,,,,,,,,10/18/22
10158466,house,house,425000,forsale,9041,installed,1959,good,gas,306,2,624,,true,,true,,,1,4,,10/18/22
10158464,apartment,duplex,320000,forsale,8300,installed,2008,good,,132,2,,,true,,true,,,,,,10/18/22
10158453,house,house,229000,forsale,9000,,,good,gas,397,0,35,,,,,,,,,,10/18/22
10158445,house,house,279000,forsale,9040,semiequipped,,tobedoneup,gas,363,2,189,,,,,,,,,,10/18/22
10158443,house,apartmentblock,1400000,forsale,31080,,,asnew,,,6,0,,,,true,,true,,,,10/18/22
10094760,house,villa,499000,forsale,1390,semiequipped,1977,torenovate,fueloil,544,5,1883,,true,1748,true,true,,2,6,,10/18/22
9925295,house,house,499000,forsale,4520,installed,2001,good,electric,432,5,2170,,,1957,true,true,true,,,,10/18/22
10104723,house,house,520000,forsale,1200,hyperequipped,1910,torenovate,gas,431,4,196,,,,true,,,,,,10/18/22
9470377,house,house,525000,forsale,1190,semiequipped,1930,tobedoneup,gas,841,4,200,true,true,120,true,,,1,,,10/18/22
10087293,house,villa,525000,forsale,1332,installed,1989,good,fueloil,422,4,1388,true,,1388,true,,,1,2,,10/18/22
10119582,house,villa,525000,forsale,7880,installed,1973,good,fueloil,619,4,6430,,,,true,,,,,,10/18/22
9825279,house,castle,547000,forsale,2830,installed,1923,justrenovated,gas,348,4,851,,true,476,true,,,4,,,10/18/22
10012770,house,house,560000,forsale,1330,installed,1967,tobedoneup,gas,402,3,902,,true,902,true,true,,1,5,,10/18/22
10076028,house,house,575000,forsale,1950,usahyperequipped,1932,good,gas,274,5,135,true,true,,true,true,,,,,10/18/22
9886073,house,mansion,585000,forsale,8000,installed,1934,justrenovated,electric,81,5,115,,,,,,,,,,10/18/22
10129206,house,house,595000,forsale,1082,hyperequipped,1974,asnew,gas,171,4,270,true,true,155,true,,true,1,3,,10/18/22
10113217,house,house,595000,forsale,1730,installed,1971,asnew,gas,158,4,422,,,,true,true,,2,4,,10/18/22
9999393,house,apartmentblock,595000,forsale,9000,installed,1850,tobedoneup,gas,431,4,298,,,,true,,,,,,10/18/22
9696647,house,villa,598000,forsale,3400,hyperequipped,1996,asnew,fueloil,141,6,564,,,,true,true,true,1,2,,10/18/22
10117624,house,house,599000,forsale,9300,installed,1938,good,fueloil,295,5,393,,true,170,true,,,,,,10/18/22
9311594,house,townhouse,600000,forsale,1190,installed,1972,torenovate,fueloil,318,5,290,true,true,190,true,true,,2,2,,10/18/22
9957900,house,house,625000,forsale,1200,notinstalled,1954,good,gas,390,3,180,,true,70,true,true,,,2,,10/18/22
10080317,house,house,645000,forsale,1070,notinstalled,1910,torenovate,gas,532,4,320,,true,,true,true,,,,,10/18/22
10107766,house,house,645000,forsale,1970,installed,1966,torenovate,gas,322,3,709,,true,350,true,,,1,1,,10/18/22
9993423,house,apartmentblock,650000,forsale,1200,installed,1961,tobedoneup,fueloil,585,4,162,,true,44,true,true,,1,,,10/18/22
9993421,house,house,650000,forsale,1200,installed,1961,tobedoneup,fueloil,585,4,162,,true,44,true,true,,1,,,10/18/22
10041196,house,house,650000,forsale,1380,semiequipped,1900,torenovate,fueloil,438,5,6742,,true,6742,,true,,1,3,,10/18/22
10007391,house,house,680000,forsale,1200,usasemiequipped,1931,asnew,fueloil,540,3,175,true,true,100,true,true,,,,,10/18/22
10104085,house,villa,685000,forsale,1410,hyperequipped,1975,asnew,gas,314,4,729,true,true,,true,true,,2,2,,10/18/22
10103876,house,villa,685000,forsale,1410,hyperequipped,1975,asnew,gas,314,4,729,true,true,,true,true,,2,2,,10/18/22
9952160,house,villa,690000,forsale,1420,hyperequipped,1993,good,gas,360,6,945,true,true,945,true,true,,1,1,,10/18/22
10068666,house,house,695000,forsale,1180,hyperequipped,1937,good,gas,308,5,280,,,130,true,,,1,,,10/18/22
10091243,house,mixedusebuilding,695000,forsale,1950,semiequipped,1980,good,gas,780,3,1724,,,1400,true,,,2,10,,10/18/22
10121883,house,manorhouse,695000,forsale,8580,installed,1957,justrenovated,gas,229,5,1996,,true,,,,,,20,,10/18/22
9966449,house,villa,699000,forsale,1332,installed,1900,torenovate,fueloil,408,6,2046,,,2000,true,true,,1,3,,10/18/22
10158470,apartmentgroup,apartmentgroup,447175-447175,forsale,1420,,,,,,,,,,,,,,1,,1,10/18/22
10158469,house,villa,295000,forsale,9340,,,torenovate,gas,260,3,0,true,,,,true,,1,3,,10/18/22
10158468,house,villa,255000,forsale,7601,,,good,,261,3,0,,,,,,,,,,10/18/22
10158466,house,house,425000,forsale,9041,installed,1959,good,gas,306,2,624,,true,,true,,,1,4,,10/18/22
10158464,apartment,duplex,320000,forsale,8300,installed,2008,good,,132,2,,,true,,true,,,,,,10/18/22
10158453,house,house,229000,forsale,9000,,,good,gas,397,0,35,,,,,,,,,,10/18/22
10158445,house,house,279000,forsale,9040,semiequipped,,tobedoneup,gas,363,2,189,,,,,,,,,,10/18/22
10158443,house,apartmentblock,1400000,forsale,31080,,,asnew,,,6,0,,,,true,,true,,,,10/18/22
10117209,house,apartmentblock,720000,forsale,1030,semiequipped,1960,good,gas,272,4,155,,,,,,,,,,10/18/22
10118069,house,house,745000,forsale,1200,installed,1949,good,gas,408,5,133,,true,,true,,,,,,10/18/22
10081921,house,house,745000,forsale,1200,installed,1949,good,gas,408,5,133,,true,,true,,,,,,10/18/22
10065388,house,house,750000,forsale,1150,hyperequipped,1962,good,gas,168,4,210,,,85,true,true,,1,1,,10/18/22
10103523,house,house,750000,forsale,1200,usahyperequipped,1964,asnew,gas,227,3,188,true,true,47,true,true,,1,1,,10/18/22
10052805,house,mixedusebuilding,780000,forsale,1853,usahyperequipped,2016,good,gas,83,3,260,true,true,85,true,true,,1,4,,10/18/22
10128557,house,villa,785000,forsale,3052,usahyperequipped,2010,good,gas,115,5,1120,,,,,true,,1,3,,10/18/22
10082533,house,house,795000,forsale,1150,hyperequipped,1940,good,gas,480,5,360,,true,150,true,,,1,2,,10/18/22
10082532,house,house,795000,forsale,1950,hyperequipped,1940,good,gas,480,5,360,,true,150,true,,,1,2,,10/18/22
10125913,house,house,825000,forsale,1190,usainstalled,1925,good,gas,318,4,113,,true,,true,,,1,1,,10/18/22
10128483,house,apartmentblock,849000,forsale,1090,semiequipped,1960,good,gas,322,4,154,,true,19,true,true,,4,,,10/18/22
10120165,house,house,850000,forsale,1180,hyperequipped,1926,good,gas,264,3,120,,true,11,true,true,,1,,,10/18/22
9881807,house,house,895000,forsale,1190,,1924,torenovate,gas,423,6,330,,true,90,true,true,,1,,,10/18/22
10029513,house,house,900000,forsale,1301,hyperequipped,1974,good,fueloil,213,5,1500,,true,1500,true,true,,1,3,,10/18/22
10009462,house,apartmentblock,930000,forsale,1030,notinstalled,1956,asnew,gas,176,5,155,,true,45,true,true,,,,,10/18/22
10060997,house,villa,945000,forsale,1330,usahyperequipped,2004,asnew,gas,137,3,1110,,,500,true,,true,,2,,10/18/22
9876934,house,house,945000,forsale,1950,semiequipped,1965,good,gas,262,6,413,true,true,250,true,true,,1,2,,10/18/22
10065434,house,townhouse,995000,forsale,1000,usainstalled,1939,good,gas,410,6,345,true,true,250,true,,,1,1,,10/18/22
10088253,house,house,995000,forsale,1150,hyperequipped,1968,good,gas,231,4,400,true,true,350,true,true,,2,2,,10/18/22
10012632,house,house,995000,forsale,1150,installed,1963,torenovate,electric,375,7,541,true,true,350,true,true,,1,1,,10/18/22
9975935,house,mansion,999000,forsale,1040,installed,1908,good,gas,255,5,170,,true,53,,,,,2,,10/18/22
9975934,house,mansion,999000,forsale,1150,installed,1908,good,gas,255,5,170,,true,53,,,,,2,,10/18/22
10010194,house,mansion,999000,forsale,1200,installed,1908,good,gas,255,5,170,,true,53,,,,,2,,10/18/22
10105687,house,house,1095000,forsale,1970,hyperequipped,1962,asnew,gas,193,4,590,,true,300,true,,,1,4,,10/18/22
10107268,house,apartmentblock,1100000,forsale,1050,hyperequipped,1895,good,gas,199,4,240,,,115,true,,,,,,10/18/22
10084281,house,apartmentblock,1195000,forsale,1000,installed,1868,good,gas,220,7,214,true,true,50,true,,,,,,10/18/22
9402335,house,mixedusebuilding,1200000,forsale,1000,installed,1899,justrenovated,gas,450,3,196,,true,,,true,,,,,10/18/22
9714663,house,villa,1290000,forsale,1180,semiequipped,1960,torenovate,gas,675,5,780,true,true,500,true,true,,1,3,,10/18/22
10047373,house,apartmentblock,1295000,forsale,1050,semiequipped,1930,good,gas,303,7,120,,true,31,true,,,,,,10/18/22
10124091,house,house,1350000,forsale,1040,installed,1930,torenovate,gas,370,9,3,,true,80,true,true,,2,,,10/18/22
10158470,apartmentgroup,apartmentgroup,447175-447175,forsale,1420,,,,,,,,,,,,,,1,,1,10/18/22
10158469,house,villa,295000,forsale,9340,,,torenovate,gas,260,3,0,true,,,,true,,1,3,,10/18/22
10158468,house,villa,255000,forsale,7601,,,good,,261,3,0,,,,,,,,,,10/18/22
10158466,house,house,425000,forsale,9041,installed,1959,good,gas,306,2,624,,true,,true,,,1,4,,10/18/22
10158464,apartment,duplex,320000,forsale,8300,installed,2008,good,,132,2,,,true,,true,,,,,,10/18/22
10158453,house,house,229000,forsale,9000,,,good,gas,397,0,35,,,,,,,,,,10/18/22
10158445,house,house,279000,forsale,9040,semiequipped,,tobedoneup,gas,363,2,189,,,,,,,,,,10/18/22
10158443,house,apartmentblock,1400000,forsale,31080,,,asnew,,,6,0,,,,true,,true,,,,10/18/22
10041195,house,exceptionalproperty,1350000,forsale,1332,installed,1900,asnew,fueloil,430,4,1153,,true,1154,true,,,4,4,,10/18/22
9634455,house,villa,1390000,forsale,1180,usahyperequipped,1928,justrenovated,gas,127,5,590,,true,500,true,,,1,2,,10/18/22
10031702,house,house,1590000,forsale,1180,,1962,asnew,fueloil,380,5,639,,true,,true,true,,1,,,10/18/22
9865170,house,exceptionalproperty,1795000,forsale,1301,installed,1995,tobedoneup,fueloil,178,8,28800,true,true,28000,true,true,true,3,8,,10/18/22
9879840,house,apartmentblock,1895000,forsale,4020,installed,2017,asnew,gas,206,18,160,,true,,true,,,,,,10/18/22
10127280,house,house,1960000,forsale,1050,hyperequipped,1890,asnew,gas,128,6,300,true,true,200,true,true,,1,,,10/18/22
10123422,house,apartmentblock,2100000,forsale,1200,installed,1961,asnew,gas,148,7,443,,,,true,,,1,2,,10/18/22
9723409,house,villa,2145000,forsale,8300,hyperequipped,2007,asnew,gas,221,5,683,true,,,true,true,,2,4,,10/18/22
10111090,house,exceptionalproperty,2475000,forsale,1380,usahyperequipped,2007,asnew,fueloil,166,6,12901,,true,10000,true,true,true,2,8,,10/18/22
9524661,house,apartmentblock,3200000,forsale,1050,installed,1900,good,fueloil,434,1,490,true,true,,true,true,,,,,10/18/22
10065530,house,house,99000,forsale,6870,notinstalled,1874,torenovate,,295,3,196,true,true,80,true,,,,,,10/18/22
10134388,house,house,189500,forsale,4540,semiequipped,1899,torenovate,fueloil,515,3,700,,,,true,,,1,,,10/18/22
10138458,house,house,149000,forsale,6210,installed,1950,tobedoneup,fueloil,319,2,640,,,490,,,,,,,10/18/22
10077187,house,house,385000,forsale,6600,usainstalled,2023,asnew,,38,3,650,true,true,137,true,,,2,2,1,10/18/22
10139737,house,townhouse,493000,forsale,1400,hyperequipped,2005,good,gas,131,3,331,,true,25,true,true,,2,4,,10/18/22
10139735,house,house,493000,forsale,1400,hyperequipped,2005,good,gas,131,3,331,,true,25,true,true,,2,4,,10/18/22
10138252,house,otherproperty,795000,forsale,8792,hyperequipped,1957,good,fueloil,437,3,4047,,true,,true,true,true,3,10,,10/18/22
10138247,house,villa,795000,forsale,8792,hyperequipped,1957,good,fueloil,437,3,4047,,true,,true,true,true,3,10,,10/18/22
10146400,house,house,347000,forsale,1740,semiequipped,1975,torenovate,fueloil,443,3,340,,true,,,,,1,2,,10/18/22
10146802,house,house,549000,forsale,9030,installed,2005,good,gas,120,5,590,,,,,,,1,1,,10/18/22
10086696,house,mixedusebuilding,464000,forsale,9310,installed,1925,good,fueloil,322,3,642,,true,155,true,,,2,2,,10/18/22
10086693,house,house,464000,forsale,9310,installed,1925,good,fueloil,322,3,642,,true,155,true,,,2,2,,10/18/22
10151199,house,villa,519000,forsale,2800,installed,1957,tobedoneup,gas,373,3,1053,,,572,true,,,2,,,10/18/22
10149535,house,villa,1095000,forsale,2860,installed,1964,good,gas,312,3,3051,,true,,true,,,6,,,10/18/22
10156611,house,house,339000,forsale,2200,semiequipped,1957,torenovate,fueloil,622,4,2117,,true,,,,,2,2,,10/18/22
10154593,house,exceptionalproperty,1395000,forsale,2980,installed,1979,justrenovated,gas,214,4,4140,,,,true,true,true,4,5,,10/18/22
10130205,house,house,275000,forsale,4540,installed,2003,good,,164,4,307,true,,180,true,,,1,2,,10/18/22
10135999,house,house,239000,forsale,4000,installed,1956,tobedoneup,fueloil,439,3,240,,true,150,,,,1,1,,10/18/22
10137814,house,house,269000,forsale,1730,semiequipped,1970,good,electric,687,2,124,,,,true,,,1,1,,10/18/22
10136981,house,house,449000,forsale,9660,notinstalled,1990,tobedoneup,electric,411,5,1263,,,,,,,3,5,,10/18/22
10158470,apartmentgroup,apartmentgroup,447175-447175,forsale,1420,,,,,,,,,,,,,,1,,1,10/18/22
10158469,house,villa,295000,forsale,9340,,,torenovate,gas,260,3,0,true,,,,true,,1,3,,10/18/22
10158468,house,villa,255000,forsale,7601,,,good,,261,3,0,,,,,,,,,,10/18/22
10158466,house,house,425000,forsale,9041,installed,1959,good,gas,306,2,624,,true,,true,,,1,4,,10/18/22
10158464,apartment,duplex,320000,forsale,8300,installed,2008,good,,132,2,,,true,,true,,,,,,10/18/22
10158453,house,house,229000,forsale,9000,,,good,gas,397,0,35,,,,,,,,,,10/18/22
10158445,house,house,279000,forsale,9040,semiequipped,,tobedoneup,gas,363,2,189,,,,,,,,,,10/18/22
10158443,house,apartmentblock,1400000,forsale,31080,,,asnew,,,6,0,,,,true,,true,,,,10/18/22
10136772,house,mansion,510000,forsale,9500,hyperequipped,1933,good,gas,252,8,400,,true,,true,,,1,,,10/18/22
10136200,house,house,569000,forsale,1853,hyperequipped,,good,gas,391,3,220,true,true,150,true,,,,2,,10/18/22
10137274,house,house,575000,forsale,1040,installed,1920,good,gas,274,3,120,,true,70,,true,,,,,10/18/22
10140466,house,house,345000,forsale,2660,installed,1919,asnew,gas,282,3,193,,true,37,true,,,,,,10/18/22
10145816,house,house,339000,forsale,9600,installed,,good,gas,352,3,963,,true,,true,,,,,,10/18/22
10146061,house,house,500000,forsale,1030,usainstalled,1932,tobedoneup,,668,7,180,,true,1,true,,,,,,10/18/22
10147387,house,house,569000,forsale,2960,installed,2015,asnew,,87,3,452,,true,78,true,true,,1,6,,10/18/22
10153126,house,house,199000,forsale,4400,,,justrenovated,gas,415,3,453,,true,160,true,,,,,,10/18/22
10152774,house,house,209900,forsale,9600,installed,,tobedoneup,gas,439,4,876,,,,true,,,,,,10/18/22
10152351,house,house,300000,forsale,5640,,,tobedoneup,fueloil,382,5,784,,true,,,true,,1,,,10/18/22
10153105,house,house,320000,forsale,2800,semiequipped,1973,tobedoneup,gas,274,2,145,,,,,true,,3,1,,10/18/22
10153849,house,house,345000,forsale,3118,,1938,,fueloil,791,2,2000,,true,2000,true,,,2,,,10/18/22
10111099,house,house,480000,forsale,6700,,1850,,fueloil,398,5,1455,,,,,,,1,5,,10/18/22
10153852,house,mixedusebuilding,485000,forsale,3360,,1953,tobedoneup,fueloil,606,3,920,,true,920,true,true,,4,2,,10/18/22
10153850,house,villa,485000,forsale,3360,,1953,tobedoneup,fueloil,606,3,920,,true,920,true,true,,4,2,,10/18/22
10153530,house,house,720000,forsale,1180,,1948,tobedoneup,gas,176,4,0,,,,,true,,,,,10/18/22
10152801,house,house,1350000,forsale,1325,usahyperequipped,2016,justrenovated,fueloil,157,4,10320,true,true,10320,true,true,true,3,5,,10/18/22
10153529,house,house,1440000,forsale,1180,installed,,justrenovated,gas,181,3,413,,true,,true,true,,2,,,10/18/22
10120096,house,house,69000,forsale,4020,notinstalled,1900,torenovate,,473,1,81,,,,,true,,1,,,10/18/22
10082330,house,countrycottage,75000,forsale,6987,notinstalled,1850,torenovate,,595,3,240,,,,true,,,,2,,10/18/22
10118685,house,countrycottage,189000,forsale,6940,installed,1918,tobedoneup,,662,3,720,true,true,720,true,true,,1,3,,10/18/22
10119709,house,house,235000,forsale,4140,installed,1952,tobedoneup,,307,2,446,true,true,300,true,,,1,,,10/18/22
9722868,house,house,245000,forsale,4540,semiequipped,1875,good,gas,456,4,514,,true,,true,,,2,,,10/18/22
10025596,house,house,295000,forsale,4557,installed,1996,asnew,,504,2,1604,,,1200,true,,,1,5,,10/18/22
10009832,house,house,319000,forsale,9120,installed,1979,good,,175,3,204,true,true,56,true,,,,,,10/18/22
9996279,house,house,375000,forsale,1745,installed,1931,good,gas,189,4,630,,,,true,,,,,,10/18/22
10084024,house,apartmentblock,389000,forsale,4800,notinstalled,1850,good,,264,5,230,true,true,,true,true,,,,,10/18/22
9997232,house,house,395000,forsale,9600,hyperequipped,1890,justrenovated,,87,3,80,,true,,true,,,,,,10/18/22
10035982,house,house,449000,forsale,1800,usahyperequipped,2007,asnew,gas,203,3,190,,,66,true,,,1,,,10/18/22
10110798,house,house,475000,forsale,4500,installed,1900,asnew,gas,198,4,311,,,,true,,,,,,10/18/22
10158470,apartmentgroup,apartmentgroup,447175-447175,forsale,1420,,,,,,,,,,,,,,1,,1,10/18/22
10158469,house,villa,295000,forsale,9340,,,torenovate,gas,260,3,0,true,,,,true,,1,3,,10/18/22
10158468,house,villa,255000,forsale,7601,,,good,,261,3,0,,,,,,,,,,10/18/22
10158466,house,house,425000,forsale,9041,installed,1959,good,gas,306,2,624,,true,,true,,,1,4,,10/18/22
10158464,apartment,duplex,320000,forsale,8300,installed,2008,good,,132,2,,,true,,true,,,,,,10/18/22
10158453,house,house,229000,forsale,9000,,,good,gas,397,0,35,,,,,,,,,,10/18/22
10158445,house,house,279000,forsale,9040,semiequipped,,tobedoneup,gas,363,2,189,,,,,,,,,,10/18/22
10158443,house,apartmentblock,1400000,forsale,31080,,,asnew,,,6,0,,,,true,,true,,,,10/18/22
10079137,house,house,485000,forsale,1410,installed,1972,good,gas,270,4,268,true,true,164,true,,,1,2,,10/18/22
9758390,house,house,535000,forsale,1300,usahyperequipped,2000,asnew,,295,3,1187,true,,11,true,true,,1,4,,10/18/22
10121437,house,house,545000,forsale,1030,hyperequipped,1918,justrenovated,gas,258,4,81,,true,32,,,,,,,10/18/22
10011076,house,house,545000,forsale,1470,hyperequipped,1991,good,,211,3,2338,true,,2000,true,true,true,1,3,,10/18/22
9191358,house,house,595000,forsale,1090,usahyperequipped,2002,asnew,,169,3,198,true,,70,true,true,,1,3,,10/18/22
10071302,house,mansion,599000,forsale,8000,semiequipped,1923,good,gas,427,6,157,,,57,,,,,,,10/18/22
9936298,house,villa,675000,forsale,1390,installed,1979,asnew,,165,5,1485,,true,900,true,true,,,1,,10/18/22
9919729,house,villa,850000,forsale,1640,hyperequipped,1960,asnew,gas,216,5,566,,true,256,true,,,3,2,,10/18/22
10071305,house,exceptionalproperty,879000,forsale,8000,semiequipped,1923,torenovate,gas,427,10,221,,,57,,,,1,,,10/18/22
9752524,house,house,925000,forsale,1150,usahyperequipped,1911,asnew,,339,5,100,true,true,,true,true,,1,2,,10/18/22
10108876,house,house,965000,forsale,1150,usahyperequipped,1975,asnew,,177,4,403,true,,308,true,true,,1,2,,10/18/22
10096267,house,countrycottage,1195000,forsale,8340,usahyperequipped,1986,asnew,fueloil,92,6,5420,,,,,,,1,15,,10/18/22
10127426,house,mixedusebuilding,2250000,forsale,1150,installed,1931,good,gas,249,8,1630,,true,,true,,,4,,,10/18/22
10127423,house,mansion,2250000,forsale,1150,installed,1931,good,gas,249,8,1630,,true,,true,,,4,,,10/18/22
10021168,house,villa,2480000,forsale,1180,installed,1960,good,gas,535,6,1425,true,true,,true,true,,2,2,,10/18/22
9854478,house,villa,5500000,forsale,1180,usainstalled,1975,tobedoneup,fueloil,267,6,5700,,true,,true,,true,5,,,10/18/22
10157467,house,house,129000,forsale,4870,notinstalled,,torenovate,,694,3,330,,true,60,,,,,,,10/18/22
10134626,house,house,205000,forsale,7860,installed,,asnew,gas,286,2,320,,true,,true,,,1,,,10/18/22
10135416,house,house,450000,forsale,1180,notinstalled,1938,tobedoneup,gas,316,3,150,,,,,,,,,,10/18/22
10134346,house,house,469000,forsale,2860,installed,1960,justrenovated,gas,150,4,316,,,190,true,,,1,1,,10/18/22
10134286,house,villa,799000,forsale,1970,hyperequipped,1997,good,,282,3,1172,,true,700,true,true,,,1,,10/18/22
10135243,house,villa,850000,forsale,8510,installed,1992,good,fueloil,221,5,1835,,true,,true,,,2,20,,10/18/22
10138374,house,house,450000,forsale,1040,usahyperequipped,1950,justrenovated,gas,159,3,100,,,,,,,,,,10/18/22
10139366,house,house,589000,forsale,1755,installed,1989,good,fueloil,,3,861,,true,,true,,,,4,,10/18/22
10143250,house,house,50000,forsale,5360,installed,,good,fueloil,437,2,3716,true,true,,true,,,1,1,,10/18/22
9765391,house,house,265000,forsale,8370,installed,1958,good,gas,208,3,140,,,,true,,,,,,10/18/22
9983313,house,house,300000,forsale,9100,installed,1968,good,gas,439,3,304,,,135,true,,,3,2,,10/18/22
10143810,house,house,425000,forsale,1350,installed,1850,good,gas,226,6,1750,true,true,1600,true,true,,2,6,,10/18/22
10143665,house,house,475000,forsale,8560,installed,1985,good,gas,243,4,565,true,true,260,true,true,,2,,,10/18/22
10144680,house,house,549000,forsale,1300,installed,1989,,gas,119,4,330,,true,,true,true,,3,2,,10/18/22
10158470,apartmentgroup,apartmentgroup,447175-447175,forsale,1420,,,,,,,,,,,,,,1,,1,10/18/22
10158469,house,villa,295000,forsale,9340,,,torenovate,gas,260,3,0,true,,,,true,,1,3,,10/18/22
10158468,house,villa,255000,forsale,7601,,,good,,261,3,0,,,,,,,,,,10/18/22
10158466,house,house,425000,forsale,9041,installed,1959,good,gas,306,2,624,,true,,true,,,1,4,,10/18/22
10158464,apartment,duplex,320000,forsale,8300,installed,2008,good,,132,2,,,true,,true,,,,,,10/18/22
10158453,house,house,229000,forsale,9000,,,good,gas,397,0,35,,,,,,,,,,10/18/22
10158445,house,house,279000,forsale,9040,semiequipped,,tobedoneup,gas,363,2,189,,,,,,,,,,10/18/22
10158443,house,apartmentblock,1400000,forsale,31080,,,asnew,,,6,0,,,,true,,true,,,,10/18/22
10118937,house,house,299000,forsale,6997,,2010,,gas,84,3,975,,,,true,,,1,,,10/18/22
10138445,house,house,395000,forsale,9230,hyperequipped,2022,asnew,,,4,170,,,80,true,,,,1,1,10/18/22
10138444,house,house,395000,forsale,9230,hyperequipped,2022,asnew,,,4,179,,,80,true,true,,,1,1,10/18/22
10151010,house,house,475000,forsale,2910,,1993,good,gas,215,3,633,,,,true,,,,3,,10/18/22
10151016,house,house,480000,forsale,1310,hyperequipped,2005,asnew,gas,,4,145,,,,true,,,1,1,,10/18/22
10151126,house,house,585000,forsale,1500,installed,2007,good,gas,215,3,714,,true,,true,true,,1,2,,10/18/22
10151127,house,house,585000,forsale,1501,installed,2007,good,gas,215,3,714,,true,,true,true,,1,2,,10/18/22
10155846,house,apartmentblock,225000,forsale,5070,installed,,justrenovated,pellet,1010,2,127,,,,true,true,,1,,,10/18/22
10155845,house,house,225000,forsale,5070,installed,,justrenovated,pellet,1010,2,127,,,,true,true,,1,,,10/18/22
10155835,house,house,285000,forsale,1800,installed,1932,good,gas,596,2,70,,,,true,,,,,,10/18/22
10154765,house,house,397000,forsale,1800,installed,1968,asnew,gas,322,3,140,,,78,true,,,1,1,,10/18/22
10155869,house,house,398000,forsale,1852,semiequipped,1942,torenovate,fueloil,952,3,1085,,true,,,,,4,3,,10/18/22
10157030,house,countrycottage,399000,forsale,9750,installed,1950,torenovate,fueloil,500,3,1141,true,,,,,,1,,,10/18/22
10156821,house,house,690000,forsale,2980,installed,1992,good,,396,4,2339,,,,true,true,,,,,10/18/22
10154560,house,house,740000,forsale,1200,notinstalled,1914,tobedoneup,gas,940,5,175,,,75,true,true,,,,,10/18/22
10155860,house,villa,795000,forsale,1410,usahyperequipped,1997,asnew,fueloil,221,4,1006,,,360,true,true,true,1,4,,10/18/22
10156830,house,villa,1195000,forsale,2560,hyperequipped,2007,asnew,,144,5,2012,,true,,true,true,,2,,,10/18/22
10156378,house,apartmentblock,2890000,forsale,1050,usahyperequipped,1920,asnew,gas,198,8,214,,true,,true,true,,1,1,,10/18/22
10156379,house,apartmentblock,2890000,forsale,1180,usahyperequipped,1920,asnew,gas,198,8,214,,true,,true,true,,1,1,,10/18/22
10156360,house,apartmentblock,2890000,forsale,1190,usahyperequipped,1920,asnew,gas,198,8,214,,true,,true,true,,1,1,,10/18/22
10131861,house,house,235000,forsale,3320,hyperequipped,1969,asnew,gas,171,2,76,,true,14,,,,1,,,10/18/22
10070241,housegroup,housegroup,265000-295000,forsale,6140,,,,,141,,,,,,,,,1,2,1,10/18/22
10136407,house,mixedusebuilding,899000,forsale,1190,,1901,tobedoneup,gas,649,6,298,true,true,60,true,,,,,,10/18/22
10136570,house,house,1245000,forsale,2890,hyperequipped,1932,good,gas,242,6,632,,true,,,,,1,,,10/18/22
10155831,house,house,399000,forsale,1500,installed,2022,,gas,,5,129,,,50,true,,,2,1,1,10/18/22
10141785,house,house,129000,forsale,4000,semiequipped,,tobedoneup,gas,276,4,59,,true,,,,,,,,10/18/22
10142416,house,house,165000,forsale,6060,installed,,good,gas,558,3,135,,true,,,,,1,,,10/18/22
10140693,house,house,280000,forsale,1500,installed,1930,tobedoneup,gas,381,3,180,,true,,true,,,,,,10/18/22
10140531,house,house,325000,forsale,2660,semiequipped,1966,good,gas,179,2,226,,,,,,,1,1,,10/18/22
10140525,house,house,409000,forsale,8200,installed,1958,good,gas,358,3,350,,true,,true,,,1,2,,10/18/22
10158470,apartmentgroup,apartmentgroup,447175-447175,forsale,1420,,,,,,,,,,,,,,1,,1,10/18/22
10158469,house,villa,295000,forsale,9340,,,torenovate,gas,260,3,0,true,,,,true,,1,3,,10/18/22
10158468,house,villa,255000,forsale,7601,,,good,,261,3,0,,,,,,,,,,10/18/22
10158466,house,house,425000,forsale,9041,installed,1959,good,gas,306,2,624,,true,,true,,,1,4,,10/18/22
10158464,apartment,duplex,320000,forsale,8300,installed,2008,good,,132,2,,,true,,true,,,,,,10/18/22
10158453,house,house,229000,forsale,9000,,,good,gas,397,0,35,,,,,,,,,,10/18/22
10158445,house,house,279000,forsale,9040,semiequipped,,tobedoneup,gas,363,2,189,,,,,,,,,,10/18/22
10158443,house,apartmentblock,1400000,forsale,31080,,,asnew,,,6,0,,,,true,,true,,,,10/18/22
10142263,house,house,855000,forsale,3018,installed,1913,good,gas,330,5,702,,true,,,,,,,,10/18/22
10145549,house,house,465000,forsale,6760,installed,1860,asnew,fueloil,161,6,1420,true,true,1000,true,,,,,,10/18/22
9628739,house,exceptionalproperty,849000,forsale,2800,hyperequipped,2000,good,gas,139,6,2930,,true,,true,true,,3,4,,10/18/22
9628737,house,villa,849000,forsale,2800,hyperequipped,2000,good,gas,139,6,2930,,true,,true,true,,3,4,,10/18/22
10147739,house,house,195000,forsale,6840,notinstalled,1874,torenovate,fueloil,382,4,1117,,true,,,,,,,,10/18/22
10147660,house,apartmentblock,720000,forsale,1850,,1981,good,gas,218,0,124,,,,,,,,,,10/18/22
10146941,house,house,830000,forsale,6717,hyperequipped,2007,good,fueloil,194,4,1310,,true,,true,true,,2,3,,10/18/22
10147649,house,villa,1100000,forsale,1861,,1996,good,fueloil,317,3,3447,,true,,,true,true,,,,10/18/22
10147794,house,villa,1795000,forsale,7800,hyperequipped,2006,tobedoneup,fueloil,190,4,4202,,true,,true,true,,2,5,,10/18/22
10152848,house,house,249000,forsale,2880,installed,1918,good,gas,384,3,130,,true,,true,,,,,,10/18/22
10151578,house,villa,360000,forsale,1360,semiequipped,1920,torenovate,fueloil,551,4,990,true,true,750,true,,,1,4,,10/18/22
10121036,house,house,462000,forsale,1850,usahyperequipped,2001,,gas,261,2,561,,,260,true,true,,,3,,10/18/22
9876026,house,house,35000,forsale,4870,usainstalled,1951,good,gas,404,2,228,true,true,50,true,true,,,,,10/18/22
9965078,house,countrycottage,150000,forsale,6830,notinstalled,1954,torenovate,fueloil,547,4,1345,,,,,,,,,,10/18/22
10007084,house,house,160000,forsale,6980,notinstalled,1899,torenovate,fueloil,509,3,682,,,,,,,,,,10/18/22
10092041,house,house,179000,forsale,9500,semiequipped,1875,torenovate,gas,695,2,50,,true,,,,,,,,10/18/22
10095667,house,house,220000,forsale,9690,,1950,tobedoneup,fueloil,337,3,157,,true,,,,,,,,10/18/22
10087790,house,house,335000,forsale,1800,,1977,good,gas,210,5,60,,true,,,,,,,,10/18/22
10062942,house,house,345000,forsale,4040,installed,1997,good,gas,425,7,563,,,300,true,,,2,2,,10/18/22
9952288,house,house,349000,forsale,1341,,1970,torenovate,fueloil,477,3,720,,true,,true,true,,1,2,,10/18/22
10039006,house,house,349000,forsale,1800,,1948,justrenovated,gas,220,2,140,true,true,88,true,,,,,,10/18/22
10123702,house,house,389000,forsale,1210,notinstalled,1900,torenovate,gas,474,5,90,true,true,40,,true,,,,,10/18/22
9966250,house,house,390000,forsale,1170,notinstalled,1950,torenovate,gas,435,3,105,,true,,true,true,,,,,10/18/22
9914918,house,house,420000,forsale,4760,,2000,asnew,gas,119,4,1098,,true,,true,,,1,,,10/18/22
10121872,house,house,430000,forsale,1180,,1930,torenovate,gas,28568,2,177,,true,102,,true,,,,,10/18/22
9955007,house,house,440000,forsale,3140,installed,1977,torenovate,fueloil,431,2,1767,,,1600,,,,,,,10/18/22
9993342,house,house,450000,forsale,4280,hyperequipped,1960,asnew,fueloil,296,5,1254,,true,,true,true,,,4,,10/18/22
10087034,house,otherproperty,450000,forsale,9660,,2010,tobedoneup,pellet,163,8,3031,,true,,true,,,1,,,10/18/22
10087033,house,mixedusebuilding,450000,forsale,9660,,2010,tobedoneup,pellet,163,8,3031,,true,,true,,,1,,,10/18/22
10087032,house,house,450000,forsale,9660,,2010,tobedoneup,pellet,163,8,3031,,true,,true,,,1,,,10/18/22
10158470,apartmentgroup,apartmentgroup,447175-447175,forsale,1420,,,,,,,,,,,,,,1,,1,10/18/22
10158469,house,villa,295000,forsale,9340,,,torenovate,gas,260,3,0,true,,,,true,,1,3,,10/18/22
10158468,house,villa,255000,forsale,7601,,,good,,261,3,0,,,,,,,,,,10/18/22
10158466,house,house,425000,forsale,9041,installed,1959,good,gas,306,2,624,,true,,true,,,1,4,,10/18/22
10158464,apartment,duplex,320000,forsale,8300,installed,2008,good,,132,2,,,true,,true,,,,,,10/18/22
10158453,house,house,229000,forsale,9000,,,good,gas,397,0,35,,,,,,,,,,10/18/22
10158445,house,house,279000,forsale,9040,semiequipped,,tobedoneup,gas,363,2,189,,,,,,,,,,10/18/22
10158443,house,apartmentblock,1400000,forsale,31080,,,asnew,,,6,0,,,,true,,true,,,,10/18/22
10014855,house,house,475000,forsale,4000,installed,1948,asnew,gas,225,4,200,,,,true,,,2,2,,10/18/22
10125618,house,house,485000,forsale,1932,installed,1996,good,gas,196,4,135,,,61,,,,1,1,,10/18/22
9895953,house,villa,495000,forsale,1180,usainstalled,1900,good,gas,351,2,75,,,,,,,,,,10/18/22
10095146,house,house,495000,forsale,1200,usahyperequipped,1952,good,gas,440,3,240,,,127,true,,,,,,10/18/22
10005194,house,villa,499000,forsale,4684,installed,1991,good,fueloil,345,4,1752,,true,,true,true,,1,4,,10/18/22
10043594,house,house,499000,forsale,5500,notinstalled,1874,torenovate,fueloil,,16,595,true,true,329,,true,,,,,10/18/22
10009894,house,exceptionalproperty,499000,forsale,5500,notinstalled,1874,torenovate,fueloil,,16,595,true,true,329,,true,,,,,10/18/22
10101275,house,house,535000,forsale,1140,installed,1965,good,gas,458,3,143,,true,87,true,,,1,1,,10/18/22
10099094,house,house,535000,forsale,1200,installed,1950,tobedoneup,fueloil,369,3,170,,true,20,true,true,,1,1,,10/18/22
10127212,house,mansion,545000,forsale,2870,installed,1860,tobedoneup,gas,509,4,1275,,true,,true,,,1,,,10/18/22
10086787,house,house,545000,forsale,3090,hyperequipped,1967,good,gas,275,3,631,true,true,631,true,,,1,3,,10/18/22
9792725,house,house,549000,forsale,1420,semiequipped,1967,good,gas,193,6,555,true,,380,true,,true,,,,10/18/22
9789688,house,house,549000,forsale,1428,semiequipped,1967,good,gas,193,6,555,true,,380,true,,true,,,,10/18/22
10041197,house,house,570000,forsale,1330,installed,1900,torenovate,gas,642,5,1398,,,1060,true,,,,,,10/18/22
9851914,house,house,595000,forsale,1050,usasemiequipped,1900,good,gas,402,6,75,true,true,,,,,,,,10/18/22
10078043,house,villa,595000,forsale,4053,installed,1968,tobedoneup,fueloil,509,5,800,,true,,true,,,,3,,10/18/22
9679905,house,mixedusebuilding,639000,forsale,6900,installed,1940,good,fueloil,253,5,40100,true,true,,true,true,,,5,,10/18/22
9916186,house,villa,640000,forsale,1082,hyperequipped,1970,asnew,gas,460,5,293,,,200,true,,,,1,,10/18/22
10080211,house,villa,650000,forsale,4000,installed,1911,tobedoneup,gas,542,7,730,,true,,true,,,1,1,,10/18/22
10108197,house,countrycottage,690000,forsale,1785,installed,1980,tobedoneup,fueloil,701,4,2400,,true,,true,,,1,4,,10/18/22
10110755,house,house,695000,forsale,1040,hyperequipped,1940,good,gas,353,4,65,,true,,true,,,,,,10/18/22
9618806,house,house,695000,forsale,1060,installed,1930,good,gas,427,5,256,true,true,8,,,,,,,10/18/22
9617516,house,mixedusebuilding,695000,forsale,1060,installed,1930,good,gas,427,5,256,true,true,8,,,,,,,10/18/22
10049242,house,house,695000,forsale,1410,usahyperequipped,1970,tobedoneup,gas,187,5,500,,true,500,true,true,,,3,,10/18/22
10106819,house,house,700000,forsale,1640,installed,1990,good,gas,258,5,1102,,,,true,true,,1,,,10/18/22
10106818,house,house,700000,forsale,1650,installed,1990,good,gas,258,5,1102,,,,true,true,,1,,,10/18/22
10106820,house,house,700000,forsale,1652,installed,1990,good,gas,258,5,1102,,,,true,true,,1,,,10/18/22
10086163,house,house,749500,forsale,1850,usahyperequipped,2014,asnew,gas,105.55,5,646,,,,true,true,,,2,,10/18/22
10039330,house,mansion,785000,forsale,1000,hyperequipped,1899,torenovate,gas,294,5,241,,true,130,true,,,,,,10/18/22
10113655,house,apartmentblock,795000,forsale,1020,installed,1937,good,gas,163,8,270,,,150,true,,,1,1,,10/18/22
10158470,apartmentgroup,apartmentgroup,447175-447175,forsale,1420,,,,,,,,,,,,,,1,,1,10/18/22
10158469,house,villa,295000,forsale,9340,,,torenovate,gas,260,3,0,true,,,,true,,1,3,,10/18/22
10158468,house,villa,255000,forsale,7601,,,good,,261,3,0,,,,,,,,,,10/18/22
10158466,house,house,425000,forsale,9041,installed,1959,good,gas,306,2,624,,true,,true,,,1,4,,10/18/22
10158464,apartment,duplex,320000,forsale,8300,installed,2008,good,,132,2,,,true,,true,,,,,,10/18/22
10158453,house,house,229000,forsale,9000,,,good,gas,397,0,35,,,,,,,,,,10/18/22
10158445,house,house,279000,forsale,9040,semiequipped,,tobedoneup,gas,363,2,189,,,,,,,,,,10/18/22
10158443,house,apartmentblock,1400000,forsale,31080,,,asnew,,,6,0,,,,true,,true,,,,10/18/22
9858614,house,house,850000,forsale,1140,usahyperequipped,1925,good,gas,241,5,500,,true,,true,,,1,1,,10/18/22
10085735,house,apartmentblock,860000,forsale,1180,installed,1970,good,gas,167,6,373,,,,true,true,,2,,,10/18/22
10085732,house,house,860000,forsale,1180,installed,1970,good,gas,167,6,373,,,,true,true,,2,,,10/18/22
10085734,house,apartmentblock,860000,forsale,1620,installed,1970,good,gas,167,6,373,,,,true,true,,2,,,10/18/22
10085731,house,house,860000,forsale,1620,installed,1970,good,gas,167,6,373,,,,true,true,,2,,,10/18/22
10085733,house,apartmentblock,860000,forsale,1630,installed,1970,good,gas,167,6,373,,,,true,true,,2,,,10/18/22
10085730,house,house,860000,forsale,1630,installed,1970,good,gas,167,6,373,,,,true,true,,2,,,10/18/22
10024252,house,house,875000,forsale,1200,notinstalled,1928,torenovate,gas,583,6,360,,,105,true,,,1,2,,10/18/22
9968909,house,villa,890000,forsale,4900,installed,1911,tobedoneup,fueloil,459,3,3375,,,,true,,,1,2,,10/18/22
9694901,house,house,949000,forsale,1050,hyperequipped,1900,good,gas,,6,135,true,true,60,true,true,,,,,10/18/22
9515908,house,house,950000,forsale,1150,installed,1930,asnew,gas,,5,170,,true,100,true,,,2,2,,10/18/22
10120035,house,apartmentblock,975000,forsale,1060,usahyperequipped,1950,good,gas,110,9,80,,,,,,,,,,10/18/22
10118170,house,house,1190000,forsale,1190,usainstalled,1885,asnew,gas,,5,224,,true,102,true,,,,1,,10/18/22
10123026,house,house,1218750,forsale,1180,hyperequipped,2019,asnew,gas,,4,150,,,60,true,true,,,1,,10/18/22
10127410,house,mixedusebuilding,1295000,forsale,7730,installed,2008,asnew,gas,295,5,3700,,,,,,,,,,10/18/22
10127406,house,villa,1295000,forsale,7730,installed,2008,asnew,gas,295,5,3700,,,,,,,,,,10/18/22
10127413,house,mixedusebuilding,1295000,forsale,8587,installed,2008,asnew,gas,295,5,3700,,,,,,,,,,10/18/22
9961873,house,mixedusebuilding,1495000,forsale,1200,hyperequipped,1900,good,gas,571,4,83,,,,,,,,,,10/18/22
9819472,house,villa,1995000,forsale,8300,hyperequipped,2008,asnew,gas,129,6,627,,,,true,true,,,4,,10/18/22
10157521,house,house,345000,forsale,9260,semiequipped,1966,torenovate,,1229,3,650,true,true,450,true,,,1,,,10/18/22
10132334,house,house,230000,forsale,6030,installed,,justrenovated,gas,198,4,300,true,true,115,true,,,1,2,,10/18/22
10132335,house,house,249900,forsale,6250,semiequipped,,torenovate,gas,373,5,1185,true,true,900,true,true,,1,3,,10/18/22
10132757,house,house,290000,forsale,6800,semiequipped,1919,torenovate,fueloil,584,4,606,true,true,460,true,,,1,2,,10/18/22
10132761,house,house,360000,forsale,6790,semiequipped,,torenovate,fueloil,340,4,1000,true,,560,,,,1,4,,10/18/22
10132767,house,house,375000,forsale,1341,installed,1978,tobedoneup,gas,338,3,681,true,true,619,true,true,,2,3,,10/18/22
10132478,house,house,389000,forsale,3220,usainstalled,1900,torenovate,gas,536,3,1020,true,,,true,true,,,,,10/18/22
10133288,house,villa,939000,forsale,2920,hyperequipped,1997,good,gas,61,5,2013,,,1280,true,true,true,2,5,,10/18/22
10134715,house,countrycottage,875000,forsale,1400,hyperequipped,1999,good,fueloil,173,5,6347,true,true,,true,true,true,2,6,,10/18/22
10138285,house,house,249000,forsale,1501,semiequipped,1936,torenovate,gas,471,2,352,,true,,,,,1,1,,10/18/22
10087090,house,house,289000,forsale,6530,installed,2021,,gas,109,3,274,,,,,,,,2,1,10/18/22
10158470,apartmentgroup,apartmentgroup,447175-447175,forsale,1420,,,,,,,,,,,,,,1,,1,10/18/22
10158469,house,villa,295000,forsale,9340,,,torenovate,gas,260,3,0,true,,,,true,,1,3,,10/18/22
10158468,house,villa,255000,forsale,7601,,,good,,261,3,0,,,,,,,,,,10/18/22
10158466,house,house,425000,forsale,9041,installed,1959,good,gas,306,2,624,,true,,true,,,1,4,,10/18/22
10158464,apartment,duplex,320000,forsale,8300,installed,2008,good,,132,2,,,true,,true,,,,,,10/18/22
10158453,house,house,229000,forsale,9000,,,good,gas,397,0,35,,,,,,,,,,10/18/22
10158445,house,house,279000,forsale,9040,semiequipped,,tobedoneup,gas,363,2,189,,,,,,,,,,10/18/22
10158443,house,apartmentblock,1400000,forsale,31080,,,asnew,,,6,0,,,,true,,true,,,,10/18/22
10138648,house,house,295000,forsale,6690,notinstalled,1963,tobedoneup,fueloil,334,4,501,true,true,,true,true,,2,6,,10/18/22
10087089,house,house,299000,forsale,6530,installed,2022,,gas,111,3,317,,,250,true,,,,2,1,10/18/22
10139279,house,villa,345000,forsale,6687,installed,1994,good,fueloil,166,4,2437,,,,,,,1,,,10/18/22
10084873,house,house,345000,forsale,9890,hyperequipped,2021,asnew,gas,1,3,195,,,15,true,true,,,,1,10/18/22
10139190,house,house,350000,forsale,3870,semiequipped,1936,torenovate,gas,651,6,1507,,true,,true,true,,1,,,10/18/22
10084875,house,house,350000,forsale,9890,hyperequipped,2021,asnew,gas,1,3,198,,,15,true,true,,,,1,10/18/22
10084868,house,house,350000,forsale,9890,hyperequipped,2021,asnew,gas,1,3,198,,,15,true,,,,,1,10/18/22
10084870,house,house,355000,forsale,9890,hyperequipped,2021,asnew,gas,1,3,200,,,15,true,true,,,,1,10/18/22
9587279,house,villa,375000,forsale,4682,installed,2020,,gas,251,4,456,,,300,true,,,,1,1,10/18/22
10084866,house,house,380000,forsale,9890,hyperequipped,2021,asnew,gas,1,3,223,,,16,true,,,,,1,10/18/22
9973755,house,villa,550000,forsale,1300,usahyperequipped,2024,asnew,,95,3,1226,,,600,true,true,,1,2,1,10/18/22
10125924,house,villa,710000,forsale,1180,usahyperequipped,2021,asnew,gas,96,3,0,,,281,true,,,1,,1,10/18/22
10138251,house,villa,845000,forsale,1970,hyperequipped,1939,good,,554,3,631,,true,500,true,true,,2,1,,10/18/22
10144696,house,house,300000,forsale,9700,semiequipped,1982,torenovate,gas,395,3,642,,,,,,,1,2,,10/18/22
10144693,house,house,425000,forsale,9700,semiequipped,1966,torenovate,fueloil,563,4,1412,,true,,,,,1,3,,10/18/22
10144400,house,mixedusebuilding,625000,forsale,3110,,1995,good,gas,171,5,1761,,,1000,true,true,true,4,,,10/18/22
10144396,house,villa,625000,forsale,3110,,1995,good,gas,171,5,1761,,,1000,true,true,true,4,,,10/18/22
10146648,house,house,375000,forsale,1390,semiequipped,,tobedoneup,gas,428,5,1004,true,true,,true,true,,,,,10/18/22
10146391,house,house,500000,forsale,6700,installed,1986,good,wood,320,5,611,,,,,,,1,3,,10/18/22
10149570,house,house,265000,forsale,5190,semiequipped,,good,fueloil,583,3,388,,true,120,,,,1,,,10/18/22
10150870,house,house,595000,forsale,1370,installed,2009,good,fueloil,152,5,1241,,true,626,true,true,,2,2,,10/18/22
10151325,house,villa,740000,forsale,1652,,1973,tobedoneup,gas,340,5,2246,,,,true,,,1,,,10/18/22
10149710,house,villa,789000,forsale,2470,installed,2002,good,gas,202,3,2115,,,,true,,,2,,,10/18/22
10151128,house,house,1400000,forsale,1650,semiequipped,1950,torenovate,fueloil,829,4,6370,,true,,true,true,,1,4,,10/18/22
10139843,house,exceptionalproperty,1450000,forsale,1050,usahyperequipped,2022,justrenovated,gas,92,5,441,,,120,true,true,,,2,1,10/18/22
10151173,house,villa,2470000,forsale,1640,installed,1965,asnew,gas,215,5,2000,true,true,,true,true,,2,,,10/18/22
10156038,house,house,239000,forsale,4530,installed,,justrenovated,fueloil,236,3,136,,true,,true,,,,1,,10/18/22
10154859,house,house,385000,forsale,1370,installed,,asnew,,139,2,870,,,,true,,,,,,10/18/22
10156000,house,apartmentblock,1398000,forsale,2812,semiequipped,1971,good,gas,360,12,710,,true,,true,true,,12,,,10/18/22
10130206,house,house,59000,forsale,4180,notinstalled,1890,torenovate,,464,3,152,true,,,,,,1,,,10/18/22
10158470,apartmentgroup,apartmentgroup,447175-447175,forsale,1420,,,,,,,,,,,,,,1,,1,10/18/22
10158469,house,villa,295000,forsale,9340,,,torenovate,gas,260,3,0,true,,,,true,,1,3,,10/18/22
10158468,house,villa,255000,forsale,7601,,,good,,261,3,0,,,,,,,,,,10/18/22
10158466,house,house,425000,forsale,9041,installed,1959,good,gas,306,2,624,,true,,true,,,1,4,,10/18/22
10158464,apartment,duplex,320000,forsale,8300,installed,2008,good,,132,2,,,true,,true,,,,,,10/18/22
10158453,house,house,229000,forsale,9000,,,good,gas,397,0,35,,,,,,,,,,10/18/22
10158445,house,house,279000,forsale,9040,semiequipped,,tobedoneup,gas,363,2,189,,,,,,,,,,10/18/22
10158443,house,apartmentblock,1400000,forsale,31080,,,asnew,,,6,0,,,,true,,true,,,,10/18/22
10130204,house,house,195000,forsale,4540,semiequipped,1900,tobedoneup,gas,599,3,925,true,true,800,true,,,1,,,10/18/22
10130197,house,house,219000,forsale,4460,notinstalled,1970,tobedoneup,fueloil,385,5,418,,true,250,true,,,1,,,10/18/22
10130973,house,house,269000,forsale,3840,semiequipped,1973,tobedoneup,gas,555,3,450,,true,,true,,,1,,,10/18/22
10131851,house,house,290000,forsale,4000,notinstalled,,good,gas,253,4,130,,true,60,,,,1,,,10/18/22
10131847,house,apartmentblock,290000,forsale,4000,notinstalled,,good,gas,253,4,130,,true,60,,,,1,,,10/18/22
10130905,house,house,450000,forsale,3090,installed,1918,tobedoneup,gas,467,5,240,true,true,,true,,,,2,,10/18/22
10130870,house,house,450000,forsale,4540,installed,1930,good,gas,247,3,255,,true,,,true,,,,,10/18/22
10137642,house,house,225000,forsale,2800,semiequipped,1935,torenovate,gas,538,2,210,,true,120,true,,,,,,10/18/22
10137903,house,house,249000,forsale,1500,semiequipped,1936,torenovate,gas,471,2,352,,true,,,,,1,1,,10/18/22
10136134,house,house,250000,forsale,9000,,,tobedoneup,gas,414,4,46,,,,true,,,,,,10/18/22
10135990,house,house,259000,forsale,4140,installed,1963,asnew,gas,255,3,561,,,200,true,,,1,3,,10/18/22
10137616,house,villa,280000,forsale,7910,semiequipped,1969,tobedoneup,fueloil,325,4,470,,,,,,,1,,,10/18/22
10137908,house,house,289000,forsale,4000,semiequipped,,tobedoneup,gas,146,4,261,,true,,true,true,,,,,10/18/22
10135989,house,house,339000,forsale,4870,installed,,tobedoneup,fueloil,287,3,2014,true,true,1800,true,,,1,2,,10/18/22
10136829,house,house,369000,forsale,1800,hyperequipped,1984,,gas,395,3,205,,,100,true,true,,1,,,10/18/22
10137625,house,house,375000,forsale,8520,installed,,good,gas,208,3,439,,true,,true,,,,3,,10/18/22
10137934,house,house,399000,forsale,1830,installed,1929,,gas,308,4,108,,true,,true,,,,,,10/18/22
10137933,house,house,449000,forsale,1130,installed,1960,,gas,367,5,302,,true,170,true,,,,,,10/18/22
10136198,house,house,490000,forsale,4500,installed,2011,asnew,electric,322,3,6057,true,,6057,true,,,1,2,,10/18/22
10137541,house,apartmentblock,530000,forsale,4000,installed,,good,fueloil,396,4,160,,true,,true,,,,,,10/18/22
10137696,house,villa,695000,forsale,9680,installed,2000,good,,226,3,3839,,,,,,,,,,10/18/22
10137692,house,mixedusebuilding,695000,forsale,9680,installed,2000,good,,226,3,3839,,,,,,,,,,10/18/22
10137368,house,house,749000,forsale,2800,installed,2002,good,gas,127,5,405,,,,true,,,1,,,10/18/22
10155851,house,villa,1150000,forsale,3090,hyperequipped,2022,,,,6,1707,true,,1450,true,true,,1,2,1,10/18/22
10140918,house,house,115000,forsale,1470,notinstalled,1875,torenovate,,364,2,140,true,true,88,,,,,,,10/18/22
10140545,house,mixedusebuilding,149000,forsale,4000,,1970,torenovate,gas,499,3,45,,true,,,,,,,,10/18/22
10141440,house,house,225000,forsale,3840,installed,1957,torenovate,fueloil,867,3,436,,true,,,,,1,,,10/18/22
10141754,house,house,290000,forsale,6700,,1958,torenovate,fueloil,,2,1640,,true,,,,,1,4,,10/18/22
10146917,house,house,249000,forsale,4020,installed,,tobedoneup,gas,250,4,197,,true,123,,true,,,,,10/18/22
10147083,house,house,325000,forsale,4500,semiequipped,,tobedoneup,fueloil,396,4,1540,,true,1200,true,,,1,4,,10/18/22
10158470,apartmentgroup,apartmentgroup,447175-447175,forsale,1420,,,,,,,,,,,,,,1,,1,10/18/22
10158469,house,villa,295000,forsale,9340,,,torenovate,gas,260,3,0,true,,,,true,,1,3,,10/18/22
10158468,house,villa,255000,forsale,7601,,,good,,261,3,0,,,,,,,,,,10/18/22
10158466,house,house,425000,forsale,9041,installed,1959,good,gas,306,2,624,,true,,true,,,1,4,,10/18/22
10158464,apartment,duplex,320000,forsale,8300,installed,2008,good,,132,2,,,true,,true,,,,,,10/18/22
10158453,house,house,229000,forsale,9000,,,good,gas,397,0,35,,,,,,,,,,10/18/22
10158445,house,house,279000,forsale,9040,semiequipped,,tobedoneup,gas,363,2,189,,,,,,,,,,10/18/22
10158443,house,apartmentblock,1400000,forsale,31080,,,asnew,,,6,0,,,,true,,true,,,,10/18/22
10148249,house,mixedusebuilding,329000,forsale,8480,installed,1984,tobedoneup,gas,382,5,979,,,,,,,3,,,10/18/22
10148247,house,house,329000,forsale,8480,installed,1984,tobedoneup,gas,382,5,979,,,,,,,3,,,10/18/22
10148248,house,house,349000,forsale,8480,installed,1977,good,gas,166,3,547,,,,,,,,,,10/18/22
10147496,house,house,598000,forsale,2820,semiequipped,1962,torenovate,gas,590,3,3628,,,,true,true,,2,6,,10/18/22
10147796,house,villa,635000,forsale,1410,,1972,torenovate,gas,,4,674,,,,,true,,,,,10/18/22
10147704,house,house,675000,forsale,1200,hyperequipped,1955,asnew,gas,383,3,120,,true,15,true,,,1,1,,10/18/22
10147475,house,house,915000,forsale,2630,installed,1961,good,electric,129,3,690,,true,,true,true,,1,5,,10/18/22
10153837,house,house,373000,forsale,7912,installed,2021,good,,,4,716,,,,true,,,1,,,10/18/22
9987439,house,house,25000,forsale,4530,installed,1978,good,fueloil,442,3,1523,,true,,true,,,1,3,,10/18/22
10053970,house,house,50000,forsale,4350,hyperequipped,1874,asnew,fueloil,283,4,832,true,,372,true,true,true,1,1,,10/18/22
9888846,house,house,99000,forsale,4030,notinstalled,,torenovate,gas,433,2,114,,true,,true,,,1,,,10/18/22
10020173,house,house,99000,forsale,4500,notinstalled,,torenovate,gas,409,2,65,,true,,,,,,,,10/18/22
10098943,house,house,99000,forsale,4520,notinstalled,1875,torenovate,,675,3,500,true,,440,,,,,,,10/18/22
9763757,house,house,119000,forsale,6031,semiequipped,1950,tobedoneup,gas,479,3,127,,true,,,true,,1,,,10/18/22
10100021,house,house,125000,forsale,9600,semiequipped,1952,tobedoneup,electric,347,2,260,,,,,,,,,,10/18/22
10087602,house,house,139000,forsale,4000,installed,1915,torenovate,gas,696,3,434,,true,350,true,,,,,,10/18/22
10033771,house,apartmentblock,149000,forsale,4020,semiequipped,,tobedoneup,gas,313,2,190,,true,,true,true,,,,,10/18/22
10018090,house,house,149000,forsale,4020,semiequipped,,tobedoneup,gas,313,2,190,,true,,true,true,,,,,10/18/22
9915804,house,house,149000,forsale,4051,notinstalled,1909,torenovate,,179,3,150,,,30,true,,,1,2,,10/18/22
10112043,house,house,149000,forsale,4690,notinstalled,1910,torenovate,,599,3,404,,,250,true,,,,1,,10/18/22
10058044,house,house,150000,forsale,4520,semiequipped,1850,tobedoneup,,448,2,76,,true,,true,,,,,,10/18/22
9722779,house,house,160000,forsale,6182,installed,1930,good,gas,187,4,950,,,950,true,,,,,,10/18/22
10099140,house,house,165000,forsale,6180,installed,1950,justrenovated,gas,275,3,321,true,true,172,,,,1,,,10/18/22
10097442,house,house,165000,forsale,6182,installed,1950,justrenovated,gas,275,3,321,true,true,172,,,,1,,,10/18/22
10025644,house,mixedusebuilding,169000,forsale,4500,semiequipped,,torenovate,gas,304,0,159,,true,,true,,,,,,10/18/22
9795897,house,house,169000,forsale,9255,installed,1919,torenovate,gas,813,3,170,,,,,,,,,,10/18/22
10058567,house,house,175000,forsale,1495,usainstalled,1850,good,electric,262,2,74,,,,true,,,,,,10/18/22
9988685,house,house,175000,forsale,4347,installed,1899,good,fueloil,491,2,107,,true,,,true,,1,1,,10/18/22
10108185,house,house,175000,forsale,4480,semiequipped,1900,tobedoneup,gas,587,3,597,,true,467,true,,,1,,,10/18/22
10125935,house,mixedusebuilding,179000,forsale,4480,installed,1899,tobedoneup,gas,244,3,74,,true,,,,,,,,10/18/22
10158470,apartmentgroup,apartmentgroup,447175-447175,forsale,1420,,,,,,,,,,,,,,1,,1,10/18/22
10158469,house,villa,295000,forsale,9340,,,torenovate,gas,260,3,0,true,,,,true,,1,3,,10/18/22
10158468,house,villa,255000,forsale,7601,,,good,,261,3,0,,,,,,,,,,10/18/22
10158466,house,house,425000,forsale,9041,installed,1959,good,gas,306,2,624,,true,,true,,,1,4,,10/18/22
10158464,apartment,duplex,320000,forsale,8300,installed,2008,good,,132,2,,,true,,true,,,,,,10/18/22
10158453,house,house,229000,forsale,9000,,,good,gas,397,0,35,,,,,,,,,,10/18/22
10158445,house,house,279000,forsale,9040,semiequipped,,tobedoneup,gas,363,2,189,,,,,,,,,,10/18/22
10158443,house,apartmentblock,1400000,forsale,31080,,,asnew,,,6,0,,,,true,,true,,,,10/18/22
10020640,house,house,179000,forsale,6041,semiequipped,,tobedoneup,fueloil,550,4,267,true,,70,true,true,,1,,,10/18/22
10111591,house,house,179900,forsale,9200,semiequipped,1931,tobedoneup,,400,3,130,,true,,,,,,,,10/18/22
10117153,house,house,186000,forsale,4870,notinstalled,1989,torenovate,,594,2,449,,,350,,,,1,3,,10/18/22
10118264,house,house,189000,forsale,4500,semiequipped,1850,good,gas,237,2,67,,true,,true,,,,1,,10/18/22
10116505,house,house,195000,forsale,4500,installed,1850,tobedoneup,,454,2,337,,,,true,,,1,,,10/18/22
10080487,house,house,199000,forsale,9140,notinstalled,1938,torenovate,electric,1140,3,110,true,true,,true,,,,,,10/18/22
10090171,house,house,199000,forsale,9600,semiequipped,1930,good,fueloil,532,4,190,true,true,80,true,,,,,,10/18/22
10090172,house,house,219500,forsale,9600,installed,1930,good,gas,224,4,315,true,true,200,true,true,,,,,10/18/22
10096184,house,house,229000,forsale,4500,installed,,justrenovated,gas,424,3,140,,true,50,true,,,,,,10/18/22
10097797,house,house,235000,forsale,5190,installed,1880,justrenovated,fueloil,407,4,80,,true,32,true,true,,,1,,10/18/22
9875083,house,house,235000,forsale,6140,semiequipped,1950,good,gas,259,4,480,,true,300,true,true,,2,2,,10/18/22
10042039,house,bungalow,239000,forsale,4570,installed,,torenovate,fueloil,433,3,2931,,,2648,,,,1,,,10/18/22
10034520,house,house,239000,forsale,7500,semiequipped,,asnew,gas,324,4,240,true,true,140,true,,,,,,10/18/22
10105792,house,house,239000,forsale,9340,installed,1925,torenovate,gas,1022,3,418,true,,100,true,,,2,3,,10/18/22
10092724,house,house,239000,forsale,9600,semiequipped,1930,good,fueloil,532,4,190,true,true,80,true,,,1,,,10/18/22
10108186,house,house,239500,forsale,4260,semiequipped,1974,asnew,,305,2,283,,,200,true,,,,2,,10/18/22
10082021,house,house,240000,forsale,4540,semiequipped,1899,good,fueloil,249,3,307,,true,200,true,,,,,,10/18/22
9964122,house,mixedusebuilding,249000,forsale,1480,semiequipped,1950,good,gas,467,2,316,,,,,true,,,,,10/18/22
10110816,house,apartmentblock,249000,forsale,4102,semiequipped,1956,tobedoneup,gas,271,4,252,,true,,true,,,2,,,10/18/22
10126311,house,house,249000,forsale,6950,semiequipped,1910,tobedoneup,fueloil,474,3,2361,true,true,2091,true,,,1,2,,10/18/22
9991096,house,house,259000,forsale,7100,installed,1977,asnew,gas,294,3,429,true,,,true,true,,1,1,,10/18/22
9959802,house,house,259000,forsale,9600,semiequipped,1930,good,gas,71,3,82,,,,,,,,1,,10/18/22
9813651,house,house,259000,forsale,9600,semiequipped,1930,good,gas,71,3,82,,,,,,,,1,,10/18/22
10054504,house,house,259500,forsale,6800,notinstalled,1975,torenovate,fueloil,463,4,929,,true,820,true,,,1,1,,10/18/22
9954446,house,house,262000,forsale,9000,installed,1918,good,gas,341,3,60,,,,,,,,,,10/18/22
10129073,house,house,275000,forsale,3890,installed,1979,good,gas,507,2,1128,,true,,true,,,1,3,,10/18/22
10012575,house,house,275000,forsale,4430,installed,1986,good,electric,392,3,247,true,,85,true,,,1,3,,10/18/22
10126124,house,house,289000,forsale,4683,installed,1965,torenovate,gas,326,3,957,,,900,true,,,2,4,,10/18/22
10117256,house,house,289000,forsale,9340,semiequipped,1972,good,fueloil,684,3,557,true,,,true,,,1,2,,10/18/22
10109617,house,house,290000,forsale,4020,installed,1958,tobedoneup,gas,663,3,258,true,true,,,true,,1,4,,10/18/22
10158470,apartmentgroup,apartmentgroup,447175-447175,forsale,1420,,,,,,,,,,,,,,1,,1,10/18/22
10158469,house,villa,295000,forsale,9340,,,torenovate,gas,260,3,0,true,,,,true,,1,3,,10/18/22
10158468,house,villa,255000,forsale,7601,,,good,,261,3,0,,,,,,,,,,10/18/22
10158466,house,house,425000,forsale,9041,installed,1959,good,gas,306,2,624,,true,,true,,,1,4,,10/18/22
10158464,apartment,duplex,320000,forsale,8300,installed,2008,good,,132,2,,,true,,true,,,,,,10/18/22
10158453,house,house,229000,forsale,9000,,,good,gas,397,0,35,,,,,,,,,,10/18/22
10158445,house,house,279000,forsale,9040,semiequipped,,tobedoneup,gas,363,2,189,,,,,,,,,,10/18/22
10158443,house,apartmentblock,1400000,forsale,31080,,,asnew,,,6,0,,,,true,,true,,,,10/18/22
10108176,house,house,295000,forsale,2660,semiequipped,1947,tobedoneup,gas,482,3,102,,true,,,,,1,,,10/18/22
9999696,house,house,295000,forsale,4400,installed,1967,tobedoneup,fueloil,678,6,1526,,true,,true,,,3,,,10/18/22
9870875,house,house,295000,forsale,4480,installed,1940,good,gas,430,4,612,,,500,true,true,,1,,,10/18/22
10003436,house,mixedusebuilding,295000,forsale,9600,installed,1899,tobedoneup,gas,555,5,480,true,true,,true,true,,1,2,,10/18/22
10033803,house,house,295000,forsale,9890,semiequipped,1899,torenovate,gas,405,5,329,,true,,true,,,3,,,10/18/22
10051145,house,townhouse,299000,forsale,2830,hyperequipped,1936,tobedoneup,gas,193,4,216,,,,true,true,,,,,10/18/22
10105626,house,mixedusebuilding,299000,forsale,4540,semiequipped,1899,good,gas,167,4,261,,true,,true,,,2,1,,10/18/22
9974578,house,house,299000,forsale,6900,semiequipped,,tobedoneup,fueloil,323,6,1203,,,,true,,,1,4,,10/18/22
9641327,house,house,299000,forsale,7180,notinstalled,1950,torenovate,gas,505,4,1752,true,true,1750,,,,1,1,,10/18/22
9987047,house,house,299000,forsale,7370,hyperequipped,2020,asnew,gas,114,4,250,true,,110,true,true,,,1,,10/18/22
10032637,house,house,299000,forsale,7380,hyperequipped,2020,asnew,gas,114,4,250,true,,110,true,true,,,1,,10/18/22
9386122,house,house,300000,forsale,1400,hyperequipped,1968,tobedoneup,fueloil,652,3,794,,true,600,true,true,,1,,,10/18/22
10087763,house,countrycottage,300000,forsale,4260,installed,,good,fueloil,533,4,1054,true,true,900,true,,,1,1,,10/18/22
9922694,house,house,310000,forsale,1390,installed,1964,tobedoneup,fueloil,642,2,770,true,true,,true,,,1,3,,10/18/22
9930196,house,villa,315000,forsale,1490,installed,1977,good,wood,393,2,1100,,true,,true,,,1,3,,10/18/22
9928136,house,villa,315000,forsale,7180,semiequipped,1973,torenovate,wood,482,3,2129,,true,,true,true,,5,6,,10/18/22
9819712,house,house,320000,forsale,1457,installed,,good,gas,376,2,622,true,true,,true,true,,1,3,,10/18/22
10108594,house,villa,325000,forsale,8530,installed,1984,tobedoneup,electric,638,4,611,,,,,,,1,2,,10/18/22
9897583,house,house,329000,forsale,8510,installed,2018,asnew,gas,126,3,198,,,,true,,,1,,,10/18/22
9971622,house,house,335000,forsale,4453,semiequipped,1975,good,fueloil,420,2,1095,,true,500,true,,,1,,,10/18/22
10072094,house,house,340000,forsale,6840,usainstalled,1963,asnew,fueloil,208,3,916,true,true,,true,true,,1,1,,10/18/22
9943761,house,house,345000,forsale,1390,semiequipped,,good,fueloil,453,3,559,,true,,true,,,1,1,,10/18/22
10126643,house,villa,349000,forsale,9600,installed,1982,good,gas,218,4,775,,true,,true,true,,1,,,10/18/22
10099200,house,countrycottage,349500,forsale,7890,installed,1900,good,fueloil,749,4,1476,,,800,true,,,1,6,,10/18/22
10080378,house,mixedusebuilding,350000,forsale,4360,installed,1974,tobedoneup,fueloil,356,1,1285,,true,900,true,,,1,3,,10/18/22
10126196,house,house,360000,forsale,1651,hyperequipped,1899,good,gas,341,3,260,true,,,true,,,,,,10/18/22
10072852,house,house,365000,forsale,1490,installed,2015,good,,72,4,249,,true,,true,,,,2,,10/18/22
10092478,house,mixedusebuilding,365000,forsale,4540,semiequipped,1899,good,fueloil,249,3,457,,true,200,true,,,,,,10/18/22
10129135,house,house,368500,forsale,2110,semiequipped,1954,good,fueloil,905,3,1214,,true,,true,,,2,,,10/18/22
10113692,house,house,375000,forsale,1400,usainstalled,1900,asnew,gas,178,4,91,true,true,,true,,,,,,10/18/22
10158489,apartment,groundfloor,298000,forsale,1853,,1971,good,gas,355,2,,,,,true,,,,,,10/18/22
10158488,apartment,apartment,279000,forsale,2630,installed,1979,,gas,233,2,,,,,,,,2,1,,10/18/22
10158487,house,townhouse,995000,forsale,1150,hyperequipped,1954,torenovate,,439,6,322,,true,165,true,,,1,2,,10/18/22
10158485,house,countrycottage,825000,forsale,1702,semiequipped,1963,torenovate,fueloil,824,4,9143,,true,,,,,1,,,10/18/22
9921619,apartment,apartment,255000,forsale,7700,installed,,justrenovated,gas,277,4,,,true,,true,,,,,,10/18/22
10158481,house,house,345000,forsale,3001,,1963,torenovate,gas,326,3,90,,true,,,,,,,,10/18/22
10158478,apartmentgroup,apartmentgroup,322750-322750,forsale,9630,,,,,,,,,,,,,,,,1,10/18/22
10158470,apartmentgroup,apartmentgroup,447175-447175,forsale,1420,,,,,,,,,,,,,,1,,1,10/18/22
9977072,house,house,375000,forsale,4960,usainstalled,1978,tobedoneup,fueloil,395,4,934,true,true,,true,true,,2,3,,10/18/22
9983190,house,house,385000,forsale,1800,installed,1959,good,,292,3,224,true,true,120,true,true,,,,,10/18/22
10099196,house,house,385000,forsale,4260,installed,1900,good,fueloil,249,4,807,true,true,105,true,true,,1,4,,10/18/22
9959167,house,mixedusebuilding,389000,forsale,9200,semiequipped,1978,torenovate,gas,619,3,1988,,,325,true,,,1,4,,10/18/22
9959163,house,house,389000,forsale,9200,semiequipped,1978,torenovate,gas,619,3,1988,,,325,true,,,1,4,,10/18/22
9913775,house,house,390000,forsale,1620,usahyperequipped,1930,asnew,gas,667,3,160,,true,100,true,,,,1,,10/18/22
10083660,house,villa,395000,forsale,7760,,1999,good,fueloil,313,4,1164,true,true,1024,true,,,1,3,,10/18/22
9836225,house,house,399000,forsale,1800,installed,1958,justrenovated,gas,443,2,417,true,true,,,true,,1,,,10/18/22
10104266,house,house,399000,forsale,2830,hyperequipped,1965,torenovate,gas,712,4,497,,,,true,,,1,,,10/18/22
9953275,house,house,399000,forsale,4870,installed,2017,good,,106,3,1500,,,1050,true,,,1,2,,10/18/22
10126115,house,house,425000,forsale,9040,installed,,asnew,gas,100,4,80,true,,12,true,true,,,,,10/18/22
10117346,house,house,425000,forsale,9040,installed,,asnew,gas,100,4,80,true,,12,true,true,,,,,10/18/22
10076390,house,house,429000,forsale,2830,usainstalled,,justrenovated,gas,166,3,217,true,true,108,true,,,,2,,10/18/22
9772656,house,apartmentblock,429000,forsale,4610,installed,2016,good,gas,117,4,440,,,115,true,,,,3,,10/18/22
10005306,house,house,429000,forsale,9506,semiequipped,,good,fueloil,446,3,5780,true,true,5400,true,,,3,10,,10/18/22
9743641,house,house,430000,forsale,1180,installed,,good,gas,377,4,91,,true,,true,true,,,,,10/18/22
10111135,house,house,440000,forsale,4500,installed,,asnew,gas,365,5,410,,true,325,true,,,1,,,10/18/22
10050912,house,house,460000,forsale,1435,installed,2019,,gas,23,3,397,,,215,true,,,,2,,10/18/22
9948845,house,house,460000,forsale,7061,installed,1998,good,gas,210,4,1531,,,,true,,,1,4,,10/18/22
10072747,house,house,465000,forsale,6780,installed,2004,good,fueloil,296,5,1522,,,,,,,1,3,,10/18/22
9271193,house,bungalow,469000,forsale,4020,installed,1970,good,fueloil,340,4,850,true,true,600,true,,,1,2,,10/18/22
9748285,house,house,470000,forsale,1630,usainstalled,1957,asnew,gas,400,4,180,,,,,,,,,,10/18/22
10080516,house,house,475000,forsale,8710,usahyperequipped,1975,good,gas,189,4,1590,true,true,1200,true,true,true,1,1,,10/18/22
9986141,house,house,479000,forsale,9170,installed,1996,good,gas,198,3,653,,,,true,,,1,2,,10/18/22
10128063,house,mixedusebuilding,495000,forsale,4432,hyperequipped,1947,asnew,fueloil,230,5,597,,true,400,true,true,,2,,,10/18/22
10115591,house,house,498000,forsale,2830,hyperequipped,2005,good,gas,179,3,401,,,,true,,,1,2,,10/18/22
9695437,house,house,520000,forsale,1932,usahyperequipped,1960,good,,614,3,495,true,true,495,true,,,1,1,,10/18/22
10115331,house,house,520000,forsale,8790,installed,1971,justrenovated,gas,268,4,115,,,,,,,,,,10/18/22
10046318,house,mansion,530000,forsale,4000,installed,,good,fueloil,396,4,160,,true,,true,,,,,,10/18/22
10122924,house,house,545000,forsale,9170,installed,2002,good,gas,149,3,585,,,,true,true,,,2,,10/18/22
10158489,apartment,groundfloor,298000,forsale,1853,,1971,good,gas,355,2,,,,,true,,,,,,10/18/22
10158488,apartment,apartment,279000,forsale,2630,installed,1979,,gas,233,2,,,,,,,,2,1,,10/18/22
10158487,house,townhouse,995000,forsale,1150,hyperequipped,1954,torenovate,,439,6,322,,true,165,true,,,1,2,,10/18/22
10158485,house,countrycottage,825000,forsale,1702,semiequipped,1963,torenovate,fueloil,824,4,9143,,true,,,,,1,,,10/18/22
9921619,apartment,apartment,255000,forsale,7700,installed,,justrenovated,gas,277,4,,,true,,true,,,,,,10/18/22
10158481,house,house,345000,forsale,3001,,1963,torenovate,gas,326,3,90,,true,,,,,,,,10/18/22
10158478,apartmentgroup,apartmentgroup,322750-322750,forsale,9630,,,,,,,,,,,,,,,,1,10/18/22
10158470,apartmentgroup,apartmentgroup,447175-447175,forsale,1420,,,,,,,,,,,,,,1,,1,10/18/22
10094748,house,house,549000,forsale,1932,usahyperequipped,1998,good,gas,235,4,156,,,31,true,,,1,2,,10/18/22
10123939,house,house,549000,forsale,6890,notinstalled,1958,torenovate,fueloil,494,6,1145,true,,950,true,,,1,4,,10/18/22
10106585,house,villa,550000,forsale,1420,usahyperequipped,1988,asnew,electric,406,3,906,true,,400,true,,,1,2,,10/18/22
10019720,house,house,550000,forsale,4500,installed,1996,good,fueloil,322,5,3736,,,3000,true,true,,,6,,10/18/22
10122995,house,house,550000,forsale,5651,semiequipped,,asnew,fueloil,268,6,1228,true,true,400,true,true,,1,8,,10/18/22
10122997,house,house,550000,forsale,6120,semiequipped,,asnew,fueloil,268,6,1228,true,true,400,true,true,,1,8,,10/18/22
10122996,house,house,550000,forsale,6280,semiequipped,,asnew,fueloil,268,6,1228,true,true,400,true,true,,1,8,,10/18/22
10103785,house,house,550000,forsale,6640,usahyperequipped,2015,asnew,electric,66,5,968,,true,968,true,,,,,,10/18/22
10093135,house,villa,550000,forsale,8790,installed,1989,good,electric,373,5,941,true,,750,true,true,,1,2,,10/18/22
9964884,house,house,595000,forsale,1020,installed,1938,good,,316,4,250,,,90,true,,,1,1,,10/18/22
9924203,house,villa,599000,forsale,1650,installed,1952,justrenovated,gas,521,3,1689,,true,,true,true,,1,3,,10/18/22
9866877,house,house,600000,forsale,1400,hyperequipped,1900,asnew,gas,220,6,490,,true,200,true,true,,,,,10/18/22
9963935,house,house,615000,forsale,1020,installed,1986,good,gas,337,5,330,,true,110,true,true,,1,2,,10/18/22
10095459,house,apartmentblock,635000,forsale,1090,notinstalled,1900,good,gas,340,6,305,,true,211,,,,,,,10/18/22
10129729,house,villa,675000,forsale,1860,installed,1988,good,gas,212,4,596,,true,,true,true,,3,2,,10/18/22
10129916,house,villa,675000,forsale,8490,installed,1971,good,fueloil,535,3,1500,,,,true,,,,4,,10/18/22
10127499,house,villa,695000,forsale,9255,usahyperequipped,1983,asnew,electric,635,4,2405,,true,,,,,3,5,,10/18/22
10109426,house,exceptionalproperty,720000,forsale,3078,usasemiequipped,1955,tobedoneup,,854,5,4200,true,true,4000,true,true,,2,5,,10/18/22
10100805,house,villa,725000,forsale,2970,installed,1978,good,gas,232,4,2077,,,,,,,4,,,10/18/22
9943710,house,villa,730000,forsale,1640,usahyperequipped,,asnew,gas,189,5,506,,,400,true,true,,,2,,10/18/22
10116392,house,mansion,785000,forsale,1050,usahyperequipped,1912,good,gas,416,3,95,true,true,,true,,,,,,10/18/22
8373923,house,house,799000,forsale,9200,installed,1930,good,gas,296,4,181,,,,,,,,,,10/18/22
10109147,house,villa,845000,forsale,8420,hyperequipped,2007,asnew,gas,207,4,2616,,,1250,,,,4,5,,10/18/22
9983565,house,villa,850000,forsale,8500,installed,1992,good,fueloil,221,5,1835,,true,,true,,,2,20,,10/18/22
10096266,house,villa,865000,forsale,8000,hyperequipped,,asnew,gas,270,5,1216,,,535,,,true,1,5,,10/18/22
10074639,house,house,875000,forsale,2400,installed,1970,good,fueloil,361,5,1322,,true,806,true,true,,2,5,,10/18/22
10107023,house,exceptionalproperty,880000,forsale,2570,installed,1972,tobedoneup,fueloil,271,5,900,,,,true,true,,1,2,,10/18/22
10086592,house,house,950000,forsale,4031,hyperequipped,1989,asnew,fueloil,164,6,2378,,true,2032,true,true,,3,5,,10/18/22
10107685,house,villa,995000,forsale,1180,hyperequipped,1963,torenovate,fueloil,516,5,600,,,,true,true,,1,1,,10/18/22
9718451,house,villa,995000,forsale,1420,usahyperequipped,1991,asnew,,184,3,1600,true,true,900,true,true,,2,4,,10/18/22
10158489,apartment,groundfloor,298000,forsale,1853,,1971,good,gas,355,2,,,,,true,,,,,,10/18/22
10158488,apartment,apartment,279000,forsale,2630,installed,1979,,gas,233,2,,,,,,,,2,1,,10/18/22
10158487,house,townhouse,995000,forsale,1150,hyperequipped,1954,torenovate,,439,6,322,,true,165,true,,,1,2,,10/18/22
10158485,house,countrycottage,825000,forsale,1702,semiequipped,1963,torenovate,fueloil,824,4,9143,,true,,,,,1,,,10/18/22
9921619,apartment,apartment,255000,forsale,7700,installed,,justrenovated,gas,277,4,,,true,,true,,,,,,10/18/22
10158481,house,house,345000,forsale,3001,,1963,torenovate,gas,326,3,90,,true,,,,,,,,10/18/22
10158478,apartmentgroup,apartmentgroup,322750-322750,forsale,9630,,,,,,,,,,,,,,,,1,10/18/22
10158470,apartmentgroup,apartmentgroup,447175-447175,forsale,1420,,,,,,,,,,,,,,1,,1,10/18/22
9898404,house,mixedusebuilding,1070000,forsale,4260,hyperequipped,2010,asnew,gas,253,3,1700,,true,,true,,,1,40,,10/18/22
10108707,house,villa,1095000,forsale,2570,installed,1997,asnew,fueloil,227,5,1650,,true,,true,true,,5,5,,10/18/22
10106732,house,exceptionalproperty,1149000,forsale,8000,installed,,asnew,gas,221,10,277,,,53,,,,1,2,,10/18/22
10041333,house,villa,1150000,forsale,9551,hyperequipped,2013,asnew,gas,93,6,1154,true,,700,true,,true,1,6,,10/18/22
10108111,house,villa,1200000,forsale,2491,installed,2009,asnew,gas,143,3,6565,,true,4700,true,,,2,4,,10/18/22
10015176,house,manorhouse,1295000,forsale,8790,semiequipped,1968,torenovate,fueloil,312,5,2250,,true,,true,,,2,10,,10/18/22
10105852,house,house,1375000,forsale,8300,hyperequipped,2004,good,gas,131,5,145,,,,true,,,1,1,,10/18/22
9987311,house,exceptionalproperty,1780000,forsale,1180,hyperequipped,1900,justrenovated,gas,367,6,350,true,true,300,true,true,,3,,,10/18/22
9241544,house,house,2950000,forsale,1180,hyperequipped,1980,asnew,gas,115,5,2000,,true,2000,true,true,,4,,,10/18/22
10157465,house,house,129000,forsale,4020,semiequipped,,torenovate,gas,462,3,210,,,20,true,,,,,,10/18/22
10157464,house,house,149000,forsale,4870,semiequipped,,torenovate,,424,3,241,,,80,true,,,,,,10/18/22
10157468,house,mixedusebuilding,225000,forsale,4870,semiequipped,,good,gas,184,3,289,,true,75,true,,,,,,10/18/22
10157740,house,townhouse,315000,forsale,7160,usahyperequipped,2011,asnew,gas,126,3,195,,,195,true,true,,2,,,10/18/22
10157775,house,villa,570000,forsale,1420,usahyperequipped,1988,good,pellet,276,3,684,true,,500,true,true,,1,3,,10/18/22
10157390,house,house,795000,forsale,1040,installed,1959,good,fueloil,354,4,95,true,true,25,true,,,1,2,,10/18/22
10134636,house,house,339000,forsale,6890,installed,2019,asnew,gas,84,3,594,,,,true,,,3,,,10/18/22
10134848,house,house,349000,forsale,4557,installed,,good,pellet,647,4,2161,,,2000,true,,,3,,,10/18/22
10135344,house,townhouse,595000,forsale,1090,usahyperequipped,,good,gas,129,4,194,,,100,true,,,,,,10/18/22
10134713,house,apartmentblock,690000,forsale,1040,installed,1900,good,gas,259,4,0,,,,true,,,,,,10/18/22
10135147,house,house,695000,forsale,1410,installed,2010,asnew,gas,247,4,0,,true,850,true,true,,2,2,,10/18/22
10119175,house,house,289950,forsale,2660,semiequipped,1936,tobedoneup,,343,5,140,,true,56,,,,,,,10/18/22
9998989,house,house,290000,forsale,6850,hyperequipped,2023,asnew,gas,78,4,320,true,,190,true,,,1,2,1,10/18/22
9993692,house,house,299000,forsale,6850,hyperequipped,2023,asnew,gas,78,4,350,true,,240,true,,,1,2,1,10/18/22
10081192,house,house,409000,forsale,1653,hyperequipped,2022,asnew,gas,,4,145,,,55,true,,,1,,1,10/18/22
10020361,house,house,499000,forsale,1602,,2022,asnew,electric,,3,460,true,,360,,,,,2,1,10/18/22
10139031,house,house,550000,forsale,1020,semiequipped,1937,tobedoneup,fueloil,,5,230,true,true,128,true,true,,1,1,,10/18/22
9844758,house,house,699000,forsale,1330,usahyperequipped,2022,,gas,74,6,459,,,,true,true,,1,1,1,10/18/22
10138562,house,villa,750000,forsale,1745,installed,2006,asnew,gas,134,5,575,,,,,true,,1,,,10/18/22
10143087,house,house,149000,forsale,6140,notinstalled,1920,torenovate,gas,1045,2,425,true,true,100,true,,,1,,,10/18/22
10142890,house,house,169000,forsale,4141,installed,,torenovate,fueloil,676,2,274,,,125,,,,,,,10/18/22
10158489,apartment,groundfloor,298000,forsale,1853,,1971,good,gas,355,2,,,,,true,,,,,,10/18/22
10158488,apartment,apartment,279000,forsale,2630,installed,1979,,gas,233,2,,,,,,,,2,1,,10/18/22
10158487,house,townhouse,995000,forsale,1150,hyperequipped,1954,torenovate,,439,6,322,,true,165,true,,,1,2,,10/18/22
10158485,house,countrycottage,825000,forsale,1702,semiequipped,1963,torenovate,fueloil,824,4,9143,,true,,,,,1,,,10/18/22
9921619,apartment,apartment,255000,forsale,7700,installed,,justrenovated,gas,277,4,,,true,,true,,,,,,10/18/22
10158481,house,house,345000,forsale,3001,,1963,torenovate,gas,326,3,90,,true,,,,,,,,10/18/22
10158478,apartmentgroup,apartmentgroup,322750-322750,forsale,9630,,,,,,,,,,,,,,,,1,10/18/22
10158470,apartmentgroup,apartmentgroup,447175-447175,forsale,1420,,,,,,,,,,,,,,1,,1,10/18/22
10142882,house,house,280000,forsale,4610,installed,,asnew,gas,323,3,190,,,,true,,,1,,,10/18/22
10143256,house,house,339000,forsale,6540,usainstalled,1850,justrenovated,gas,210,4,1300,,true,700,,true,,,2,,10/18/22
10144441,house,villa,565000,forsale,8792,installed,,asnew,gas,204,3,649,,,,true,,,1,,,10/18/22
10144420,house,house,729000,forsale,2018,installed,,good,gas,400,6,145,,true,36,true,,,,,,10/18/22
10144502,house,house,990000,forsale,5377,hyperequipped,1950,good,fueloil,,2,14515,,,,true,,,1,95,,10/18/22
10142967,house,apartmentblock,1350000,forsale,1190,notinstalled,1931,good,gas,582,8,0,,,,true,,,1,1,,10/18/22
10132412,house,exceptionalproperty,3695000,forsale,8300,hyperequipped,2022,asnew,gas,77,4,788,,,788,true,,,2,3,1,10/18/22
10149652,house,house,395000,forsale,1000,notinstalled,1908,torenovate,,939,4,70,,true,20,,,,,,,10/18/22
10149335,house,mansion,590000,forsale,6637,,1997,,fueloil,408,4,5590,,,,,true,,,,,10/18/22
10148933,house,villa,1150000,forsale,1860,installed,2013,good,,120,4,1116,,,,true,true,,3,2,,10/18/22
10155855,house,house,173000,forsale,8501,semiequipped,,tobedoneup,gas,614,3,170,,true,,true,,,1,,,10/18/22
10155990,house,house,235000,forsale,8820,installed,,good,gas,352,3,199,,,,,,,1,,,10/18/22
10155916,house,house,285000,forsale,9255,semiequipped,1961,tobedoneup,fueloil,679,3,348,,true,129,true,,,1,,,10/18/22
10155834,house,house,480000,forsale,6700,installed,,justrenovated,fueloil,218,4,839,,true,,,,,,3,,10/18/22
10156750,house,house,495000,forsale,1450,installed,1930,good,gas,217,4,886,,,,true,true,,1,2,,10/18/22
10156832,house,house,525000,forsale,2460,hyperequipped,2005,asnew,gas,155,4,0,,,,true,true,true,1,1,,10/18/22
10156826,house,house,575000,forsale,2320,,1976,justrenovated,,186,5,561,,,,true,,,1,2,,10/18/22
10100113,house,villa,619000,forsale,1820,installed,1993,good,gas,212,4,767,,,350,true,,,2,,,10/18/22
10154592,house,house,675000,forsale,2800,installed,2011,asnew,gas,174,4,0,,true,,true,,,1,,,10/18/22
10145262,housegroup,housegroup,350000-368500,forsale,4910,,,,,44,,,,,,,,,1,1,1,10/18/22
10130525,house,house,320000,forsale,8380,hyperequipped,2022,asnew,gas,152,3,121,,,40,true,,,,,,10/18/22
10133847,house,house,359000,forsale,5100,usainstalled,1951,,gas,368,4,1597,,true,1200,true,true,,7,2,,10/18/22
10133497,house,house,365000,forsale,1300,usainstalled,,good,gas,336,5,450,true,,,true,true,,1,1,,10/18/22
10136522,house,countrycottage,149000,forsale,6987,notinstalled,1850,torestore,,595,6,329,,,89,true,,,,4,,10/18/22
10137515,house,house,229000,forsale,6792,,1918,justrenovated,fueloil,152,2,45,,,,,,,,,,10/18/22
10141755,house,bungalow,610000,forsale,1880,semiequipped,1979,good,gas,357,3,908,,true,,,,,1,4,,10/18/22
10147484,house,house,299000,forsale,1600,semiequipped,1930,tobedoneup,gas,,3,270,,true,,,,,,1,,10/18/22
10146813,house,house,479000,forsale,8210,installed,1984,,,438,3,884,,,680,,,,1,2,,10/18/22
10147563,house,house,599000,forsale,4121,semiequipped,2012,good,,102,4,2885,,,2200,true,,true,2,,,10/18/22
10151872,house,house,199000,forsale,6238,installed,,good,gas,289,2,463,true,,390,true,,,,,,10/18/22
10158489,apartment,groundfloor,298000,forsale,1853,,1971,good,gas,355,2,,,,,true,,,,,,10/18/22
10158488,apartment,apartment,279000,forsale,2630,installed,1979,,gas,233,2,,,,,,,,2,1,,10/18/22
10158487,house,townhouse,995000,forsale,1150,hyperequipped,1954,torenovate,,439,6,322,,true,165,true,,,1,2,,10/18/22
10158485,house,countrycottage,825000,forsale,1702,semiequipped,1963,torenovate,fueloil,824,4,9143,,true,,,,,1,,,10/18/22
9921619,apartment,apartment,255000,forsale,7700,installed,,justrenovated,gas,277,4,,,true,,true,,,,,,10/18/22
10158481,house,house,345000,forsale,3001,,1963,torenovate,gas,326,3,90,,true,,,,,,,,10/18/22
10158478,apartmentgroup,apartmentgroup,322750-322750,forsale,9630,,,,,,,,,,,,,,,,1,10/18/22
10158470,apartmentgroup,apartmentgroup,447175-447175,forsale,1420,,,,,,,,,,,,,,1,,1,10/18/22
10152531,house,house,205000,forsale,7070,installed,1980,good,gas,339,4,244,,true,,true,,,1,1,,10/18/22
10152411,house,house,225000,forsale,1495,installed,1996,justrenovated,gas,348,3,230,,,150,true,,,2,,,10/18/22
9810913,house,house,250000,forsale,7970,installed,,good,fueloil,595,3,1035,,true,,true,true,,,,,10/18/22
10153825,house,house,299000,forsale,7611,installed,,,gas,251,3,1045,,,,true,,,1,3,,10/18/22
10151873,house,apartmentblock,315000,forsale,4000,semiequipped,1945,good,gas,387,3,0,,true,,true,,,1,,,10/18/22
10153173,house,house,435000,forsale,9300,semiequipped,1957,tobedoneup,gas,601,4,271,,true,137,true,true,,1,,,10/18/22
10151902,house,villa,625000,forsale,1435,installed,2007,good,gas,202,5,1262,,,,true,true,,1,3,,10/18/22
10151690,house,house,990000,forsale,1325,usahyperequipped,1996,asnew,fueloil,199,5,3169,true,true,,true,true,,2,6,,10/18/22
10153794,house,villa,1280000,forsale,1933,usainstalled,1957,asnew,gas,218,7,956,,true,800,true,true,,2,2,,10/18/22
10151659,house,villa,1490000,forsale,1160,usahyperequipped,1969,asnew,gas,207,4,486,,true,250,true,,,1,1,,10/18/22
10071315,house,countrycottage,99000,forsale,6673,,1948,torestore,fueloil,542,3,2600,,,,,,,,,,10/18/22
9866055,house,house,169000,forsale,6870,,1850,justrenovated,fueloil,321,2,48,,,,,,,,,,10/18/22
9806188,house,farmhouse,229000,forsale,4590,semiequipped,1890,good,fueloil,610,2,1365,,,,true,,,,3,,10/18/22
10020178,house,house,249000,forsale,4032,semiequipped,2002,good,gas,187,3,76,,,,true,,,,,,10/18/22
9979984,house,house,250000,forsale,6750,,1850,torenovate,fueloil,472,3,589,,true,365,,,,,,,10/18/22
9246811,house,apartmentblock,260000,forsale,4000,,1875,tobedoneup,electric,272,4,43,,true,,,,,,,,10/18/22
9924034,house,house,285000,forsale,7100,hyperequipped,1920,good,gas,534,2,756,,true,340,true,,,2,2,,10/18/22
9916441,house,house,315000,forsale,6640,,1964,tobedoneup,fueloil,474,4,1200,,,,,true,,,,,10/18/22
9982323,house,house,320000,forsale,6600,,1899,tobedoneup,pellet,254,4,2276,,,,,,,,,,10/18/22
10125208,house,villa,320000,forsale,9690,semiequipped,1976,tobedoneup,fueloil,640,5,2769,,true,,,,,1,4,,10/18/22
9990624,house,house,350000,forsale,6700,,1959,tobedoneup,gas,464,5,450,,true,,true,,,,,,10/18/22
10116359,house,countrycottage,380000,forsale,5560,,1978,good,fueloil,269,3,1865,true,true,1500,true,,,2,6,,10/18/22
10111219,house,house,395000,forsale,4560,installed,2018,asnew,,245,3,954,,,700,true,,,2,,,10/18/22
10122502,house,mixedusebuilding,400000,forsale,1000,,1830,torenovate,electric,,1,17,,true,,,,,,,,10/18/22
10117114,house,mansion,420000,forsale,1800,hyperequipped,1938,asnew,gas,280,4,200,true,true,70,true,,,,1,,10/18/22
9901291,house,farmhouse,449000,forsale,4590,semiequipped,1890,good,fueloil,610,7,2450,,true,,true,,,,8,,10/18/22
10104976,house,mixedusebuilding,475000,forsale,8790,installed,2019,good,gas,,3,150,,,,true,,,,,,10/18/22
10085244,house,townhouse,496500,forsale,1850,usainstalled,1991,good,gas,,4,308,true,,,,true,,1,2,,10/18/22
10094725,house,villa,515000,forsale,1400,installed,1999,good,fueloil,198,4,1248,true,,,true,true,,,5,,10/18/22
10094730,house,villa,515000,forsale,6230,installed,1999,good,fueloil,198,4,1248,true,,,true,true,,,5,,10/18/22
10158489,apartment,groundfloor,298000,forsale,1853,,1971,good,gas,355,2,,,,,true,,,,,,10/18/22
10158488,apartment,apartment,279000,forsale,2630,installed,1979,,gas,233,2,,,,,,,,2,1,,10/18/22
10158487,house,townhouse,995000,forsale,1150,hyperequipped,1954,torenovate,,439,6,322,,true,165,true,,,1,2,,10/18/22
10158485,house,countrycottage,825000,forsale,1702,semiequipped,1963,torenovate,fueloil,824,4,9143,,true,,,,,1,,,10/18/22
9921619,apartment,apartment,255000,forsale,7700,installed,,justrenovated,gas,277,4,,,true,,true,,,,,,10/18/22
10158481,house,house,345000,forsale,3001,,1963,torenovate,gas,326,3,90,,true,,,,,,,,10/18/22
10158478,apartmentgroup,apartmentgroup,322750-322750,forsale,9630,,,,,,,,,,,,,,,,1,10/18/22
10158470,apartmentgroup,apartmentgroup,447175-447175,forsale,1420,,,,,,,,,,,,,,1,,1,10/18/22
10094702,house,villa,515000,forsale,7180,installed,1999,good,fueloil,198,4,1248,true,,,true,true,,,5,,10/18/22
9927429,house,apartmentblock,620000,forsale,1180,,1920,torenovate,fueloil,488,0,120,,true,34,,,,,,,10/18/22
9915380,house,mixedusebuilding,620000,forsale,1180,,1920,torenovate,fueloil,488,0,120,,true,34,,,,,,,10/18/22
10122575,house,apartmentblock,650000,forsale,1083,usasemiequipped,1910,good,gas,,4,141,,true,44,true,true,,,,,10/18/22
9913129,house,apartmentblock,650000,forsale,4430,installed,1970,good,gas,472,7,256,,true,,true,,,4,,,10/18/22
9913125,house,apartmentblock,650000,forsale,4430,installed,1970,good,gas,256,8,485,,true,,true,,,4,,,10/18/22
10105634,house,house,664000,forsale,1750,notinstalled,1900,tobedoneup,fueloil,,6,260,,true,,true,,,1,,,10/18/22
10106173,house,apartmentblock,665000,forsale,8000,usainstalled,2006,good,gas,167,4,434,,,,true,,,1,3,,10/18/22
10022169,house,house,785000,forsale,1000,installed,1899,tobedoneup,,294,5,240,true,true,137,true,true,,,,,10/18/22
9701855,house,house,790000,forsale,2830,hyperequipped,1918,justrenovated,gas,128,2,127,,,,true,,,,,,10/18/22
10107021,house,exceptionalproperty,975000,forsale,2280,installed,1854,good,fueloil,541,5,2283,,true,,true,,,6,,,10/18/22
9651639,house,countrycottage,1000000,forsale,1852,,1961,good,fueloil,605,5,15740,,true,,,,,,,,10/18/22
10094624,house,villa,1295000,forsale,1440,hyperequipped,1960,good,fueloil,288,6,49814,,true,,true,true,true,3,10,,10/18/22
10094630,house,villa,1295000,forsale,1480,hyperequipped,1960,good,fueloil,288,6,49814,,,,true,true,true,3,10,,10/18/22
9918709,house,apartmentblock,1795000,forsale,8000,usainstalled,2018,asnew,gas,131,9,110,,,,true,,,2,,,10/18/22
9907705,house,exceptionalproperty,2000000,forsale,8310,usahyperequipped,1820,good,gas,327,4,4997,,,4000,true,,,4,6,,10/18/22
10132762,house,house,115000,forsale,6762,installed,1850,torenovate,fueloil,442,4,270,true,,,,,,1,,,10/18/22
10132770,house,house,240000,forsale,9150,hyperequipped,1919,asnew,,298,3,144,true,true,52,true,,,,,,10/18/22
10132357,house,villa,495000,forsale,9340,,1973,good,fueloil,205,3,571,true,,300,true,true,,1,3,,10/18/22
10134918,house,house,336000,forsale,8370,installed,1972,torenovate,fueloil,428,3,262,,,,,,,1,1,,10/18/22
10135487,house,house,625000,forsale,1650,usainstalled,1975,,,476,4,5400,,true,1900,true,true,,2,20,,10/18/22
10140035,house,house,139000,forsale,5550,,,torenovate,fueloil,572,6,700,,true,700,true,,,,2,,10/18/22
10071807,house,house,339000,forsale,4840,notinstalled,2020,asnew,gas,129,3,358,,,,true,,,1,1,1,10/18/22
10121702,house,house,359000,forsale,7060,installed,2023,,gas,90,3,253,,,175,,,,1,,1,10/18/22
9986208,house,house,409000,forsale,1653,hyperequipped,2022,asnew,gas,61,4,145,,,55,true,,,1,,1,10/18/22
10139590,house,house,447000,forsale,2830,installed,2010,good,gas,188,3,0,,,,,,,,2,,10/18/22
10139369,house,house,625000,forsale,1650,semiequipped,1992,tobedoneup,gas,212,4,770,,true,,true,,,2,2,,10/18/22
10139368,house,house,625000,forsale,1651,semiequipped,1992,tobedoneup,gas,212,4,770,,true,,true,,,2,2,,10/18/22
9610831,house,villa,725000,forsale,1180,usahyperequipped,2020,asnew,gas,96,3,0,,,281,true,,,1,,1,10/18/22
10060868,house,exceptionalproperty,835000,forsale,3140,hyperequipped,2022,asnew,,,4,800,,,550,true,true,,1,2,1,10/18/22
10158489,apartment,groundfloor,298000,forsale,1853,,1971,good,gas,355,2,,,,,true,,,,,,10/18/22
10158488,apartment,apartment,279000,forsale,2630,installed,1979,,gas,233,2,,,,,,,,2,1,,10/18/22
10158487,house,townhouse,995000,forsale,1150,hyperequipped,1954,torenovate,,439,6,322,,true,165,true,,,1,2,,10/18/22
10158485,house,countrycottage,825000,forsale,1702,semiequipped,1963,torenovate,fueloil,824,4,9143,,true,,,,,1,,,10/18/22
9921619,apartment,apartment,255000,forsale,7700,installed,,justrenovated,gas,277,4,,,true,,true,,,,,,10/18/22
10158481,house,house,345000,forsale,3001,,1963,torenovate,gas,326,3,90,,true,,,,,,,,10/18/22
10158478,apartmentgroup,apartmentgroup,322750-322750,forsale,9630,,,,,,,,,,,,,,,,1,10/18/22
10158470,apartmentgroup,apartmentgroup,447175-447175,forsale,1420,,,,,,,,,,,,,,1,,1,10/18/22
10045043,house,house,850000,forsale,2820,installed,2022,,gas,90,5,445,,true,,true,,true,,4,1,10/18/22
10125076,house,house,1145000,forsale,1170,usahyperequipped,2024,asnew,,55,4,220,,,,true,,,1,2,1,10/18/22
10110380,house,house,1365000,forsale,1970,usahyperequipped,2024,asnew,,,5,342,,true,,true,true,,1,1,1,10/18/22
10118286,house,apartmentblock,5250000,forsale,1120,usahyperequipped,2022,asnew,,,34,1000,,true,467,true,,,,15,1,10/18/22
10143089,house,house,205000,forsale,4400,notinstalled,,tobedoneup,gas,372,5,177,,true,124,true,,,1,,,10/18/22
10143592,house,house,217000,forsale,2880,notinstalled,1954,torenovate,gas,958,2,279,,true,,true,,,1,,,10/18/22
10144692,house,house,272000,forsale,9700,semiequipped,1966,justrenovated,,291,3,146,,,,,,,,,,10/18/22
10143951,house,house,434000,forsale,2660,installed,2003,asnew,,130,3,344,,,212,,,,,,,10/18/22
10144105,house,house,524000,forsale,9690,semiequipped,1979,torenovate,,731,2,11590,,true,,true,,,2,,,10/18/22
10143971,house,house,620000,forsale,1730,installed,1985,good,electric,397,5,2019,,true,1500,true,true,,1,4,,10/18/22
10143248,house,exceptionalproperty,695000,forsale,1400,installed,1900,good,gas,235,7,650,true,true,,true,,true,,1,,10/18/22
10143245,house,exceptionalproperty,695000,forsale,7181,installed,1900,good,gas,235,7,650,true,true,,true,,true,,1,,10/18/22
10143040,house,mansion,799000,forsale,1040,installed,1930,good,gas,363,4,140,true,true,27,true,true,,,,,10/18/22
10143585,house,mansion,799000,forsale,1050,installed,1930,good,gas,363,4,140,true,true,27,true,true,,,,,10/18/22
10144424,house,villa,865000,forsale,3140,installed,1990,good,,331,4,2000,,true,1500,,,true,3,2,,10/18/22
10149138,house,house,109000,forsale,7141,semiequipped,1900,tobedoneup,fueloil,377,4,250,true,true,,true,true,,1,1,,10/18/22
10150873,house,house,279000,forsale,9050,semiequipped,,good,gas,336,2,427,,true,,,,,1,,,10/18/22
10149671,house,house,289850,forsale,2860,installed,1955,,gas,252,3,0,,,,,,,,,,10/18/22
10149442,house,house,425000,forsale,3090,installed,1972,torenovate,gas,604,3,1409,,true,,,,,1,,,10/18/22
10151202,house,villa,475000,forsale,9920,installed,,good,fueloil,318,3,540,,,,,,,4,,,10/18/22
10149536,house,house,525000,forsale,2860,installed,,good,gas,340,2,781,,true,620,true,,,2,2,,10/18/22
10148821,house,apartmentblock,945000,forsale,1150,installed,1984,good,electric,374,5,414,,true,223,true,,,2,3,,10/18/22
10149234,house,villa,1100000,forsale,1980,installed,,asnew,gas,308,5,2330,,,,true,,,3,4,,10/18/22
10149004,house,villa,1265000,forsale,1970,installed,1980,good,gas,242,6,1167,,true,,true,true,,1,4,,10/18/22
10140724,housegroup,housegroup,478000-508000,forsale,9000,,,,,,,,,,,,,,1,,1,10/18/22
10155914,house,house,625000,forsale,1745,installed,1986,good,electric,545,3,1486,,true,900,true,,,4,6,,10/18/22
10155816,house,villa,655000,forsale,1860,,2006,,gas,229,5,978,true,true,1,true,true,,,,,10/18/22
10130222,house,house,209000,forsale,4100,installed,,justrenovated,gas,336,3,211,,true,40,true,,,,5,,10/18/22
10131098,house,house,255000,forsale,9681,installed,,torenovate,gas,462,3,746,,true,300,true,,,,,,10/18/22
10131612,house,house,272000,forsale,3272,installed,1930,justrenovated,gas,217,3,102,,true,,,,,,,,10/18/22
10158489,apartment,groundfloor,298000,forsale,1853,,1971,good,gas,355,2,,,,,true,,,,,,10/18/22
10158488,apartment,apartment,279000,forsale,2630,installed,1979,,gas,233,2,,,,,,,,2,1,,10/18/22
10158487,house,townhouse,995000,forsale,1150,hyperequipped,1954,torenovate,,439,6,322,,true,165,true,,,1,2,,10/18/22
10158485,house,countrycottage,825000,forsale,1702,semiequipped,1963,torenovate,fueloil,824,4,9143,,true,,,,,1,,,10/18/22
9921619,apartment,apartment,255000,forsale,7700,installed,,justrenovated,gas,277,4,,,true,,true,,,,,,10/18/22
10158481,house,house,345000,forsale,3001,,1963,torenovate,gas,326,3,90,,true,,,,,,,,10/18/22
10158478,apartmentgroup,apartmentgroup,322750-322750,forsale,9630,,,,,,,,,,,,,,,,1,10/18/22
10158470,apartmentgroup,apartmentgroup,447175-447175,forsale,1420,,,,,,,,,,,,,,1,,1,10/18/22
10131231,house,house,449000,forsale,2960,installed,1972,good,gas,455,2,1425,,true,1304,true,,,1,7,,10/18/22
10131148,house,house,450000,forsale,6792,,1850,,fueloil,400,4,880,,true,,true,,,1,2,,10/18/22
10131630,house,house,625000,forsale,1040,,1910,torenovate,,451,4,95,,true,25,,,,,,,10/18/22
10130254,house,house,690000,forsale,1640,installed,1975,tobedoneup,electric,858,2,765,,true,,true,true,,3,,,10/18/22
10130263,house,house,690000,forsale,1650,installed,1975,tobedoneup,electric,858,2,765,,true,,true,true,,3,,,10/18/22
10130253,house,house,690000,forsale,1652,installed,1975,tobedoneup,electric,858,2,765,,true,,true,true,,3,,,10/18/22
10136852,house,townhouse,230000,forsale,9690,installed,1968,tobedoneup,,890,3,450,,true,,true,,,,,,10/18/22
10136976,house,house,760000,forsale,9660,installed,1995,good,fueloil,227,4,0,,,,,,,12,15,,10/18/22
10135934,house,mansion,1100000,forsale,2000,semiequipped,1905,torenovate,gas,345,4,237,,true,70,true,true,,,,,10/18/22
10154591,house,villa,907500,forsale,2200,hyperequipped,2020,,,,3,2613,,true,,true,true,,2,,1,10/18/22
10140813,house,house,125000,forsale,4040,notinstalled,,torenovate,gas,446,4,98,,true,,true,,,,,,10/18/22
10140851,house,house,240000,forsale,1420,semiequipped,1900,tobedoneup,gas,424,4,110,true,,,true,true,,,,,10/18/22
10142568,house,house,289000,forsale,8450,,1918,justrenovated,gas,206,3,100,,,,,,,1,,,10/18/22
10141467,house,house,298000,forsale,9600,,1899,torenovate,,646,5,612,,true,,,,,,,,10/18/22
10142308,house,house,399000,forsale,1780,installed,2004,good,gas,163,4,0,,,,true,,,,,,10/18/22
10141404,house,house,540000,forsale,7500,semiequipped,1910,,fueloil,343,4,731,,true,,,,,2,,,10/18/22
10141403,house,mansion,540000,forsale,7500,semiequipped,1910,,fueloil,343,4,731,,true,,,,,2,,,10/18/22
10142330,house,house,650000,forsale,1850,installed,1998,good,gas,207,5,403,,,,true,,,1,,,10/18/22
10146162,house,house,299500,forsale,2660,,1930,tobedoneup,,310,4,200,,true,114,,,,,,,10/18/22
10145100,house,house,449000,forsale,1760,semiequipped,1975,tobedoneup,electric,562,5,650,,true,500,true,true,,1,,,10/18/22
10084767,house,mixedusebuilding,499000,forsale,4530,installed,1953,good,fueloil,221,7,0,,true,,,,,1,,,10/18/22
10147375,house,house,175000,forsale,6987,semiequipped,1978,,wood,985,3,753,,true,,true,,,1,,,10/18/22
10147341,house,house,189000,forsale,9700,semiequipped,,torenovate,gas,466,3,219,,true,,,,,1,,,10/18/22
10147291,house,house,269000,forsale,4300,,1900,asnew,pellet,193,3,1500,,,,,,,,,,10/18/22
10147485,house,house,299000,forsale,1601,semiequipped,1930,tobedoneup,gas,399,3,0,,true,,,,,,1,,10/18/22
10148031,house,house,375000,forsale,9170,installed,1980,tobedoneup,electric,637,3,803,,,,true,,,2,,,10/18/22
10148171,house,house,485000,forsale,2840,installed,1983,good,gas,187,4,0,,,,,,,2,,,10/18/22
10147390,house,house,599000,forsale,2960,installed,1968,good,gas,431,3,1683,,,1254,true,true,,1,,,10/18/22
10147009,house,house,1250000,forsale,8300,usahyperequipped,,asnew,gas,359,3,142,,,,true,,,,,,10/18/22
10138619,housegroup,housegroup,465000-685000,forsale,2970,,,,,,,,,,,,,,26,8,1,10/18/22
10158489,apartment,groundfloor,298000,forsale,1853,,1971,good,gas,355,2,,,,,true,,,,,,10/18/22
10158488,apartment,apartment,279000,forsale,2630,installed,1979,,gas,233,2,,,,,,,,2,1,,10/18/22
10158487,house,townhouse,995000,forsale,1150,hyperequipped,1954,torenovate,,439,6,322,,true,165,true,,,1,2,,10/18/22
10158485,house,countrycottage,825000,forsale,1702,semiequipped,1963,torenovate,fueloil,824,4,9143,,true,,,,,1,,,10/18/22
9921619,apartment,apartment,255000,forsale,7700,installed,,justrenovated,gas,277,4,,,true,,true,,,,,,10/18/22
10158481,house,house,345000,forsale,3001,,1963,torenovate,gas,326,3,90,,true,,,,,,,,10/18/22
10158478,apartmentgroup,apartmentgroup,322750-322750,forsale,9630,,,,,,,,,,,,,,,,1,10/18/22
10158470,apartmentgroup,apartmentgroup,447175-447175,forsale,1420,,,,,,,,,,,,,,1,,1,10/18/22
10152019,house,exceptionalproperty,1400000,forsale,1470,hyperequipped,1920,asnew,fueloil,205,5,3230,,true,2945,true,true,true,1,15,,10/18/22
10016535,house,house,79000,forsale,6020,semiequipped,,good,gas,263,2,205,,true,56,true,,,,,,10/18/22
10080411,house,house,80000,forsale,6840,notinstalled,1949,torenovate,fueloil,426,2,148,true,,65,,,,1,,,10/18/22
10032572,house,house,99000,forsale,4870,notinstalled,1849,torenovate,gas,460,2,70,,true,,true,,,,,,10/18/22
10083535,house,house,105000,forsale,4870,notinstalled,,torenovate,gas,606,4,160,true,true,,,true,,,3,,10/18/22
9917117,house,house,105000,forsale,6120,notinstalled,,torenovate,gas,526,2,430,,true,,,,,,1,,10/18/22
9932142,house,house,109000,forsale,4040,semiequipped,,tobedoneup,fueloil,394,4,192,,true,135,true,,,,,,10/18/22
10104637,house,house,109000,forsale,4500,semiequipped,,good,gas,312,2,90,,true,21,,,,,,,10/18/22
9763993,house,chalet,110000,forsale,6680,semiequipped,1979,tobedoneup,wood,1029,2,892,,true,,,,,1,,,10/18/22
10100692,house,house,110000,forsale,7860,semiequipped,,torenovate,gas,544,3,150,,,,,,,,,,10/18/22
10111605,house,house,119000,forsale,4540,notinstalled,,torenovate,gas,488,2,330,,true,242,,,,1,,,10/18/22
10105700,house,house,119000,forsale,4870,notinstalled,,torenovate,fueloil,726,3,455,,,200,,,,2,,,10/18/22
9942173,house,house,135000,forsale,4040,notinstalled,,tobedoneup,gas,551,2,170,,true,100,true,,,,,,10/18/22
10064790,house,house,139000,forsale,6030,installed,1930,good,gas,1061,2,189,true,true,120,true,,,,,,10/18/22
10062490,house,house,149500,forsale,8930,semiequipped,1935,tobedoneup,gas,462,3,58,,true,,,,,,,,10/18/22
9272402,house,house,150000,forsale,8370,installed,1956,torenovate,gas,1081,3,61,,true,,true,,,,,,10/18/22
9942131,house,house,155000,forsale,2850,semiequipped,1850,tobedoneup,gas,487,1,139,,true,90,,,,,,,10/18/22
10064705,house,house,155000,forsale,4870,installed,,good,pellet,237,2,70,,true,,true,,,,,,10/18/22
10117143,house,house,159000,forsale,4500,semiequipped,1899,good,gas,432,2,180,true,true,120,true,,,,,,10/18/22
9981219,house,house,160000,forsale,6180,semiequipped,,good,gas,492,2,162,true,true,40,true,,,1,1,,10/18/22
10058045,house,apartmentblock,164500,forsale,4500,notinstalled,,good,gas,323,3,1290,,true,1200,true,true,,,,,10/18/22
10058043,house,house,164500,forsale,4500,notinstalled,,good,gas,323,3,1290,,true,1200,true,true,,,,,10/18/22
10009460,house,house,165000,forsale,4870,notinstalled,1965,torenovate,fueloil,293,3,269,,,80,true,,,1,2,,10/18/22
10063763,house,house,169500,forsale,4100,notinstalled,,tobedoneup,gas,659,2,139,,true,55,,,,1,,,10/18/22
10006213,house,house,175000,forsale,7522,semiequipped,,tobedoneup,fueloil,367,3,304,true,true,252,true,,,,,,10/18/22
9993214,house,house,179000,forsale,4020,notinstalled,1899,torenovate,gas,406,5,180,,true,90,,,,,,,10/18/22
9921759,house,house,179000,forsale,4500,notinstalled,1965,tobedoneup,,379,4,591,,,480,true,,,1,3,,10/18/22
10085156,house,house,180000,forsale,6040,semiequipped,1950,tobedoneup,fueloil,480,2,450,,true,500,,,,1,2,,10/18/22
9911606,house,house,180000,forsale,6687,notinstalled,1932,tobedoneup,fueloil,335,2,2185,,true,,,,,1,,,10/18/22
10087743,house,apartmentblock,180000,forsale,7130,installed,1970,good,gas,296,5,50,,true,,,,,,,,10/18/22
10158489,apartment,groundfloor,298000,forsale,1853,,1971,good,gas,355,2,,,,,true,,,,,,10/18/22
10158488,apartment,apartment,279000,forsale,2630,installed,1979,,gas,233,2,,,,,,,,2,1,,10/18/22
10158487,house,townhouse,995000,forsale,1150,hyperequipped,1954,torenovate,,439,6,322,,true,165,true,,,1,2,,10/18/22
10158485,house,countrycottage,825000,forsale,1702,semiequipped,1963,torenovate,fueloil,824,4,9143,,true,,,,,1,,,10/18/22
9921619,apartment,apartment,255000,forsale,7700,installed,,justrenovated,gas,277,4,,,true,,true,,,,,,10/18/22
10158481,house,house,345000,forsale,3001,,1963,torenovate,gas,326,3,90,,true,,,,,,,,10/18/22
10158478,apartmentgroup,apartmentgroup,322750-322750,forsale,9630,,,,,,,,,,,,,,,,1,10/18/22
10158470,apartmentgroup,apartmentgroup,447175-447175,forsale,1420,,,,,,,,,,,,,,1,,1,10/18/22
10082840,house,house,180000,forsale,7130,installed,1970,good,gas,296,5,50,,true,,,,,,,,10/18/22
10108836,house,house,185000,forsale,4040,,,tobedoneup,gas,376,3,76,,true,,true,,,,,,10/18/22
10013583,house,apartmentblock,185000,forsale,4040,,,tobedoneup,gas,376,3,76,,true,,true,,,,,,10/18/22
10108662,house,house,185000,forsale,9600,semiequipped,1952,,gas,351,5,289,,true,,true,,,1,,,10/18/22
10042461,house,house,187000,forsale,2890,semiequipped,1899,torenovate,gas,510,2,0,,,,,,,,,,10/18/22
9806451,house,house,189000,forsale,6953,semiequipped,1950,good,fueloil,573,2,573,,true,,,true,,1,,,10/18/22
10113756,house,house,195000,forsale,9600,semiequipped,,good,gas,295,3,80,,,,true,,,,,,10/18/22
10076074,house,house,195000,forsale,9600,hyperequipped,1925,asnew,gas,157,3,68,true,,,true,,,,,,10/18/22
9946389,house,house,197000,forsale,6890,semiequipped,1950,torestore,fueloil,457,4,1438,,true,,,,,1,2,,10/18/22
9842939,house,house,199000,forsale,4342,installed,1934,good,fueloil,329,4,300,,true,100,true,true,,,,,10/18/22
10074053,house,house,199000,forsale,6230,installed,1920,good,fueloil,437,3,745,true,true,590,true,,,1,,,10/18/22
9991866,house,house,199500,forsale,4560,installed,,good,fueloil,409,3,596,,true,500,true,,,1,,,10/18/22
9983755,house,house,199999,forsale,6040,installed,1923,torenovate,gas,333,7,1320,true,true,1000,true,true,,1,4,,10/18/22
10032690,house,house,199999,forsale,6200,installed,1950,asnew,gas,616,3,250,true,true,116,true,,,1,1,,10/18/22
10031827,house,house,200000,forsale,6600,semiequipped,1960,good,fueloil,360,3,194,,true,,,,,1,,,10/18/22
10037219,house,house,200000,forsale,6687,notinstalled,1947,torestore,fueloil,454,3,2440,,true,,,,,,,,10/18/22
10052724,house,house,205000,forsale,4000,installed,1954,torenovate,fueloil,745,3,379,,true,40,,,,1,,,10/18/22
10045650,house,house,209000,forsale,7100,installed,1955,asnew,gas,496,3,140,true,true,,true,true,,,,,10/18/22
10014333,house,house,210000,forsale,4040,,,good,gas,200,2,160,,true,75,true,,,1,,,10/18/22
9827435,house,house,215000,forsale,4600,semiequipped,1947,tobedoneup,pellet,538,3,316,,true,160,true,,,1,,,10/18/22
10024604,house,countrycottage,219000,forsale,4570,installed,,justrenovated,pellet,424,3,898,,,555,true,,,,1,,10/18/22
10100923,house,house,220000,forsale,8880,semiequipped,1978,torenovate,gas,311,3,357,,,272,true,,,2,2,,10/18/22
10085720,house,house,225000,forsale,2840,semiequipped,1935,tobedoneup,electric,865,3,298,,,,,,,,,,10/18/22
9978333,house,house,225000,forsale,4420,installed,,asnew,gas,235,3,350,,true,200,true,true,,,,,10/18/22
9978332,house,house,225000,forsale,4420,installed,,asnew,gas,235,3,350,,true,200,true,true,,,,,10/18/22
10017979,house,house,225000,forsale,6660,semiequipped,1850,good,fueloil,435,7,5820,,true,,,,,,,,10/18/22
9752953,house,house,225000,forsale,6780,installed,,good,electric,410,2,456,,,,true,,,1,,,10/18/22
10020461,house,house,229000,forsale,4530,semiequipped,1950,tobedoneup,fueloil,976,3,1006,,true,930,,true,,1,1,,10/18/22
10105773,house,house,229500,forsale,9070,installed,,torenovate,gas,704,2,204,,,140,true,,,,,,10/18/22
9971854,house,house,230000,forsale,2880,semiequipped,1900,good,gas,497,2,100,,true,,true,,,,,,10/18/22
10158489,apartment,groundfloor,298000,forsale,1853,,1971,good,gas,355,2,,,,,true,,,,,,10/18/22
10158488,apartment,apartment,279000,forsale,2630,installed,1979,,gas,233,2,,,,,,,,2,1,,10/18/22
10158487,house,townhouse,995000,forsale,1150,hyperequipped,1954,torenovate,,439,6,322,,true,165,true,,,1,2,,10/18/22
10158485,house,countrycottage,825000,forsale,1702,semiequipped,1963,torenovate,fueloil,824,4,9143,,true,,,,,1,,,10/18/22
9921619,apartment,apartment,255000,forsale,7700,installed,,justrenovated,gas,277,4,,,true,,true,,,,,,10/18/22
10158481,house,house,345000,forsale,3001,,1963,torenovate,gas,326,3,90,,true,,,,,,,,10/18/22
10158478,apartmentgroup,apartmentgroup,322750-322750,forsale,9630,,,,,,,,,,,,,,,,1,10/18/22
10158470,apartmentgroup,apartmentgroup,447175-447175,forsale,1420,,,,,,,,,,,,,,1,,1,10/18/22
10033772,house,house,235000,forsale,4040,,,tobedoneup,gas,407,3,866,,true,,true,true,,3,2,,10/18/22
9931331,house,house,235000,forsale,5060,semiequipped,1960,good,gas,470,3,795,true,true,650,true,,,2,2,,10/18/22
9752952,house,house,235000,forsale,6780,installed,,tobedoneup,fueloil,396,2,516,,true,,true,,,,,,10/18/22
10089176,house,house,239000,forsale,4420,semiequipped,1957,torestore,fueloil,723,3,1179,,true,1000,,,,1,,,10/18/22
10084762,house,house,239000,forsale,4500,installed,,tobedoneup,fueloil,402,5,911,,true,777,,,,,,,10/18/22
10089832,house,house,240000,forsale,5060,semiequipped,,good,fueloil,311,3,370,,true,,true,,,,,,10/18/22
10071795,house,apartmentblock,249000,forsale,4000,semiequipped,1930,good,gas,273,4,80,,true,,,,,,,,10/18/22
10092474,house,house,249000,forsale,5300,installed,1976,good,fueloil,579,3,1236,,true,1000,true,,,1,4,,10/18/22
9981294,house,house,249000,forsale,9600,hyperequipped,,asnew,gas,151,3,135,true,,,true,true,,,,,10/18/22
10061633,house,house,249500,forsale,4100,installed,2009,good,gas,180,3,0,,,,true,true,,1,,,10/18/22
10059978,house,house,249500,forsale,4100,installed,2009,good,gas,180,3,0,,,,true,true,,1,,,10/18/22
10080286,house,house,250000,forsale,1350,installed,1850,good,fueloil,443,4,275,,,,true,true,,1,,,10/18/22
10016576,house,house,250000,forsale,1400,installed,1800,torenovate,gas,386,4,196,,,,,,,,,,10/18/22
9769110,house,house,250000,forsale,1400,semiequipped,1979,torenovate,wood,761,2,986,,,700,true,true,,2,,,10/18/22
10083522,house,house,250000,forsale,4540,installed,1953,tobedoneup,fueloil,347,4,196,,,20,,,,,,,10/18/22
9933916,house,house,250000,forsale,6600,installed,1977,good,fueloil,374,4,1453,,true,,,,,2,,,10/18/22
10087297,house,house,254000,forsale,2830,hyperequipped,1925,tobedoneup,gas,382,2,186,,true,,,,,,,,10/18/22
10072860,house,countrycottage,259000,forsale,4570,semiequipped,,good,fueloil,561,4,1095,,true,681,true,true,,,2,,10/18/22
10112446,house,house,259000,forsale,9600,hyperequipped,1935,good,gas,181,4,137,,,40,true,,,,,,10/18/22
9871293,house,house,259000,forsale,9600,notinstalled,1952,good,gas,600,5,176,,true,,true,,,1,,,10/18/22
10082451,house,house,259000,forsale,9600,installed,1959,good,gas,368,2,468,,,,,,,,,,10/18/22
10060267,house,house,259000,forsale,9600,hyperequipped,,asnew,gas,280,5,235,true,true,100,true,,,,,,10/18/22
10123590,house,house,265000,forsale,1350,installed,1957,,fueloil,221,2,663,,true,,true,,,,4,,10/18/22
10100268,house,house,265000,forsale,9200,semiequipped,1918,torenovate,gas,463,4,143,,true,,true,,,1,,,10/18/22
9953284,house,house,267000,forsale,1840,semiequipped,1964,tobedoneup,fueloil,514,1,384,,,,,,,1,2,,10/18/22
10039552,house,house,269000,forsale,2880,semiequipped,1937,tobedoneup,gas,290,1,145,,,80,,,,,,,10/18/22
10129114,house,house,269000,forsale,4500,installed,2011,good,fueloil,237,4,2254,,,,true,,,1,,,10/18/22
9937402,house,house,269000,forsale,4500,installed,1984,good,fueloil,404,4,1009,,,,true,,,2,4,,10/18/22
10119165,house,countrycottage,269000,forsale,4570,installed,,justrenovated,fueloil,646,4,848,,,620,true,,,,,,10/18/22
10074853,house,house,269900,forsale,9200,installed,1931,justrenovated,gas,145,3,158,,true,,true,,,,1,,10/18/22
10158489,apartment,groundfloor,298000,forsale,1853,,1971,good,gas,355,2,,,,,true,,,,,,10/18/22
10158488,apartment,apartment,279000,forsale,2630,installed,1979,,gas,233,2,,,,,,,,2,1,,10/18/22
10158487,house,townhouse,995000,forsale,1150,hyperequipped,1954,torenovate,,439,6,322,,true,165,true,,,1,2,,10/18/22
10158485,house,countrycottage,825000,forsale,1702,semiequipped,1963,torenovate,fueloil,824,4,9143,,true,,,,,1,,,10/18/22
9921619,apartment,apartment,255000,forsale,7700,installed,,justrenovated,gas,277,4,,,true,,true,,,,,,10/18/22
10158481,house,house,345000,forsale,3001,,1963,torenovate,gas,326,3,90,,true,,,,,,,,10/18/22
10158478,apartmentgroup,apartmentgroup,322750-322750,forsale,9630,,,,,,,,,,,,,,,,1,10/18/22
10158470,apartmentgroup,apartmentgroup,447175-447175,forsale,1420,,,,,,,,,,,,,,1,,1,10/18/22
9972363,house,house,270000,forsale,6640,semiequipped,2009,good,fueloil,163,3,1452,,true,,,,,,,,10/18/22
10003165,house,house,275000,forsale,1350,installed,1950,justrenovated,fueloil,403,3,1729,true,,1653,true,,true,1,2,,10/18/22
10071118,house,house,275000,forsale,1600,installed,1928,tobedoneup,gas,,4,210,,,95,,,,,,,10/18/22
10115872,house,house,275000,forsale,1861,installed,1931,good,gas,256,3,265,,true,,true,,,1,,,10/18/22
10047183,house,house,275000,forsale,4040,notinstalled,1837,torenovate,gas,275,5,309,,true,130,true,,,,2,,10/18/22
10124897,house,house,275000,forsale,4300,semiequipped,1977,asnew,fueloil,362,3,500,,true,,,,,2,2,,10/18/22
10098944,house,house,275000,forsale,4500,usahyperequipped,1953,justrenovated,fueloil,441,4,280,,true,200,true,,,,,,10/18/22
10127448,house,house,275000,forsale,9700,semiequipped,1964,torenovate,gas,398,3,405,,true,,true,,,1,,,10/18/22
10078835,house,house,279000,forsale,1880,semiequipped,1954,torenovate,fueloil,607,5,383,,true,,true,,,1,,,10/18/22
10042804,house,house,279000,forsale,9100,installed,1915,justrenovated,gas,221,3,156,,,70,true,true,,,,,10/18/22
10074409,house,house,280000,forsale,4041,,1967,tobedoneup,fueloil,467,3,400,,true,200,true,true,,3,,,10/18/22
10100108,house,house,285000,forsale,2870,semiequipped,1959,torenovate,fueloil,862,2,562,,true,,true,,,1,,,10/18/22
10113195,house,house,285000,forsale,4460,,,good,fueloil,179,3,270,,true,100,true,,,,,,10/18/22
9961939,house,house,289000,forsale,1745,installed,1943,tobedoneup,gas,447,3,247,,true,127,,,,2,,,10/18/22
10101965,house,house,290000,forsale,5555,installed,1976,tobedoneup,fueloil,275,4,1080,,true,,,,,1,,,10/18/22
10113995,house,house,295000,forsale,1400,,1800,justrenovated,gas,181,3,40,true,true,,true,,,,,,10/18/22
10078833,house,house,295000,forsale,1880,semiequipped,1961,good,gas,344,3,394,,true,,,,,1,4,,10/18/22
9998945,house,house,295000,forsale,3000,semiequipped,1899,torenovate,gas,476,3,62,,true,,true,,,,,,10/18/22
10014342,house,house,297000,forsale,1850,semiequipped,1933,good,electric,861,2,384,,,,,,,1,1,,10/18/22
10117507,house,house,298000,forsale,1180,installed,,tobedoneup,gas,539,2,160,,,112,true,,,,,,10/18/22
10068670,house,apartmentblock,299000,forsale,4500,installed,1874,justrenovated,gas,256,4,609,,true,,,,,,,,10/18/22
10055463,house,house,299000,forsale,9200,semiequipped,1921,torenovate,gas,703,4,100,,,,,,,,1,,10/18/22
10020501,house,house,299000,forsale,9260,installed,2001,good,electric,421,2,350,true,,175,true,,,1,2,,10/18/22
10110824,house,house,299500,forsale,4500,installed,,good,fueloil,279,4,161,,true,,,true,,1,,,10/18/22
10066212,house,house,300000,forsale,6630,installed,1980,good,fueloil,189,4,1628,,true,,,,,1,,,10/18/22
10072696,house,villa,300000,forsale,6637,semiequipped,1980,good,fueloil,436,4,2203,,true,,,,,1,,,10/18/22
9906008,house,house,300000,forsale,6761,installed,2000,tobedoneup,fueloil,179,3,1161,,true,,true,,,1,3,,10/18/22
10023609,house,house,300000,forsale,6887,semiequipped,1915,torenovate,fueloil,461,4,7006,,,,,,,,,,10/18/22
10109581,house,house,305000,forsale,1300,semiequipped,1920,good,gas,212,3,280,,true,280,true,true,,,1,,10/18/22
10125933,house,mixedusebuilding,307200,forsale,4500,semiequipped,1849,asnew,gas,209,4,701,,true,300,true,true,,,,,10/18/22
10158489,apartment,groundfloor,298000,forsale,1853,,1971,good,gas,355,2,,,,,true,,,,,,10/18/22
10158488,apartment,apartment,279000,forsale,2630,installed,1979,,gas,233,2,,,,,,,,2,1,,10/18/22
10158487,house,townhouse,995000,forsale,1150,hyperequipped,1954,torenovate,,439,6,322,,true,165,true,,,1,2,,10/18/22
10158485,house,countrycottage,825000,forsale,1702,semiequipped,1963,torenovate,fueloil,824,4,9143,,true,,,,,1,,,10/18/22
9921619,apartment,apartment,255000,forsale,7700,installed,,justrenovated,gas,277,4,,,true,,true,,,,,,10/18/22
10158481,house,house,345000,forsale,3001,,1963,torenovate,gas,326,3,90,,true,,,,,,,,10/18/22
10158478,apartmentgroup,apartmentgroup,322750-322750,forsale,9630,,,,,,,,,,,,,,,,1,10/18/22
10158470,apartmentgroup,apartmentgroup,447175-447175,forsale,1420,,,,,,,,,,,,,,1,,1,10/18/22
9718738,house,house,309000,forsale,2800,installed,1934,good,gas,802,2,148,,,,true,,,,,,10/18/22
10110663,house,house,315000,forsale,3500,semiequipped,1964,tobedoneup,gas,227,3,185,,,,true,,,2,1,,10/18/22
10120612,house,house,319000,forsale,1800,hyperequipped,1918,good,gas,311,4,60,,true,,true,,,,,,10/18/22
10116448,house,house,319000,forsale,2860,semiequipped,1954,torenovate,electric,1303,2,564,,true,300,true,,,2,2,,10/18/22
9890578,house,house,319000,forsale,4900,hyperequipped,,tobedoneup,gas,202,4,17,,true,,true,,,,,,10/18/22
10079879,house,house,320000,forsale,2800,installed,1874,tobedoneup,gas,614,2,142,,,,,,,,,,10/18/22
9779846,house,house,325000,forsale,1390,installed,,good,fueloil,454,2,770,true,,,true,,,,1,,10/18/22
9508122,house,apartmentblock,325000,forsale,1400,semiequipped,1958,good,fueloil,474,3,170,,true,,,,,,,,10/18/22
10115870,house,house,325000,forsale,1840,semiequipped,1978,torenovate,fueloil,387,6,476,,,,true,,,2,,,10/18/22
10114075,house,apartmentblock,325000,forsale,4040,,,good,gas,191,6,166,,true,,true,,,,,,10/18/22
9869226,house,house,329000,forsale,2160,semiequipped,1949,tobedoneup,gas,515,3,218,,true,52,true,,,1,,,10/18/22
10068672,house,house,329000,forsale,4570,installed,2002,good,fueloil,238,4,1179,true,true,800,true,,,,3,,10/18/22
10085981,house,house,329000,forsale,6140,installed,2018,asnew,gas,109,3,371,true,,250,true,,,1,2,,10/18/22
9591264,house,house,329000,forsale,6760,installed,,good,fueloil,493,4,2685,,true,,,,,1,,,10/18/22
9932008,house,house,330000,forsale,5555,semiequipped,1979,good,fueloil,331,4,1427,,true,,,true,,1,,,10/18/22
10092477,house,house,334000,forsale,5300,installed,1976,good,fueloil,579,3,2157,,true,1920,true,,,1,4,,10/18/22
10115940,house,house,340000,forsale,1800,hyperequipped,1979,tobedoneup,gas,188,2,153,,,,,,,,,,10/18/22
10103576,house,house,340000,forsale,6700,semiequipped,,torestore,fueloil,433,5,550,,true,,,,,1,2,,10/18/22
9976985,house,house,345000,forsale,1340,,1930,good,gas,294,4,280,true,true,,true,true,,,,,10/18/22
9958348,house,house,345000,forsale,1390,installed,,good,fueloil,317,4,388,,true,,true,true,,,,,10/18/22
10119594,house,house,349000,forsale,1850,semiequipped,1966,good,gas,422,4,332,,true,,,,,1,,,10/18/22
9926242,house,villa,349000,forsale,4520,semiequipped,1961,good,gas,299,7,4100,,true,,,,,1,3,,10/18/22
10121618,house,house,349000,forsale,4802,installed,1947,good,gas,337,5,740,,true,555,true,,,1,4,,10/18/22
10032574,house,bungalow,349000,forsale,4870,installed,1976,asnew,fueloil,208,4,708,,true,200,true,,,1,6,,10/18/22
10006497,house,house,349500,forsale,4500,notinstalled,,good,gas,205,4,518,,,,true,true,,1,,,10/18/22
10120532,house,house,350000,forsale,5140,semiequipped,1908,tobedoneup,fueloil,381,4,2178,,,,true,,,,,,10/18/22
10058898,house,house,350000,forsale,6660,installed,1984,good,fueloil,311,4,15640,,true,,,,,1,,,10/18/22
10002562,house,house,350000,forsale,7190,usasemiequipped,,good,fueloil,329,5,404,true,true,200,true,,,1,1,,10/18/22
10121415,house,house,355000,forsale,9570,hyperequipped,1976,tobedoneup,electric,844,3,986,true,true,,true,,,2,3,,10/18/22
9830944,house,house,359000,forsale,1880,installed,1936,good,gas,337,4,287,,true,,,,,,,,10/18/22
10158489,apartment,groundfloor,298000,forsale,1853,,1971,good,gas,355,2,,,,,true,,,,,,10/18/22
10158488,apartment,apartment,279000,forsale,2630,installed,1979,,gas,233,2,,,,,,,,2,1,,10/18/22
10158487,house,townhouse,995000,forsale,1150,hyperequipped,1954,torenovate,,439,6,322,,true,165,true,,,1,2,,10/18/22
10158485,house,countrycottage,825000,forsale,1702,semiequipped,1963,torenovate,fueloil,824,4,9143,,true,,,,,1,,,10/18/22
9921619,apartment,apartment,255000,forsale,7700,installed,,justrenovated,gas,277,4,,,true,,true,,,,,,10/18/22
10158481,house,house,345000,forsale,3001,,1963,torenovate,gas,326,3,90,,true,,,,,,,,10/18/22
10158478,apartmentgroup,apartmentgroup,322750-322750,forsale,9630,,,,,,,,,,,,,,,,1,10/18/22
10158470,apartmentgroup,apartmentgroup,447175-447175,forsale,1420,,,,,,,,,,,,,,1,,1,10/18/22
10085718,house,house,359000,forsale,9255,installed,1946,good,gas,418,3,821,,true,,true,,,1,5,,10/18/22
10068369,house,house,360000,forsale,4031,hyperequipped,1930,asnew,gas,403,2,515,,true,180,,,,1,,,10/18/22
10087298,house,house,365000,forsale,2880,installed,2010,good,gas,200,1,660,,,,true,,,1,2,,10/18/22
10009531,house,house,369000,forsale,1860,semiequipped,1980,tobedoneup,gas,330,4,275,,,,true,,,1,2,,10/18/22
10106813,house,house,370000,forsale,6700,installed,,tobedoneup,gas,260,4,361,,true,,,,,1,,,10/18/22
10093356,house,house,375000,forsale,6250,semiequipped,1965,good,fueloil,532,3,575,,true,,true,true,,1,1,,10/18/22
10068402,house,house,379000,forsale,4210,installed,1850,justrenovated,gas,253,5,1111,,true,,,,,,,,10/18/22
9975361,house,house,379000,forsale,4210,installed,1850,justrenovated,gas,253,5,1111,,true,,,,,,,,10/18/22
10091874,house,house,379000,forsale,6000,usahyperequipped,,justrenovated,gas,230,5,470,true,true,320,true,true,,1,,,10/18/22
10091851,house,house,379000,forsale,6040,usahyperequipped,,justrenovated,gas,230,5,470,true,true,320,true,true,,1,,,10/18/22
9589549,house,house,385000,forsale,1840,semiequipped,1988,tobedoneup,gas,375,4,356,,true,,true,,,4,,,10/18/22
9777965,house,house,389000,forsale,1070,,1950,torenovate,fueloil,660,3,653,,true,380,true,,,1,2,,10/18/22
9969776,house,house,390000,forsale,6740,installed,1979,tobedoneup,fueloil,261,3,1235,,true,,,,,1,,,10/18/22
9992620,house,house,395000,forsale,1070,usahyperequipped,,asnew,gas,278,3,170,,,32,true,,,,,,10/18/22
9777785,house,house,395000,forsale,4500,semiequipped,,good,gas,270,9,647,,true,,true,,,,,,10/18/22
10127673,house,house,399000,forsale,1620,hyperequipped,1927,good,gas,230,3,231,true,,260,true,,,,,,10/18/22
10081694,house,house,399000,forsale,3090,semiequipped,1973,good,gas,436,3,706,,true,706,true,,,2,,,10/18/22
9906477,house,villa,399000,forsale,4260,installed,2012,good,fueloil,127,4,1227,,true,900,true,,,,3,,10/18/22
10086593,house,apartmentblock,399000,forsale,4870,notinstalled,,torenovate,gas,418,9,1097,,true,,true,,,4,,,10/18/22
10021008,house,house,400000,forsale,7190,installed,1975,,fueloil,226,5,1000,,,,,,,1,4,,10/18/22
9854434,house,house,420000,forsale,1082,,1930,,gas,474,3,145,,,74,,,,,,,10/18/22
10077374,house,mixedusebuilding,425000,forsale,3220,semiequipped,1952,good,fueloil,324,6,310,,true,,,,,1,,,10/18/22
10077373,house,house,425000,forsale,3220,semiequipped,1952,good,fueloil,324,6,310,,true,,,,,1,,,10/18/22
10105038,house,house,425000,forsale,9040,installed,2003,good,gas,107,4,231,,,,,,,1,2,,10/18/22
9929822,house,house,429000,forsale,1861,installed,1979,good,electric,607,3,599,,,,true,,,2,5,,10/18/22
10109436,house,apartmentblock,430000,forsale,6780,installed,1930,good,fueloil,266,5,510,,true,,,,,2,,,10/18/22
10080194,house,house,435000,forsale,4537,installed,1978,asnew,fueloil,322,4,2063,,,1500,true,true,,2,4,,10/18/22
10071064,house,house,435000,forsale,6740,installed,1983,good,fueloil,229,5,858,,,700,true,,,1,2,,10/18/22
10046540,house,house,439000,forsale,1650,installed,1960,justrenovated,fueloil,576,3,550,,true,,true,,,1,1,,10/18/22
9833345,house,townhouse,440000,forsale,1120,usainstalled,2006,good,,145,3,260,,,170,true,,,1,1,,10/18/22
10158489,apartment,groundfloor,298000,forsale,1853,,1971,good,gas,355,2,,,,,true,,,,,,10/18/22
10158488,apartment,apartment,279000,forsale,2630,installed,1979,,gas,233,2,,,,,,,,2,1,,10/18/22
10158487,house,townhouse,995000,forsale,1150,hyperequipped,1954,torenovate,,439,6,322,,true,165,true,,,1,2,,10/18/22
10158485,house,countrycottage,825000,forsale,1702,semiequipped,1963,torenovate,fueloil,824,4,9143,,true,,,,,1,,,10/18/22
9921619,apartment,apartment,255000,forsale,7700,installed,,justrenovated,gas,277,4,,,true,,true,,,,,,10/18/22
10158481,house,house,345000,forsale,3001,,1963,torenovate,gas,326,3,90,,true,,,,,,,,10/18/22
10158478,apartmentgroup,apartmentgroup,322750-322750,forsale,9630,,,,,,,,,,,,,,,,1,10/18/22
10158470,apartmentgroup,apartmentgroup,447175-447175,forsale,1420,,,,,,,,,,,,,,1,,1,10/18/22
10016484,house,house,440000,forsale,2850,semiequipped,1972,tobedoneup,fueloil,516,3,1045,,,,,,,2,5,,10/18/22
9980187,house,house,440000,forsale,4910,installed,2008,good,gas,293,4,4495,,true,,true,,,1,4,,10/18/22
10124455,house,mansion,445000,forsale,1030,semiequipped,1913,good,gas,250,5,100,,true,22,true,,,,,,10/18/22
9794950,house,house,445000,forsale,1330,usainstalled,1990,tobedoneup,fueloil,296,3,1005,,true,,true,,,2,1,,10/18/22
10115093,house,house,448000,forsale,1190,hyperequipped,,good,gas,559,3,50,true,true,,true,,,,,,10/18/22
10094502,house,house,449000,forsale,1850,installed,1900,good,gas,286,3,636,,,,,,,,2,,10/18/22
10098937,house,house,449000,forsale,1861,installed,1963,good,fueloil,486,3,822,,true,,true,,,4,4,,10/18/22
10101240,house,house,449000,forsale,4218,semiequipped,1952,good,fueloil,407,4,812,,true,700,,,,,2,,10/18/22
10126946,house,house,449000,forsale,4280,installed,,good,fueloil,473,4,1160,,true,,true,,,2,,,10/18/22
10019791,house,house,450000,forsale,1310,semiequipped,,torenovate,gas,232,3,758,,true,618,true,,,1,2,,10/18/22
9880166,house,house,450000,forsale,1742,installed,1969,good,fueloil,262,6,355,,,,true,,,1,,,10/18/22
10107001,house,villa,450000,forsale,4600,usahyperequipped,,asnew,gas,241,4,600,,true,400,true,,,2,,,10/18/22
10112827,house,countrycottage,450000,forsale,6980,installed,1850,justrenovated,fueloil,158,5,920,,,,,,,1,,,10/18/22
10003281,house,apartmentblock,459000,forsale,1070,notinstalled,1887,torenovate,gas,437,6,110,,true,,,,,1,2,,10/18/22
9948169,house,house,465000,forsale,1800,hyperequipped,1972,good,gas,281,4,252,,,,,,,,,,10/18/22
9902102,house,house,465000,forsale,2500,installed,,justrenovated,gas,274,3,373,true,,275,true,,,,,,10/18/22
9449757,house,house,465000,forsale,3200,installed,1987,good,fueloil,309,5,1384,,true,,,,,4,4,,10/18/22
10047713,house,house,469000,forsale,2890,installed,2006,good,gas,119,3,210,,true,,true,,,1,,,10/18/22
9919912,house,house,470000,forsale,1390,installed,,good,fueloil,234,6,980,true,true,,true,,,1,4,,10/18/22
9177425,house,apartmentblock,470000,forsale,4000,semiequipped,,justrenovated,gas,110,5,103,,,,true,,,,,,10/18/22
10076751,house,house,475000,forsale,1840,installed,1933,good,fueloil,325,3,1320,,,,true,,,1,4,,10/18/22
10054439,house,mansion,480000,forsale,4170,semiequipped,1910,good,pellet,,5,2000,true,true,,true,true,,1,1,,10/18/22
10023856,house,house,485000,forsale,1755,installed,1995,good,gas,248,3,1192,,,,true,true,,2,,,10/18/22
10093294,house,house,489000,forsale,1800,usainstalled,,asnew,gas,163,4,352,true,,212,true,,,1,2,,10/18/22
10124783,house,villa,490000,forsale,6792,hyperequipped,1994,good,fueloil,286,4,1465,,true,,true,true,,2,2,,10/18/22
10122623,house,house,490000,forsale,6792,hyperequipped,1994,good,fueloil,286,4,1465,,true,,true,true,,2,2,,10/18/22
10081017,house,house,490000,forsale,8400,installed,1986,good,electric,321,3,138,,,50,true,,,,,,10/18/22
10117343,house,house,495000,forsale,9000,usainstalled,,good,gas,338,4,81,true,true,,true,true,,,,,10/18/22
9810628,house,apartmentblock,500000,forsale,6600,semiequipped,1958,good,fueloil,178,7,414,,true,,,,,3,,,10/18/22
10124901,house,house,520000,forsale,6700,usahyperequipped,1970,asnew,gas,251,4,1873,,,,true,true,,,3,,10/18/22
10158489,apartment,groundfloor,298000,forsale,1853,,1971,good,gas,355,2,,,,,true,,,,,,10/18/22
10158488,apartment,apartment,279000,forsale,2630,installed,1979,,gas,233,2,,,,,,,,2,1,,10/18/22
10158487,house,townhouse,995000,forsale,1150,hyperequipped,1954,torenovate,,439,6,322,,true,165,true,,,1,2,,10/18/22
10158485,house,countrycottage,825000,forsale,1702,semiequipped,1963,torenovate,fueloil,824,4,9143,,true,,,,,1,,,10/18/22
9921619,apartment,apartment,255000,forsale,7700,installed,,justrenovated,gas,277,4,,,true,,true,,,,,,10/18/22
10158481,house,house,345000,forsale,3001,,1963,torenovate,gas,326,3,90,,true,,,,,,,,10/18/22
10158478,apartmentgroup,apartmentgroup,322750-322750,forsale,9630,,,,,,,,,,,,,,,,1,10/18/22
10158470,apartmentgroup,apartmentgroup,447175-447175,forsale,1420,,,,,,,,,,,,,,1,,1,10/18/22
10081206,house,house,525000,forsale,1020,hyperequipped,1930,good,gas,213,7,89,,true,,true,true,,,,,10/18/22
10091753,house,mixedusebuilding,530000,forsale,4000,installed,,good,fueloil,396,4,160,,true,,true,,,,,,10/18/22
10123058,house,house,549500,forsale,2390,semiequipped,1965,good,gas,246,4,961,,true,,true,true,,,2,,10/18/22
10072204,house,house,550000,forsale,1200,installed,1968,good,,343,3,180,,true,,true,true,,,,,10/18/22
9909908,house,house,550000,forsale,1300,installed,1969,tobedoneup,fueloil,777,3,2255,,true,2000,true,true,,3,3,,10/18/22
10037626,house,villa,550000,forsale,1350,usahyperequipped,2020,asnew,gas,110,4,1078,true,,,true,true,,,4,,10/18/22
10115600,house,house,550000,forsale,3840,installed,1992,good,fueloil,269,4,1234,,true,,true,,,5,,,10/18/22
10002281,house,countrycottage,550000,forsale,5100,installed,,tobedoneup,fueloil,365,5,16504,true,,900,true,true,,,,,10/18/22
10095395,house,house,559000,forsale,1150,hyperequipped,,tobedoneup,gas,331,4,285,true,true,165,true,,,,,,10/18/22
10059816,house,house,565000,forsale,1200,usahyperequipped,1932,good,gas,326,3,135,,true,85,,true,,,,,10/18/22
9973920,house,apartmentblock,565000,forsale,8400,installed,2008,asnew,gas,189,4,83,,,,,,,,,,10/18/22
10123623,house,apartmentblock,574000,forsale,5000,installed,1950,tobedoneup,gas,301,9,20,,true,,true,,,,,,10/18/22
9905212,house,house,575000,forsale,1180,usahyperequipped,1930,good,gas,343,5,85,,true,20,true,true,,,,,10/18/22
9590643,house,house,590000,forsale,1400,hyperequipped,1965,asnew,gas,215,4,726,,,400,true,true,,1,,,10/18/22
9885895,house,house,595000,forsale,1160,usahyperequipped,1930,good,gas,472,4,92,,true,23,true,,,,,,10/18/22
10067953,house,apartmentblock,595000,forsale,1180,notinstalled,1928,torenovate,,324,4,230,,,135,true,,,,,,10/18/22
9962405,house,house,595000,forsale,1435,semiequipped,1929,good,fueloil,289,4,2710,,true,,,,,2,5,,10/18/22
10103157,house,house,595000,forsale,1785,hyperequipped,2020,good,gas,63,3,317,,,,true,,,2,2,,10/18/22
10009446,house,house,599000,forsale,1300,semiequipped,1890,good,fueloil,314,4,620,true,true,620,true,true,true,1,1,,10/18/22
10099001,house,house,599000,forsale,1301,installed,1988,good,fueloil,264,5,815,true,true,815,true,true,,2,2,,10/18/22
9973626,house,house,599000,forsale,2870,installed,1931,good,fueloil,325,3,644,,,,true,,,2,3,,10/18/22
9935511,house,apartmentblock,599000,forsale,4820,notinstalled,2013,,gas,235,16,2739,,true,,,true,,6,,,10/18/22
10062200,house,house,625000,forsale,1070,usahyperequipped,2004,,gas,156,4,272,,,137,true,,,1,,,10/18/22
10097892,house,house,630000,forsale,6769,installed,2004,asnew,fueloil,201,5,8500,,true,,,,,2,5,,10/18/22
10109437,house,house,639000,forsale,8750,semiequipped,1984,good,electric,412,3,2951,,,2951,true,,,,,,10/18/22
10033295,house,villa,649000,forsale,1080,usahyperequipped,1980,asnew,gas,233,6,626,true,true,505,true,true,,1,1,,10/18/22
10062299,house,apartmentblock,649000,forsale,1140,installed,1957,good,gas,313,3,173,,,73,true,,,,,,10/18/22
10012816,house,house,649000,forsale,1933,hyperequipped,1972,good,fueloil,290,3,442,true,true,,true,,,1,1,,10/18/22
9485493,house,house,650000,forsale,1470,hyperequipped,1981,asnew,electric,314,4,2470,,,1500,true,true,,,4,,10/18/22
9984912,house,house,663000,forsale,7080,installed,1992,good,fueloil,375,2,10389,,true,10027,,,true,1,10,,10/18/22
10158489,apartment,groundfloor,298000,forsale,1853,,1971,good,gas,355,2,,,,,true,,,,,,10/18/22
10158488,apartment,apartment,279000,forsale,2630,installed,1979,,gas,233,2,,,,,,,,2,1,,10/18/22
10158487,house,townhouse,995000,forsale,1150,hyperequipped,1954,torenovate,,439,6,322,,true,165,true,,,1,2,,10/18/22
10158485,house,countrycottage,825000,forsale,1702,semiequipped,1963,torenovate,fueloil,824,4,9143,,true,,,,,1,,,10/18/22
9921619,apartment,apartment,255000,forsale,7700,installed,,justrenovated,gas,277,4,,,true,,true,,,,,,10/18/22
10158481,house,house,345000,forsale,3001,,1963,torenovate,gas,326,3,90,,true,,,,,,,,10/18/22
10158478,apartmentgroup,apartmentgroup,322750-322750,forsale,9630,,,,,,,,,,,,,,,,1,10/18/22
10158470,apartmentgroup,apartmentgroup,447175-447175,forsale,1420,,,,,,,,,,,,,,1,,1,10/18/22
10055002,house,house,675000,forsale,2220,installed,1982,good,gas,599,4,4770,,,,true,true,true,7,5,,10/18/22
10089668,house,mansion,690000,forsale,1430,usahyperequipped,1896,,gas,181,5,1111,,true,,true,true,,,,,10/18/22
10065729,house,mixedusebuilding,690000,forsale,1860,installed,1974,good,gas,182,3,778,,true,,true,true,,4,2,,10/18/22
10065728,house,villa,690000,forsale,1860,installed,1974,good,gas,182,3,778,,true,,true,true,,4,2,,10/18/22
10060595,house,exceptionalproperty,690000,forsale,6860,usahyperequipped,1980,asnew,fueloil,168,9,2803,true,true,,true,,,2,5,,10/18/22
10082717,house,house,695000,forsale,1310,installed,2010,asnew,gas,247,4,0,,true,850,true,true,,2,2,,10/18/22
10074851,house,villa,695000,forsale,3910,semiequipped,1996,good,fueloil,220,4,7173,,,,true,,,2,10,,10/18/22
10119978,house,villa,699000,forsale,1300,usahyperequipped,,good,fueloil,253,5,3215,true,true,3067,true,true,,,6,,10/18/22
10078788,house,villa,750000,forsale,2870,installed,1977,good,fueloil,331,6,1093,,,,,,,1,2,,10/18/22
10039451,house,apartmentblock,765000,forsale,9000,usasemiequipped,1950,good,gas,227,6,59,,,,,,,,,,10/18/22
9980378,house,villa,770000,forsale,1880,semiequipped,1994,good,gas,114,5,1369,,,,,,,1,2,,10/18/22
10073482,house,house,790000,forsale,4300,notinstalled,1918,good,fueloil,450,5,57392,,true,,true,,,4,4,,10/18/22
10124510,house,house,795000,forsale,1040,installed,1930,torenovate,gas,370,9,0,,true,80,true,true,,,,,10/18/22
10111065,house,apartmentblock,795000,forsale,1180,,1939,torestore,gas,583,4,260,,true,78,true,,,,2,,10/18/22
10093094,house,house,795000,forsale,1330,hyperequipped,1900,good,gas,127,5,800,,true,520,true,true,,,3,,10/18/22
10066220,house,villa,845000,forsale,2560,semiequipped,2001,good,fueloil,213,6,1475,,true,,true,true,,4,3,,10/18/22
10105310,house,villa,869000,forsale,1840,installed,1971,justrenovated,gas,256,4,0,,true,,,,,3,,,10/18/22
9891571,house,villa,875000,forsale,1342,usainstalled,1985,asnew,electric,262,5,4842,,,4600,true,,true,2,4,,10/18/22
10108159,house,villa,895000,forsale,1410,notinstalled,,asnew,fueloil,255,4,817,,true,500,true,true,,2,2,,10/18/22
10059000,house,villa,895000,forsale,2460,hyperequipped,2018,asnew,gas,136,4,1500,,true,,true,true,,2,,,10/18/22
9733287,house,mixedusebuilding,900000,forsale,1370,installed,1996,good,fueloil,263,4,2513,,,,true,true,,2,13,,10/18/22
9825909,house,house,975000,forsale,8300,usasemiequipped,1936,torenovate,gas,616,6,249,,,249,true,,,1,2,,10/18/22
10116901,house,villa,980000,forsale,1800,hyperequipped,2008,good,gas,170,5,1456,,true,,,,,,,,10/18/22
9923305,house,villa,995000,forsale,2280,installed,1999,good,gas,293,4,2950,,true,,true,true,,3,2,,10/18/22
10083521,house,otherproperty,995000,forsale,8500,hyperequipped,2021,asnew,,34,3,2500,,,,true,,,1,2,,10/18/22
10103103,house,villa,1075000,forsale,3090,installed,1973,torenovate,gas,214,7,1337,,true,1337,true,true,,2,,,10/18/22
9965945,house,villa,1190000,forsale,8610,installed,2009,,fueloil,195,4,8132,,,,,true,true,1,2,,10/18/22
10091276,house,villa,1245000,forsale,2930,installed,1970,good,gas,445,6,3763,,true,2100,true,true,true,6,,,10/18/22
9990184,house,apartmentblock,1250000,forsale,1060,notinstalled,1930,torenovate,,652,9,120,true,true,25,,,,,,,10/18/22
10158489,apartment,groundfloor,298000,forsale,1853,,1971,good,gas,355,2,,,,,true,,,,,,10/18/22
10158488,apartment,apartment,279000,forsale,2630,installed,1979,,gas,233,2,,,,,,,,2,1,,10/18/22
10158487,house,townhouse,995000,forsale,1150,hyperequipped,1954,torenovate,,439,6,322,,true,165,true,,,1,2,,10/18/22
10158485,house,countrycottage,825000,forsale,1702,semiequipped,1963,torenovate,fueloil,824,4,9143,,true,,,,,1,,,10/18/22
9921619,apartment,apartment,255000,forsale,7700,installed,,justrenovated,gas,277,4,,,true,,true,,,,,,10/18/22
10158481,house,house,345000,forsale,3001,,1963,torenovate,gas,326,3,90,,true,,,,,,,,10/18/22
10158478,apartmentgroup,apartmentgroup,322750-322750,forsale,9630,,,,,,,,,,,,,,,,1,10/18/22
10158470,apartmentgroup,apartmentgroup,447175-447175,forsale,1420,,,,,,,,,,,,,,1,,1,10/18/22
9941407,house,house,1375000,forsale,8300,usainstalled,2004,good,,131,5,145,,,,true,,,2,2,,10/18/22
10091277,house,exceptionalproperty,1395000,forsale,2018,installed,1911,asnew,gas,241,6,207,,true,60,,,,1,,,10/18/22
9957850,house,house,1485000,forsale,1702,hyperequipped,1912,good,gas,435,5,2836,true,true,,true,true,true,5,3,,10/18/22
10077366,house,mixedusebuilding,1795000,forsale,3040,hyperequipped,1919,justrenovated,gas,161,5,11000,,true,,true,true,,2,,,10/18/22
10077364,house,villa,1795000,forsale,3040,hyperequipped,1919,justrenovated,gas,161,5,11000,,true,,true,true,,2,,,10/18/22
9998919,house,villa,2155000,forsale,8300,usasemiequipped,2015,asnew,gas,102.51,5,458,,,,true,,,1,4,,10/18/22
9981509,house,house,2650000,forsale,7740,hyperequipped,1960,good,gas,614,7,40000,true,true,,true,true,,3,6,,10/18/22
5750433,house,villa,2750000,forsale,1180,hyperequipped,1920,asnew,gas,487,7,2600,,true,,true,true,,2,1,,10/18/22
10034094,house,exceptionalproperty,2755000,forsale,8300,usahyperequipped,2004,justrenovated,gas,193,5,937,,,937,true,true,true,1,4,,10/18/22
9370746,house,villa,2950000,forsale,1180,installed,1958,tobedoneup,fueloil,493,5,3237,,true,,true,true,,3,,,10/18/22
10110862,house,villa,3500000,forsale,1180,hyperequipped,2013,asnew,gas,69,4,1396,,true,,true,true,,2,,,10/18/22
10121977,house,villa,3650000,forsale,8300,usahyperequipped,1977,good,gas,267,4,515,true,true,515,true,,,1,2,,10/18/22
9923424,house,villa,3850000,forsale,8300,hyperequipped,2005,asnew,gas,172,4,599,,,599,true,true,,2,4,,10/18/22
10036081,house,villa,3995000,forsale,8300,usahyperequipped,1928,asnew,fueloil,484,5,925,,true,925,true,true,,1,4,,10/18/22
10157743,house,townhouse,225000,forsale,6690,installed,2013,asnew,fueloil,242,2,0,,true,,true,true,,,2,,10/18/22
10026156,house,house,299000,forsale,9200,installed,,justrenovated,gas,51,3,70,,,,true,,,,,,10/18/22
10132906,house,house,289000,forsale,9000,semiequipped,1931,torenovate,,829,3,150,,,,,,,1,,,10/18/22
10132301,house,house,335000,forsale,1490,installed,1932,,gas,399,3,370,,true,370,true,true,,3,,,10/18/22
10049312,house,house,198000,forsale,2880,installed,1875,good,gas,319,2,90,,,,,,,,,,10/18/22
10135414,house,house,750000,forsale,1650,installed,1971,tobedoneup,fueloil,362,3,1955,,true,,true,,,2,2,,10/18/22
10134343,house,villa,895000,forsale,8570,installed,2014,asnew,,,4,6522,,,,true,,,,,,10/18/22
10138360,house,house,189900,forsale,6250,usahyperequipped,,justrenovated,gas,362,2,130,true,true,50,true,,,,,,10/18/22
10139176,house,house,225000,forsale,7880,semiequipped,,torenovate,gas,382,4,623,,true,,,true,,1,,,10/18/22
9902324,house,house,235000,forsale,4470,hyperequipped,2020,asnew,gas,,3,368,,,100,,true,,,2,1,10/18/22
10041186,house,house,289000,forsale,6840,,2022,asnew,gas,108,3,354,true,,,true,,,,1,1,10/18/22
10138322,house,house,550000,forsale,1020,semiequipped,1937,tobedoneup,fueloil,,5,230,true,true,128,true,true,,1,1,,10/18/22
10138527,house,mixedusebuilding,595000,forsale,1850,semiequipped,1965,torenovate,fueloil,459,4,1205,,true,400,,,,3,6,,10/18/22
10139974,house,villa,599000,forsale,9750,hyperequipped,1961,asnew,fueloil,328,4,890,true,true,,true,true,,1,3,,10/18/22
10138896,house,house,615000,forsale,1030,hyperequipped,1910,justrenovated,gas,253,4,85,,true,,true,,,,,,10/18/22
10126880,house,house,850000,forsale,1150,hyperequipped,1954,good,gas,512,3,350,true,true,250,true,,,1,2,,10/18/22
10158489,apartment,groundfloor,298000,forsale,1853,,1971,good,gas,355,2,,,,,true,,,,,,10/18/22
10158488,apartment,apartment,279000,forsale,2630,installed,1979,,gas,233,2,,,,,,,,2,1,,10/18/22
10158487,house,townhouse,995000,forsale,1150,hyperequipped,1954,torenovate,,439,6,322,,true,165,true,,,1,2,,10/18/22
10158485,house,countrycottage,825000,forsale,1702,semiequipped,1963,torenovate,fueloil,824,4,9143,,true,,,,,1,,,10/18/22
9921619,apartment,apartment,255000,forsale,7700,installed,,justrenovated,gas,277,4,,,true,,true,,,,,,10/18/22
10158481,house,house,345000,forsale,3001,,1963,torenovate,gas,326,3,90,,true,,,,,,,,10/18/22
10158478,apartmentgroup,apartmentgroup,322750-322750,forsale,9630,,,,,,,,,,,,,,,,1,10/18/22
10158470,apartmentgroup,apartmentgroup,447175-447175,forsale,1420,,,,,,,,,,,,,,1,,1,10/18/22
10139783,house,apartmentblock,860000,forsale,1400,,1800,good,,167,8,440,,true,,true,,,4,4,,10/18/22
10146801,house,house,499000,forsale,9030,installed,,good,gas,95,3,142,,,,,,,,,,10/18/22
10146414,house,villa,1595000,forsale,9090,,1970,asnew,,224,4,4015,,true,,,,true,1,4,,10/18/22
10149219,house,house,185000,forsale,9300,semiequipped,1940,torenovate,gas,457,4,145,true,true,80,true,,,,,,10/18/22
10120364,house,house,239000,forsale,2020,installed,,asnew,gas,425,2,90,,true,18,,,,,,,10/18/22
10149537,house,villa,483000,forsale,1840,installed,1977,good,gas,295,3,0,,,286,true,,,2,2,,10/18/22
10151018,house,house,549000,forsale,1831,installed,,justrenovated,gas,169,3,303,,true,,true,,,,3,,10/18/22
10150352,house,apartmentblock,925000,forsale,1000,,1930,,gas,550,4,85,,true,,,true,,,,,10/18/22
10149404,house,house,1595000,forsale,1950,hyperequipped,1987,asnew,gas,174,4,1000,,true,,true,,,1,3,,10/18/22
10156598,house,house,199000,forsale,2845,installed,,good,gas,342,3,86,,true,,true,,,,,,10/18/22
10156301,house,house,240000,forsale,4317,,,justrenovated,gas,375,2,956,,true,,,,,,2,,10/18/22
10155784,house,villa,795000,forsale,1410,hyperequipped,1997,asnew,fueloil,221,4,1006,,,150,true,,true,1,4,,10/18/22
10155839,house,villa,795000,forsale,1420,hyperequipped,1997,asnew,fueloil,221,4,1006,,,150,true,,true,1,4,,10/18/22
10067767,house,mansion,1575000,forsale,1000,hyperequipped,1908,,gas,301,5,262,,true,101,true,true,,,,,10/18/22
10130889,house,apartmentblock,2150000,forsale,1000,installed,1890,good,gas,382,10,460,true,true,,true,true,,5,3,,10/18/22
10136141,house,house,140000,forsale,4460,notinstalled,,torenovate,gas,544,2,129,true,true,34,,,,1,,,10/18/22
10136853,house,house,210000,forsale,9690,notinstalled,1936,tobedoneup,,598,3,450,,true,,true,,,,,,10/18/22
10136880,house,house,355000,forsale,9200,installed,1945,asnew,gas,160,4,607,true,,400,true,true,,3,,,10/18/22
10137189,house,house,429000,forsale,6900,semiequipped,,good,fueloil,366,7,2649,,true,1616,true,,,,,,10/18/22
10136022,house,house,479000,forsale,1180,installed,1950,tobedoneup,gas,450,3,303,,true,230,true,,,1,1,,10/18/22
10136905,house,house,580000,forsale,1640,installed,1959,justrenovated,gas,180,5,305,,,,true,,,1,,,10/18/22
10137811,house,villa,1195000,forsale,2460,hyperequipped,2014,asnew,,129,3,1517,,,,true,,,1,1,,10/18/22
10135986,house,house,1850000,forsale,1950,usahyperequipped,1987,asnew,gas,148,5,1791,true,true,1000,true,,true,1,5,,10/18/22
10142482,house,house,299000,forsale,4500,semiequipped,2019,,gas,119,3,845,,,700,true,,,,2,,10/18/22
10142022,house,house,1450000,forsale,1190,,1918,good,gas,474,3,452,,,,true,,,,,,10/18/22
10145550,house,house,224000,forsale,6760,installed,,torenovate,fueloil,344,5,543,,true,200,true,,,1,2,,10/18/22
10145813,house,house,498000,forsale,8790,installed,1980,good,,193,4,200,,true,,true,,,2,2,,10/18/22
10145140,house,house,645000,forsale,1040,usainstalled,1903,good,gas,214,4,65,,true,,true,,,,,,10/18/22
10146100,house,house,745000,forsale,1410,usahyperequipped,1995,asnew,fueloil,196,4,1336,,true,1050,true,true,,1,2,,10/18/22
10158489,apartment,groundfloor,298000,forsale,1853,,1971,good,gas,355,2,,,,,true,,,,,,10/18/22
10158488,apartment,apartment,279000,forsale,2630,installed,1979,,gas,233,2,,,,,,,,2,1,,10/18/22
10158487,house,townhouse,995000,forsale,1150,hyperequipped,1954,torenovate,,439,6,322,,true,165,true,,,1,2,,10/18/22
10158485,house,countrycottage,825000,forsale,1702,semiequipped,1963,torenovate,fueloil,824,4,9143,,true,,,,,1,,,10/18/22
9921619,apartment,apartment,255000,forsale,7700,installed,,justrenovated,gas,277,4,,,true,,true,,,,,,10/18/22
10158481,house,house,345000,forsale,3001,,1963,torenovate,gas,326,3,90,,true,,,,,,,,10/18/22
10158478,apartmentgroup,apartmentgroup,322750-322750,forsale,9630,,,,,,,,,,,,,,,,1,10/18/22
10158470,apartmentgroup,apartmentgroup,447175-447175,forsale,1420,,,,,,,,,,,,,,1,,1,10/18/22
10146083,house,mixedusebuilding,845000,forsale,3020,,2002,,gas,264,4,923,,,,true,true,,4,5,,10/18/22
10146082,house,villa,845000,forsale,3020,,2002,,gas,264,4,923,,,,true,true,,4,5,,10/18/22
10137397,house,house,342500,forsale,2250,installed,2021,,gas,,3,269,,,,true,,,1,,1,10/18/22
10154127,house,house,149000,forsale,4031,,,good,gas,319,3,200,,true,145,true,true,,,,,10/18/22
10151656,house,house,599000,forsale,4000,installed,,good,gas,428,4,0,,true,,true,,,,,,10/18/22
10151853,house,mansion,1049000,forsale,9930,installed,,tobedoneup,gas,425,7,4600,true,true,,true,,,,6,,10/18/22
10151658,house,house,2100000,forsale,1150,usahyperequipped,1948,asnew,gas,160,4,450,,true,145,true,,true,1,1,,10/18/22
10072815,house,house,105000,forsale,8930,semiequipped,1934,good,,537,2,69,,,,,,,,,,10/18/22
10092475,house,house,132000,forsale,4317,notinstalled,1849,torenovate,,1187,4,650,,true,500,,true,,,,,10/18/22
10118567,house,house,145000,forsale,4540,notinstalled,,tobedoneup,,427,4,116,,,,true,,,1,,,10/18/22
9992570,house,house,145000,forsale,4560,semiequipped,,good,,813,2,125,,,,true,,,1,,,10/18/22
9865879,house,mixedusebuilding,155000,forsale,6200,semiequipped,1950,good,,242,2,190,,true,,true,,,,,,10/18/22
9941077,house,house,160000,forsale,6600,semiequipped,1947,good,fueloil,468,3,222,,true,,,,,,,,10/18/22
10068098,house,house,195000,forsale,4500,installed,,good,gas,300,4,155,,true,,true,,,2,,,10/18/22
9782440,house,house,200000,forsale,6600,installed,1955,good,fueloil,451,2,90,,,25,true,,,1,,,10/18/22
10041325,house,house,215000,forsale,6750,semiequipped,1850,torenovate,,559,7,850,,,,,,,1,6,,10/18/22
9982108,house,house,220000,forsale,4520,semiequipped,,good,gas,305,3,295,,true,,true,,,,,,10/18/22
9954615,house,bungalow,239000,forsale,4400,semiequipped,1958,good,gas,313,3,633,,,250,true,true,,1,,,10/18/22
9992115,house,house,245000,forsale,8560,semiequipped,1957,good,fueloil,443,4,219,,true,80,true,,,,1,,10/18/22
10016425,house,house,249000,forsale,4520,installed,,tobedoneup,fueloil,209,3,1337,,true,,true,,,1,3,,10/18/22
10120838,house,house,249500,forsale,8790,installed,1972,,gas,250,3,357,,,,true,,,1,,,10/18/22
10120837,house,house,249500,forsale,8790,installed,1972,,gas,250,3,357,,,,true,,,1,,,10/18/22
9989706,house,house,260000,forsale,8560,semiequipped,1957,good,fueloil,443,4,219,,true,80,true,,,2,1,,10/18/22
10094490,house,house,280000,forsale,6640,usainstalled,1900,torenovate,fueloil,249,2,16786,,,,true,,,,1,,10/18/22
10091001,house,house,293500,forsale,8790,installed,1948,good,,379,3,497,,,,,,,,,,10/18/22
10081792,house,house,295000,forsale,4570,installed,,good,fueloil,550,3,1589,,true,1489,true,,,2,,,10/18/22
10006216,house,villa,298000,forsale,1470,semiequipped,1978,tobedoneup,gas,207,3,686,,true,,true,,,1,1,,10/18/22
9906636,house,apartmentblock,300000,forsale,1070,,1920,torenovate,gas,,0,60,,true,,,,,,,,10/18/22
10107693,house,house,310000,forsale,4540,installed,1850,good,fueloil,279,4,1950,,true,,true,,,1,,,10/18/22
9934453,house,house,315000,forsale,6750,semiequipped,1850,torenovate,,559,7,2392,,,,,,,2,6,,10/18/22
10158489,apartment,groundfloor,298000,forsale,1853,,1971,good,gas,355,2,,,,,true,,,,,,10/18/22
10158488,apartment,apartment,279000,forsale,2630,installed,1979,,gas,233,2,,,,,,,,2,1,,10/18/22
10158487,house,townhouse,995000,forsale,1150,hyperequipped,1954,torenovate,,439,6,322,,true,165,true,,,1,2,,10/18/22
10158485,house,countrycottage,825000,forsale,1702,semiequipped,1963,torenovate,fueloil,824,4,9143,,true,,,,,1,,,10/18/22
9921619,apartment,apartment,255000,forsale,7700,installed,,justrenovated,gas,277,4,,,true,,true,,,,,,10/18/22
10158481,house,house,345000,forsale,3001,,1963,torenovate,gas,326,3,90,,true,,,,,,,,10/18/22
10158478,apartmentgroup,apartmentgroup,322750-322750,forsale,9630,,,,,,,,,,,,,,,,1,10/18/22
10158470,apartmentgroup,apartmentgroup,447175-447175,forsale,1420,,,,,,,,,,,,,,1,,1,10/18/22
10042032,house,house,349000,forsale,4500,installed,2014,good,,17,5,3313,,true,3200,true,,,2,,,10/18/22
10120358,house,house,349990,forsale,2660,,1939,asnew,,311,3,370,,,254,true,,,,,,10/18/22
10080124,house,house,379000,forsale,2627,semiequipped,1979,asnew,gas,248,4,200,,,52,,,,1,,,10/18/22
10120369,house,house,379000,forsale,2660,,1969,asnew,,394,3,248,,,176,,,,2,1,,10/18/22
10004697,house,house,385000,forsale,9660,installed,2022,good,gas,,5,375,,,,true,,,,,,10/18/22
10071168,house,house,386000,forsale,2630,installed,1973,tobedoneup,fueloil,426,3,324,,,130,true,,,1,,,10/18/22
10001996,house,house,389000,forsale,4530,installed,1990,good,,339,4,2937,,true,2819,true,true,,1,,,10/18/22
10097074,house,house,389000,forsale,6730,notinstalled,,good,fueloil,271,4,870,true,true,450,true,true,,3,4,,10/18/22
10092949,house,house,395000,forsale,9320,semiequipped,1965,good,gas,470,3,400,,,,,,,3,4,,10/18/22
10120361,house,house,399000,forsale,2660,installed,1982,asnew,,292,3,230,,,115,,,,1,2,,10/18/22
10093426,house,house,399000,forsale,2660,installed,1974,good,,356,3,390,,,200,,,,1,,,10/18/22
9318809,house,house,425000,forsale,1400,hyperequipped,1985,asnew,electric,324,3,735,,true,500,true,,,1,,,10/18/22
10029029,house,house,435000,forsale,4900,installed,2005,good,gas,,3,850,,true,500,true,,,1,2,,10/18/22
10120365,house,apartmentblock,449950,forsale,2610,installed,1967,good,,186,2,154,,,,true,,,,,,10/18/22
10114017,house,villa,495000,forsale,9200,installed,1986,good,electric,529,4,783,,,,true,,,2,4,,10/18/22
9782995,house,house,565000,forsale,1630,usainstalled,2000,asnew,gas,300,3,500,,,,true,,,1,3,,10/18/22
10091391,house,house,590000,forsale,3052,semiequipped,1979,good,fueloil,385,3,1474,,,,,,,2,,,10/18/22
10111611,house,house,598500,forsale,2240,semiequipped,2012,good,,198,4,325,,true,,true,true,,,,,10/18/22
9916374,house,house,649000,forsale,9600,installed,1874,tobedoneup,fueloil,571,5,6000,,true,,true,,,2,,,10/18/22
10099801,house,house,650000,forsale,1430,installed,1850,,,466,3,8643,,true,400,true,,,,15,,10/18/22
9992270,house,exceptionalproperty,679000,forsale,2400,installed,1978,good,,597,4,4480,,true,2382,,,,,,,10/18/22
9992269,house,house,679000,forsale,2400,installed,1978,good,,597,4,4480,,true,2382,,,,,,,10/18/22
9992249,house,villa,679000,forsale,2400,installed,1978,good,,597,4,4480,,true,2382,,,,,,,10/18/22
9963897,house,apartmentblock,699000,forsale,1050,,1920,torenovate,gas,395,8,72,,true,,true,,,,,,10/18/22
10114406,house,exceptionalproperty,759000,forsale,8490,installed,,asnew,fueloil,310,5,919,,,759,,,,,4,,10/18/22
10004557,house,house,995000,forsale,1820,installed,1977,good,gas,307,5,1879,true,true,,,,,,10,,10/18/22
9452032,house,apartmentblock,1295000,forsale,1000,,1899,tobedoneup,gas,,6,249,true,,110,true,,,,,,10/18/22
9907082,house,mansion,1749000,forsale,8000,installed,,asnew,gas,321,5,200,,,,true,,,2,4,,10/18/22
10070389,house,villa,3150000,forsale,2610,installed,1959,torenovate,gas,459,5,1508,,true,750,true,,,,,,10/18/22
10157763,house,house,525000,forsale,6750,hyperequipped,1900,good,pellet,250,7,1116,true,true,850,true,true,true,1,1,,10/18/22
10158489,apartment,groundfloor,298000,forsale,1853,,1971,good,gas,355,2,,,,,true,,,,,,10/18/22
10158488,apartment,apartment,279000,forsale,2630,installed,1979,,gas,233,2,,,,,,,,2,1,,10/18/22
10158487,house,townhouse,995000,forsale,1150,hyperequipped,1954,torenovate,,439,6,322,,true,165,true,,,1,2,,10/18/22
10158485,house,countrycottage,825000,forsale,1702,semiequipped,1963,torenovate,fueloil,824,4,9143,,true,,,,,1,,,10/18/22
9921619,apartment,apartment,255000,forsale,7700,installed,,justrenovated,gas,277,4,,,true,,true,,,,,,10/18/22
10158481,house,house,345000,forsale,3001,,1963,torenovate,gas,326,3,90,,true,,,,,,,,10/18/22
10158478,apartmentgroup,apartmentgroup,322750-322750,forsale,9630,,,,,,,,,,,,,,,,1,10/18/22
10158470,apartmentgroup,apartmentgroup,447175-447175,forsale,1420,,,,,,,,,,,,,,1,,1,10/18/22
10135559,house,house,219000,forsale,5300,installed,,good,gas,209,2,586,,,,true,,,,,,10/18/22
10135266,house,house,295000,forsale,3200,semiequipped,1955,torenovate,fueloil,575,3,485,,true,,,,,1,,,10/18/22
10134441,house,house,345000,forsale,4300,,1850,good,fueloil,491,4,1238,,true,,,,,1,,,10/18/22
10134769,house,house,399000,forsale,2223,semiequipped,1981,good,fueloil,543,4,1315,,true,,true,true,,4,5,,10/18/22
10135477,house,countrycottage,525000,forsale,1315,hyperequipped,1753,justrenovated,fueloil,444,4,1340,,true,,true,,,2,6,,10/18/22
10135475,house,countrycottage,525000,forsale,1360,hyperequipped,1753,justrenovated,fueloil,444,4,1340,,true,,true,,,2,6,,10/18/22
10135476,house,countrycottage,525000,forsale,1367,hyperequipped,1753,justrenovated,fueloil,444,4,1340,,true,,true,,,2,6,,10/18/22
10135474,house,countrycottage,525000,forsale,5310,hyperequipped,1753,justrenovated,fueloil,444,4,1340,,true,,true,,,2,6,,10/18/22
10133952,house,house,575000,forsale,1030,installed,1907,tobedoneup,gas,463,5,110,true,true,35,true,true,,,,,10/18/22
10134292,house,villa,585000,forsale,8500,semiequipped,1967,torenovate,fueloil,453,5,2030,,true,1400,true,true,,2,,,10/18/22
10135599,house,house,725000,forsale,3080,usahyperequipped,1994,asnew,,323,4,441,,,1,true,true,,1,2,,10/18/22
10135212,house,villa,949000,forsale,1410,hyperequipped,1958,asnew,gas,300,4,1634,true,true,,true,,,1,6,,10/18/22
10134121,house,house,1190000,forsale,1180,installed,1925,good,gas,209,6,155,true,,50,true,true,,,,,10/18/22
10139367,house,house,210000,forsale,1650,notinstalled,1950,tobedoneup,electric,,1,244,,,,,,,1,,,10/18/22
10126116,house,villa,327000,forsale,9500,usahyperequipped,2023,asnew,gas,,3,343,,,,true,,,1,1,1,10/18/22
9872568,house,villa,357000,forsale,4250,usainstalled,2022,,,65,4,685,true,,500,,true,,1,2,1,10/18/22
10138560,house,house,510000,forsale,3070,installed,1935,asnew,gas,280,3,0,,,300,true,,,,,,10/18/22
10101637,house,apartmentblock,569000,forsale,1300,usahyperequipped,2022,asnew,gas,93,2,0,,true,,true,,,,12,1,10/18/22
10126203,house,house,755000,forsale,1410,usahyperequipped,2022,asnew,,93,4,511,true,,511,true,,,1,1,1,10/18/22
10060296,house,exceptionalproperty,798900,forsale,3078,hyperequipped,2022,asnew,,11,4,439,true,true,330,true,true,,3,2,1,10/18/22
10138916,house,villa,1195000,forsale,1420,,1950,torenovate,fueloil,566,5,25882,true,,,,,true,3,10,,10/18/22
10138888,house,villa,1195000,forsale,1440,,1950,torenovate,fueloil,566,5,25882,true,,,,,true,3,10,,10/18/22
10138900,house,villa,1195000,forsale,1460,,1950,torenovate,fueloil,566,5,25882,true,,,,,,3,10,,10/18/22
10005378,house,exceptionalproperty,1599000,forsale,1970,usahyperequipped,2021,asnew,,,5,1005,,,800,true,true,,2,,1,10/18/22
9979311,house,exceptionalproperty,1599000,forsale,1970,usahyperequipped,2021,asnew,,,5,1537,,,1000,true,true,,2,4,1,10/18/22
10031182,house,house,179000,forsale,6980,installed,,tobedoneup,fueloil,297,3,106,,,,,,,1,,,10/18/22
10143462,house,house,180000,forsale,7860,semiequipped,,torenovate,fueloil,589,4,2541,,,,,,,1,,,10/18/22
10143956,house,house,239000,forsale,2620,installed,,good,gas,396,2,155,,true,70,,,,,,,10/18/22
10143009,house,house,268000,forsale,9850,installed,1850,,gas,209,3,120,,true,,true,,,,,,10/18/22
10144522,house,villa,270000,forsale,5140,semiequipped,,torenovate,fueloil,671,3,1014,,true,,,,,1,,,10/18/22
10158489,apartment,groundfloor,298000,forsale,1853,,1971,good,gas,355,2,,,,,true,,,,,,10/18/22
10158488,apartment,apartment,279000,forsale,2630,installed,1979,,gas,233,2,,,,,,,,2,1,,10/18/22
10158487,house,townhouse,995000,forsale,1150,hyperequipped,1954,torenovate,,439,6,322,,true,165,true,,,1,2,,10/18/22
10158485,house,countrycottage,825000,forsale,1702,semiequipped,1963,torenovate,fueloil,824,4,9143,,true,,,,,1,,,10/18/22
9921619,apartment,apartment,255000,forsale,7700,installed,,justrenovated,gas,277,4,,,true,,true,,,,,,10/18/22
10158481,house,house,345000,forsale,3001,,1963,torenovate,gas,326,3,90,,true,,,,,,,,10/18/22
10158478,apartmentgroup,apartmentgroup,322750-322750,forsale,9630,,,,,,,,,,,,,,,,1,10/18/22
10158470,apartmentgroup,apartmentgroup,447175-447175,forsale,1420,,,,,,,,,,,,,,1,,1,10/18/22
10144753,house,house,379000,forsale,8480,installed,1972,good,fueloil,231,5,574,,true,,,true,,,,,10/18/22
10143294,house,house,425000,forsale,1340,,1920,good,gas,312,2,1090,true,true,990,true,true,,1,2,,10/18/22
10143658,house,house,430000,forsale,1070,hyperequipped,1985,good,electric,543,3,400,,true,450,true,,,2,2,,10/18/22
10144497,house,house,449000,forsale,2830,installed,,good,gas,275,3,450,,,,true,,,1,2,,10/18/22
10144436,house,villa,535000,forsale,8710,installed,2022,asnew,,,3,510,,,,,,,1,,,10/18/22
10144118,house,house,650000,forsale,1150,notinstalled,1961,tobedoneup,,,3,130,true,,60,true,true,,1,1,,10/18/22
10142975,house,apartmentblock,745000,forsale,1000,usainstalled,1920,good,gas,426,5,0,,,,true,,,,,,10/18/22
10142885,house,mixedusebuilding,745000,forsale,1050,usahyperequipped,1910,good,gas,348,3,0,,true,,,,,,,,10/18/22
10142995,house,house,1095000,forsale,8300,usahyperequipped,1974,asnew,gas,118,3,237,,,237,true,,,1,2,,10/18/22
10143175,house,house,4950000,forsale,1190,hyperequipped,1968,asnew,gas,260,6,5000,,true,3500,true,true,true,4,10,,10/18/22
10150739,house,house,425000,forsale,3040,,1952,good,gas,382,3,736,true,true,400,true,,,,3,,10/18/22
10149071,house,villa,1060000,forsale,1421,hyperequipped,1975,good,gas,367,5,2506,true,true,2506,true,,true,2,4,,10/18/22
10155504,house,house,215000,forsale,9340,semiequipped,1919,tobedoneup,gas,478,3,160,true,true,,true,,,,,,10/18/22
9722375,house,house,309000,forsale,7712,installed,2010,justrenovated,gas,173,3,374,,,184,,,,1,2,,10/18/22
10156819,house,house,375000,forsale,1840,installed,,good,gas,251,3,190,,true,,,,,1,,,10/18/22
10155441,house,house,660000,forsale,2930,installed,1998,asnew,gas,190,3,660,,,,,,,1,2,,10/18/22
10155870,house,mansion,795000,forsale,9750,,1931,asnew,gas,,5,1496,,true,,,,,,,,10/18/22
10130900,house,house,395000,forsale,1750,installed,1965,tobedoneup,fueloil,439,5,440,,true,,,true,,,,,10/18/22
10130252,house,house,440000,forsale,1500,installed,1967,tobedoneup,gas,407,3,227,,true,,,,,1,,,10/18/22
10130963,house,apartmentblock,745000,forsale,3000,,,good,gas,310,3,60,,,,true,,,,,,10/18/22
10130962,house,house,745000,forsale,3000,,,good,gas,310,3,60,,,,true,,,,,,10/18/22
10130959,house,otherproperty,980000,forsale,8500,hyperequipped,1965,good,,,9,1340,,true,,true,true,,2,4,,10/18/22
10130956,house,mixedusebuilding,980000,forsale,8500,hyperequipped,1965,good,,,9,1340,,true,,true,true,,2,4,,10/18/22
10130953,house,villa,980000,forsale,8500,hyperequipped,1965,good,,,9,1340,,true,,true,true,,2,4,,10/18/22
10130893,house,villa,1200000,forsale,1950,installed,1997,asnew,gas,319,4,1546,,true,1200,true,true,,1,1,,10/18/22
10137659,house,house,695000,forsale,1970,,1949,,gas,494,3,332,true,true,253,true,,,,2,,10/18/22
10136782,house,apartmentblock,1399000,forsale,1000,,1850,,gas,24554,5,105,,,,true,,,,,,10/18/22
10136769,house,exceptionalproperty,1399000,forsale,1000,,1850,,gas,24554,5,105,,,,true,,,,,,10/18/22
10142459,house,house,349000,forsale,3140,installed,,good,gas,180,3,173,,,,true,,,,2,,10/18/22
10141102,house,house,419000,forsale,6900,semiequipped,2010,asnew,electric,317,7,0,,,,true,,,,6,,10/18/22
10158489,apartment,groundfloor,298000,forsale,1853,,1971,good,gas,355,2,,,,,true,,,,,,10/18/22
10158488,apartment,apartment,279000,forsale,2630,installed,1979,,gas,233,2,,,,,,,,2,1,,10/18/22
10158487,house,townhouse,995000,forsale,1150,hyperequipped,1954,torenovate,,439,6,322,,true,165,true,,,1,2,,10/18/22
10158485,house,countrycottage,825000,forsale,1702,semiequipped,1963,torenovate,fueloil,824,4,9143,,true,,,,,1,,,10/18/22
9921619,apartment,apartment,255000,forsale,7700,installed,,justrenovated,gas,277,4,,,true,,true,,,,,,10/18/22
10158481,house,house,345000,forsale,3001,,1963,torenovate,gas,326,3,90,,true,,,,,,,,10/18/22
10158478,apartmentgroup,apartmentgroup,322750-322750,forsale,9630,,,,,,,,,,,,,,,,1,10/18/22
10158470,apartmentgroup,apartmentgroup,447175-447175,forsale,1420,,,,,,,,,,,,,,1,,1,10/18/22
10140919,house,house,420000,forsale,1410,installed,1974,tobedoneup,gas,247,5,203,true,,150,true,,,1,1,,10/18/22
10142062,house,villa,439000,forsale,3090,usainstalled,1961,good,fueloil,491,2,1190,true,true,,true,,,1,5,,10/18/22
10140547,house,house,825000,forsale,1150,installed,1945,asnew,gas,451,3,286,,true,133,,,,1,1,,10/18/22
9886921,house,villa,895000,forsale,1850,usahyperequipped,1958,asnew,gas,273,5,1700,,true,1000,true,,true,1,6,,10/18/22
10145545,house,house,280000,forsale,6860,usainstalled,2012,tobedoneup,,77,2,1025,true,,788,true,true,,,2,,10/18/22
10145898,house,house,325000,forsale,2660,installed,,asnew,,247,3,350,,,210,true,,,,,,10/18/22
10148199,house,house,305000,forsale,9280,installed,1948,asnew,gas,136,3,83,,,,true,,,,,,10/18/22
10148197,house,house,348000,forsale,9920,installed,1937,,gas,514,3,250,,,,true,,,,,,10/18/22
10148196,house,house,448000,forsale,9920,installed,1937,,gas,500,4,540,,,,true,,,1,,,10/18/22
10147286,house,exceptionalproperty,4950000,forsale,1190,,1968,asnew,gas,143,6,4895,,true,,true,true,true,4,10,,10/18/22
10153810,house,house,99000,forsale,8930,installed,,good,gas,442,4,55,true,true,,true,,,,,,10/18/22
10151911,house,house,197000,forsale,6760,semiequipped,1956,tobedoneup,fueloil,400,3,502,true,true,300,,true,,,1,,10/18/22
10151981,house,house,379000,forsale,1600,semiequipped,1957,tobedoneup,fueloil,425,4,269,true,true,,true,,,1,,,10/18/22
10154134,house,apartmentblock,990000,forsale,4000,installed,,tobedoneup,gas,220,6,105,,,,,,,,,,10/18/22
10151693,house,apartmentblock,1000000,forsale,1460,installed,2004,,gas,109,4,278,,,,true,,,,,,10/18/22
10152242,house,house,1450000,forsale,1000,,1900,asnew,gas,192,4,100,,,,true,,,,,,10/18/22
9860487,house,villa,60000,forsale,4540,,1973,,fueloil,492,2,1935,,true,,,,,2,3,,10/18/22
10024918,house,house,70000,forsale,4870,notinstalled,,torenovate,gas,411,1,60,true,true,,true,,,,,,10/18/22
10037587,house,house,75000,forsale,4987,notinstalled,2003,torestore,,,1,2710,,,2500,,,,,,,10/18/22
10125928,house,mixedusebuilding,99000,forsale,4870,notinstalled,,torenovate,gas,456,3,315,,true,200,,true,,,,,10/18/22
10007727,house,mixedusebuilding,115000,forsale,9500,semiequipped,,tobedoneup,gas,356,2,40,,,,,,,,,,10/18/22
10007726,house,house,115000,forsale,9500,semiequipped,,tobedoneup,gas,356,2,40,,,,,,,,,,10/18/22
9964982,house,house,135000,forsale,4630,,,tobedoneup,fueloil,1500,3,170,,,,true,,,1,2,,10/18/22
10089365,house,house,139000,forsale,8560,semiequipped,1947,torenovate,pellet,1365,1,271,,,110,true,,,,2,,10/18/22
10103788,house,house,150000,forsale,5377,,,torenovate,fueloil,811,3,607,true,,,true,true,,1,2,,10/18/22
10106999,house,house,170000,forsale,4041,usasemiequipped,,tobedoneup,fueloil,465,2,224,,true,150,true,,,1,1,,10/18/22
10013579,house,house,175000,forsale,4400,installed,,tobedoneup,gas,435,2,113,,true,25,,,,,,,10/18/22
9689471,house,house,175000,forsale,6640,semiequipped,1919,tobedoneup,fueloil,440,4,1164,,true,,,,,3,,,10/18/22
9900467,house,house,180000,forsale,4300,,1900,torenovate,fueloil,446,3,280,,true,,,,,,,,10/18/22
10119706,house,townhouse,189000,forsale,4420,notinstalled,1971,,gas,,3,189,,,80,true,,,1,1,,10/18/22
10158489,apartment,groundfloor,298000,forsale,1853,,1971,good,gas,355,2,,,,,true,,,,,,10/18/22
10158488,apartment,apartment,279000,forsale,2630,installed,1979,,gas,233,2,,,,,,,,2,1,,10/18/22
10158487,house,townhouse,995000,forsale,1150,hyperequipped,1954,torenovate,,439,6,322,,true,165,true,,,1,2,,10/18/22
10158485,house,countrycottage,825000,forsale,1702,semiequipped,1963,torenovate,fueloil,824,4,9143,,true,,,,,1,,,10/18/22
9921619,apartment,apartment,255000,forsale,7700,installed,,justrenovated,gas,277,4,,,true,,true,,,,,,10/18/22
10158481,house,house,345000,forsale,3001,,1963,torenovate,gas,326,3,90,,true,,,,,,,,10/18/22
10158478,apartmentgroup,apartmentgroup,322750-322750,forsale,9630,,,,,,,,,,,,,,,,1,10/18/22
10158470,apartmentgroup,apartmentgroup,447175-447175,forsale,1420,,,,,,,,,,,,,,1,,1,10/18/22
10019781,house,house,195000,forsale,4920,notinstalled,1959,torenovate,,544,3,700,,true,,,,,1,,,10/18/22
9869225,house,house,195000,forsale,6600,semiequipped,1935,good,gas,335,3,520,,true,,,,,1,,,10/18/22
10007728,house,house,195000,forsale,7522,,,good,fueloil,373,4,342,true,,288,true,,,,1,,10/18/22
10100023,house,house,199000,forsale,9600,semiequipped,,good,gas,287,3,200,,true,,true,,,,,,10/18/22
9982418,house,house,215000,forsale,9910,semiequipped,1953,torestore,gas,480,3,790,,true,,,,,,,,10/18/22
10029576,house,house,219500,forsale,4500,installed,1955,good,,1038,3,803,,,,true,,,2,1,,10/18/22
10125715,house,house,225000,forsale,1850,,1933,torenovate,gas,629,3,258,,,,,,,,,,10/18/22
10000910,house,mixedusebuilding,229000,forsale,4030,installed,1910,good,gas,,2,110,,,20,,true,,,,,10/18/22
9876103,house,house,229000,forsale,5580,,1963,good,fueloil,85211,4,750,,true,,,,,1,1,,10/18/22
9729715,house,farmhouse,239000,forsale,4590,semiequipped,1890,good,pellet,610,3,1350,,true,,true,,,,3,,10/18/22
9951215,house,house,240000,forsale,6840,,1961,,fueloil,393,4,650,,,,,,,,,,10/18/22
9986499,house,house,249000,forsale,2890,semiequipped,1930,tobedoneup,gas,1055,3,242,,true,,true,,,1,,,10/18/22
9927689,house,mixedusebuilding,262650,forsale,8540,installed,2019,good,gas,,2,180,,,,true,,,,,,10/18/22
9927688,house,mixedusebuilding,262650,forsale,8540,installed,2019,good,gas,,2,180,,,,true,,,,,,10/18/22
10118186,house,house,264500,forsale,9971,semiequipped,1960,torenovate,electric,857,3,574,,,,,,,1,3,,10/18/22
10117623,house,house,265000,forsale,9255,usahyperequipped,1939,good,fueloil,421,3,0,,,81,,,,,,,10/18/22
9760220,house,house,269000,forsale,4252,,2020,asnew,gas,94,3,324,,,,true,,,,2,,10/18/22
10095634,house,house,275000,forsale,8551,installed,,good,gas,368,3,370,,true,,true,,,2,,,10/18/22
10086688,house,house,285000,forsale,2570,installed,1931,tobedoneup,gas,365,3,197,,,,true,true,,,,,10/18/22
9890800,house,house,289000,forsale,2880,installed,1965,tobedoneup,fueloil,678,4,405,,,,true,,,1,1,,10/18/22
10095297,house,house,289000,forsale,3391,,1957,good,gas,430,2,346,,,80,true,,,,,,10/18/22
9865999,house,mixedusebuilding,290000,forsale,4100,,,torenovate,gas,477,4,475,,,,true,,,8,5,,10/18/22
9865994,house,apartmentblock,290000,forsale,4100,,,torenovate,gas,477,4,475,,,,true,,,8,5,,10/18/22
9884274,house,countrycottage,290000,forsale,4537,,1939,good,fueloil,859,3,2035,,true,,true,,,1,1,,10/18/22
10120615,house,house,295000,forsale,1853,,1899,torenovate,gas,404,3,157,,true,,,,,,,,10/18/22
10110332,house,house,295000,forsale,6792,,1900,torenovate,fueloil,551,3,379,,true,,true,,,,,,10/18/22
10011058,house,house,300000,forsale,6838,,1899,justrenovated,fueloil,229,3,994,,,,,true,,,,,10/18/22
10124703,house,house,310000,forsale,1850,,1918,good,gas,495,3,100,,,,,,,,,,10/18/22
10118174,house,mixedusebuilding,310000,forsale,6700,notinstalled,,torenovate,fueloil,535,4,400,,true,,,,,,,,10/18/22
10002091,house,house,315000,forsale,3272,,1949,tobedoneup,fueloil,529,4,905,,true,,,,,,,,10/18/22
10158489,apartment,groundfloor,298000,forsale,1853,,1971,good,gas,355,2,,,,,true,,,,,,10/18/22
10158488,apartment,apartment,279000,forsale,2630,installed,1979,,gas,233,2,,,,,,,,2,1,,10/18/22
10158487,house,townhouse,995000,forsale,1150,hyperequipped,1954,torenovate,,439,6,322,,true,165,true,,,1,2,,10/18/22
10158485,house,countrycottage,825000,forsale,1702,semiequipped,1963,torenovate,fueloil,824,4,9143,,true,,,,,1,,,10/18/22
9921619,apartment,apartment,255000,forsale,7700,installed,,justrenovated,gas,277,4,,,true,,true,,,,,,10/18/22
10158481,house,house,345000,forsale,3001,,1963,torenovate,gas,326,3,90,,true,,,,,,,,10/18/22
10158478,apartmentgroup,apartmentgroup,322750-322750,forsale,9630,,,,,,,,,,,,,,,,1,10/18/22
10158470,apartmentgroup,apartmentgroup,447175-447175,forsale,1420,,,,,,,,,,,,,,1,,1,10/18/22
9954501,house,house,349000,forsale,4920,installed,1980,good,fueloil,746,4,1004,,true,,true,,,3,,,10/18/22
10091981,house,house,350000,forsale,1325,usasemiequipped,1968,torenovate,fueloil,717,2,635,,true,560,true,,,1,2,,10/18/22
10097893,house,house,359000,forsale,2170,hyperequipped,,asnew,gas,197,3,87,,,,,,,,,,10/18/22
9972972,house,house,360000,forsale,1340,usainstalled,2004,good,gas,278,3,166,true,,166,true,true,,1,2,,10/18/22
9743139,house,house,364900,forsale,3130,,1949,good,gas,287,2,792,,true,,,true,,,,,10/18/22
10121282,house,house,370000,forsale,1850,,1918,good,gas,320,4,296,,true,,,,,,1,,10/18/22
10124681,house,house,370000,forsale,9030,semiequipped,1964,tobedoneup,gas,463,2,541,,,,true,,,1,,,10/18/22
9398185,house,mansion,375000,forsale,4500,installed,,torenovate,fueloil,690,6,880,,true,700,true,,,,2,,10/18/22
10070896,house,mansion,375000,forsale,9700,,1950,torenovate,gas,835,3,1228,,true,,,,,,,,10/18/22
9980478,house,house,379000,forsale,9100,semiequipped,1983,good,gas,249,4,120,,true,,true,true,,,,,10/18/22
10116899,house,house,380000,forsale,1082,,1944,good,gas,432,4,152,,true,,,,,,,,10/18/22
10120353,house,house,389500,forsale,2660,installed,1932,good,,190,3,141,,true,45,,,,1,,,10/18/22
10068708,house,house,390000,forsale,1650,installed,1999,good,gas,195,2,708,,,,true,,,1,,,10/18/22
10068711,house,house,390000,forsale,1654,installed,1999,good,gas,195,2,708,,,,true,,,1,,,10/18/22
10124225,house,house,395000,forsale,1457,notinstalled,1900,good,fueloil,544,4,790,true,true,790,true,,,1,2,,10/18/22
9983234,house,apartmentblock,420000,forsale,4000,semiequipped,1915,good,electric,302,4,0,,,,true,,,,,,10/18/22
10112853,house,house,425000,forsale,1853,,1999,good,gas,261,3,255,,,,,,,,1,,10/18/22
9825175,house,villa,425000,forsale,4257,,1995,asnew,fueloil,204,4,1544,,true,,,,,2,4,,10/18/22
9966976,house,house,439000,forsale,1780,installed,1935,,gas,,5,185,true,true,110,true,,,,,,10/18/22
10123428,house,apartmentblock,440000,forsale,4631,installed,,good,gas,283,5,1135,,,,true,,,,5,,10/18/22
9990371,house,house,445000,forsale,3370,installed,1971,good,gas,196,1,1365,,true,,,true,,,,,10/18/22
10101693,house,house,449000,forsale,9120,hyperequipped,2005,good,electric,290,3,374,,,200,true,,,1,3,,10/18/22
9664345,house,apartmentblock,450000,forsale,1070,hyperequipped,1930,good,gas,275,5,100,,,45,true,,,,,,10/18/22
10109711,house,house,450000,forsale,2860,semiequipped,1978,good,gas,291,3,1347,,,,true,,,1,2,,10/18/22
10120298,house,house,467500,forsale,1170,installed,1925,torenovate,gas,424,3,225,,true,,true,,,,,,10/18/22
10123237,house,house,470000,forsale,1850,,1989,good,electric,367,3,369,,true,,,,,,,,10/18/22
10119357,house,house,480000,forsale,1850,,1975,good,electric,760,3,740,,,,,,,,,,10/18/22
10119355,house,apartmentblock,490000,forsale,1850,,1937,good,gas,419,3,229,,true,,true,true,,,,,10/18/22
10119354,house,mansion,490000,forsale,1850,,1937,good,gas,419,3,229,,true,,true,true,,,,,10/18/22
10091321,house,house,495000,forsale,1160,semiequipped,1968,torenovate,fueloil,395,2,290,,true,180,true,true,,2,2,,10/18/22
10158489,apartment,groundfloor,298000,forsale,1853,,1971,good,gas,355,2,,,,,true,,,,,,10/18/22
10158488,apartment,apartment,279000,forsale,2630,installed,1979,,gas,233,2,,,,,,,,2,1,,10/18/22
10158487,house,townhouse,995000,forsale,1150,hyperequipped,1954,torenovate,,439,6,322,,true,165,true,,,1,2,,10/18/22
10158485,house,countrycottage,825000,forsale,1702,semiequipped,1963,torenovate,fueloil,824,4,9143,,true,,,,,1,,,10/18/22
9921619,apartment,apartment,255000,forsale,7700,installed,,justrenovated,gas,277,4,,,true,,true,,,,,,10/18/22
10158481,house,house,345000,forsale,3001,,1963,torenovate,gas,326,3,90,,true,,,,,,,,10/18/22
10158478,apartmentgroup,apartmentgroup,322750-322750,forsale,9630,,,,,,,,,,,,,,,,1,10/18/22
10158470,apartmentgroup,apartmentgroup,447175-447175,forsale,1420,,,,,,,,,,,,,,1,,1,10/18/22
10089550,house,house,495000,forsale,1880,installed,1950,good,gas,254,3,1060,,true,600,true,,,1,4,,10/18/22
10126900,house,house,498000,forsale,2860,,1992,good,gas,274,2,985,,true,,true,true,,4,4,,10/18/22
10041102,house,house,499000,forsale,1082,hyperequipped,1951,asnew,gas,289,3,221,,true,60,true,true,,1,1,,10/18/22
9788689,house,house,525000,forsale,1310,semiequipped,1910,good,gas,477,4,430,,true,430,true,true,,1,1,,10/18/22
10123238,house,house,525000,forsale,1860,,1963,torenovate,fueloil,1111,3,826,,,,,,,,,,10/18/22
10061754,house,bungalow,570000,forsale,1880,semiequipped,1980,tobedoneup,electric,367,3,1342,,true,,true,,,1,5,,10/18/22
10056440,house,house,575000,forsale,4260,installed,,asnew,fueloil,420,4,1657,,true,1500,true,,,,5,,10/18/22
10115690,house,mixedusebuilding,595000,forsale,1070,hyperequipped,,good,gas,340,2,985,,,,,,,,20,,10/18/22
10115687,house,mixedusebuilding,595000,forsale,1600,hyperequipped,,good,gas,340,2,985,,,,,,,,20,,10/18/22
9595849,house,villa,595000,forsale,8490,semiequipped,1973,tobedoneup,fueloil,699,3,2000,,,,,,,4,,,10/18/22
9996929,house,villa,599000,forsale,1650,usahyperequipped,1932,asnew,gas,279,4,500,true,true,100,true,true,,1,5,,10/18/22
10120616,house,house,600000,forsale,1850,,1963,torenovate,fueloil,700,4,2875,,true,,,,,,,,10/18/22
9632584,house,house,650000,forsale,1200,usainstalled,1927,good,gas,443,4,148,,true,70,true,,,,,,10/18/22
10032044,house,villa,650000,forsale,8490,installed,1986,good,gas,285,5,1360,,true,,true,,,1,4,,10/18/22
10125232,house,house,698000,forsale,2382,installed,2001,good,gas,363,3,7152,,,,,,,,,,10/18/22
10113091,house,villa,720000,forsale,3570,installed,2003,asnew,gas,132,5,1456,,true,906,true,,true,1,1,,10/18/22
10124641,house,house,725000,forsale,1330,usahyperequipped,1970,asnew,electric,396,6,822,,,822,true,true,,,3,,10/18/22
10116276,house,house,745000,forsale,1430,hyperequipped,1974,good,fueloil,271,4,3243,true,true,,true,true,,2,2,,10/18/22
10094658,house,house,745000,forsale,1430,hyperequipped,1974,good,fueloil,271,4,3243,true,true,,true,true,,2,5,,10/18/22
10116280,house,house,745000,forsale,1460,hyperequipped,1974,good,fueloil,271,4,3243,true,true,,true,true,,2,5,,10/18/22
10094655,house,house,745000,forsale,1460,hyperequipped,1974,good,fueloil,271,4,3243,,true,,true,true,,2,5,,10/18/22
10094671,house,house,745000,forsale,1500,hyperequipped,1974,good,fueloil,271,4,3243,true,true,,true,true,,2,5,,10/18/22
9515273,house,villa,745000,forsale,1850,hyperequipped,1985,good,electric,448,4,1387,,true,,true,,,,,,10/18/22
10117798,house,house,745000,forsale,7850,hyperequipped,1974,good,fueloil,271,4,3243,true,true,,true,true,,2,5,,10/18/22
10119112,house,house,750000,forsale,1653,installed,1971,tobedoneup,fueloil,362,3,1955,,true,,true,,,2,2,,10/18/22
10035139,house,house,775000,forsale,2382,semiequipped,1957,good,gas,336,5,10138,,true,8250,,,true,3,,,10/18/22
10074635,house,house,795000,forsale,1180,installed,1920,,gas,167,5,230,,true,,true,,,,,,10/18/22
10094021,house,house,829000,forsale,2440,installed,2002,good,gas,187,4,2475,,true,,true,true,,2,,,10/18/22
10129692,house,house,845000,forsale,9600,usahyperequipped,1872,good,gas,242,6,530,,true,300,true,true,,1,,,10/18/22
9992265,house,villa,850000,forsale,2560,installed,1991,asnew,gas,307,4,1740,,true,,true,true,true,22,,,10/18/22
10158489,apartment,groundfloor,298000,forsale,1853,,1971,good,gas,355,2,,,,,true,,,,,,10/18/22
10158488,apartment,apartment,279000,forsale,2630,installed,1979,,gas,233,2,,,,,,,,2,1,,10/18/22
10158487,house,townhouse,995000,forsale,1150,hyperequipped,1954,torenovate,,439,6,322,,true,165,true,,,1,2,,10/18/22
10158485,house,countrycottage,825000,forsale,1702,semiequipped,1963,torenovate,fueloil,824,4,9143,,true,,,,,1,,,10/18/22
9921619,apartment,apartment,255000,forsale,7700,installed,,justrenovated,gas,277,4,,,true,,true,,,,,,10/18/22
10158481,house,house,345000,forsale,3001,,1963,torenovate,gas,326,3,90,,true,,,,,,,,10/18/22
10158478,apartmentgroup,apartmentgroup,322750-322750,forsale,9630,,,,,,,,,,,,,,,,1,10/18/22
10158470,apartmentgroup,apartmentgroup,447175-447175,forsale,1420,,,,,,,,,,,,,,1,,1,10/18/22
9987755,house,house,875000,forsale,2220,installed,1977,good,gas,328,2,1455,,,,true,true,,1,,,10/18/22
9925302,house,house,890000,forsale,4300,installed,,good,fueloil,305,6,5423,true,true,,true,true,true,,10,,10/18/22
9962461,house,villa,895000,forsale,1332,semiequipped,,good,gas,434,4,882,,,,true,,,1,2,,10/18/22
9849506,house,house,895000,forsale,3010,,1950,good,gas,177,2,956,,true,,,true,,,,,10/18/22
10117546,house,apartmentblock,899000,forsale,4000,notinstalled,,torenovate,gas,,10,897,true,true,56,true,true,,,,,10/18/22
10117544,house,exceptionalproperty,899000,forsale,4000,notinstalled,,torenovate,gas,,10,897,true,true,56,true,true,,,,,10/18/22
10008794,house,apartmentblock,900000,forsale,1000,installed,1965,good,gas,170,0,0,,,,,,,,,,10/18/22
10121075,house,house,937000,forsale,1180,hyperequipped,2019,asnew,gas,,3,150,,,60,true,,,,1,,10/18/22
9987080,house,exceptionalproperty,950000,forsale,6880,semiequipped,,tobedoneup,fueloil,498,9,43442,,true,42500,true,,true,6,10,,10/18/22
9707796,house,otherproperty,980000,forsale,8500,hyperequipped,1965,good,fueloil,,9,1340,,true,,true,true,,2,4,,10/18/22
9707795,house,mixedusebuilding,980000,forsale,8500,hyperequipped,1965,good,fueloil,,9,1340,,true,,true,true,,2,4,,10/18/22
9707792,house,villa,980000,forsale,8500,hyperequipped,1965,good,fueloil,,9,1340,,true,,true,true,,2,4,,10/18/22
10096723,house,townhouse,1295000,forsale,8300,usahyperequipped,2010,asnew,gas,99,4,301,,,301,true,,true,1,3,,10/18/22
9801461,house,house,1295000,forsale,8300,hyperequipped,2008,asnew,gas,177,4,690,,,,true,true,,,2,,10/18/22
10024334,house,villa,1495000,forsale,2240,usahyperequipped,2002,asnew,gas,182,7,3676,,,,true,true,,2,,,10/18/22
9904968,house,apartmentblock,1500000,forsale,4020,semiequipped,,tobedoneup,gas,141,9,1100,,,,true,,,,,,10/18/22
10042751,house,villa,1695000,forsale,1180,installed,,good,gas,496,4,800,true,true,350,,true,,,,,10/18/22
10043560,house,mansion,1695000,forsale,5537,usahyperequipped,1980,good,fueloil,198,8,30000,true,,29500,true,true,,4,20,,10/18/22
10061235,house,villa,1860000,forsale,1180,installed,1897,asnew,fueloil,407,4,1850,true,true,,true,true,,1,2,,10/18/22
9817018,house,house,1995000,forsale,8300,hyperequipped,2008,asnew,gas,129,6,627,,true,627,true,true,,,4,,10/18/22
9922307,house,villa,2175000,forsale,8300,usahyperequipped,1992,asnew,gas,176,4,586,,,586,true,,,1,3,,10/18/22
10123513,house,house,2300000,forsale,8300,usahyperequipped,2001,asnew,gas,176,4,288,,,,true,,,4,2,,10/18/22
10117578,house,apartmentblock,2500000,forsale,1000,,1918,tobedoneup,gas,284,0,226,,,,,,,,,,10/18/22
10093481,house,house,3675000,forsale,8300,installed,2006,good,fueloil,174,5,42000,,,,true,,,6,6,,10/18/22
10132760,house,house,230000,forsale,6700,usainstalled,1850,torenovate,gas,439,3,576,true,,310,true,,,1,,,10/18/22
10133328,house,house,325000,forsale,4570,installed,,asnew,fueloil,219,3,1293,,,1043,true,,,2,,,10/18/22
10132856,house,house,615000,forsale,8500,installed,1923,good,gas,230,4,1095,true,true,900,true,true,,1,,,10/18/22
10132948,house,house,895000,forsale,1150,hyperequipped,1924,torenovate,fueloil,369,4,152,,true,75,true,true,,,,,10/18/22
10135413,house,house,339000,forsale,1500,semiequipped,1875,tobedoneup,gas,,2,90,,true,,,,,,,,10/18/22
10135410,house,house,339000,forsale,1502,semiequipped,1875,tobedoneup,gas,,2,90,,true,,,,,,,,10/18/22
10158489,apartment,groundfloor,298000,forsale,1853,,1971,good,gas,355,2,,,,,true,,,,,,10/18/22
10158488,apartment,apartment,279000,forsale,2630,installed,1979,,gas,233,2,,,,,,,,2,1,,10/18/22
10158487,house,townhouse,995000,forsale,1150,hyperequipped,1954,torenovate,,439,6,322,,true,165,true,,,1,2,,10/18/22
10158485,house,countrycottage,825000,forsale,1702,semiequipped,1963,torenovate,fueloil,824,4,9143,,true,,,,,1,,,10/18/22
9921619,apartment,apartment,255000,forsale,7700,installed,,justrenovated,gas,277,4,,,true,,true,,,,,,10/18/22
10158481,house,house,345000,forsale,3001,,1963,torenovate,gas,326,3,90,,true,,,,,,,,10/18/22
10158478,apartmentgroup,apartmentgroup,322750-322750,forsale,9630,,,,,,,,,,,,,,,,1,10/18/22
10158470,apartmentgroup,apartmentgroup,447175-447175,forsale,1420,,,,,,,,,,,,,,1,,1,10/18/22
10138460,house,apartmentblock,199000,forsale,6001,installed,,good,electric,398,2,495,,,460,true,true,,,,,10/18/22
10138459,house,house,199000,forsale,6001,installed,,good,electric,398,2,495,,,460,true,true,,,,,10/18/22
10140109,house,house,345000,forsale,3210,semiequipped,,,gas,342,3,666,,true,,,,,1,2,,10/18/22
10139393,house,house,345000,forsale,9255,installed,1935,asnew,gas,404,3,290,,true,205,true,,,,,,10/18/22
10139298,house,house,395000,forsale,3080,usainstalled,1960,good,gas,239,3,140,true,true,60,true,,,,,,10/18/22
10139713,house,house,700000,forsale,1348,hyperequipped,2010,good,gas,116,7,276,,true,128,true,,,1,3,,10/18/22
10138353,house,villa,845000,forsale,1970,installed,1930,good,gas,553,4,614,true,true,614,true,,,2,1,,10/18/22
10125090,house,house,1145000,forsale,1170,usahyperequipped,2024,asnew,,55,4,220,,,,true,,,1,2,1,10/18/22
10142875,house,house,235000,forsale,4160,installed,,good,electric,158,2,287,,true,225,true,,,1,,,10/18/22
10143957,house,house,325000,forsale,2660,installed,,asnew,gas,219,3,275,,,180,,,,,,,10/18/22
10143955,house,house,350000,forsale,2020,installed,,good,,289,5,115,,true,51,,,,,,,10/18/22
10146399,house,house,549000,forsale,2811,installed,,good,gas,46,3,255,,,,,,,1,1,,10/18/22
10150688,house,house,145000,forsale,9600,installed,1930,,gas,371,2,160,true,,100,true,,,,,,10/18/22
10150408,house,house,199000,forsale,8400,installed,,good,gas,282,3,125,,,,,,,,,,10/18/22
10148703,house,house,239000,forsale,9320,hyperequipped,1918,good,gas,445,2,180,true,,85,true,,,,,,10/18/22
10032570,house,mixedusebuilding,248000,forsale,4470,usahyperequipped,,torenovate,,316,3,630,true,true,,true,true,,2,1,,10/18/22
10149822,house,house,270000,forsale,2860,semiequipped,,good,gas,459,2,411,,true,,true,true,,,3,,10/18/22
10150965,house,house,325000,forsale,9600,installed,1963,good,gas,291,4,480,,,,true,,,1,,,10/18/22
10150970,house,villa,625000,forsale,3020,installed,1988,asnew,gas,129,5,1368,,,900,true,,,2,2,,10/18/22
10150348,house,villa,695000,forsale,1650,semiequipped,1959,tobedoneup,gas,550,7,1108,,true,,,,,,,,10/18/22
10149070,house,house,725000,forsale,1457,installed,1850,good,fueloil,267,7,1639,true,true,1200,true,,,,6,,10/18/22
10156398,house,house,1190000,forsale,1150,installed,1936,torenovate,gas,,4,470,true,true,270,true,,,1,1970,,10/18/22
10154424,house,villa,1750000,forsale,3001,installed,,,pellet,176,5,10309,,,,true,true,,1,16,,10/18/22
10131180,house,house,279000,forsale,6724,installed,1960,tobedoneup,gas,335,3,550,,true,,,,,4,,,10/18/22
10131230,house,house,359000,forsale,2960,installed,1982,,gas,232,3,250,,true,40,true,,,1,3,,10/18/22
10136579,house,house,247500,forsale,7060,hyperequipped,,asnew,gas,793,3,110,,true,,true,,,,,,10/18/22
10136819,house,house,250000,forsale,6040,installed,,justrenovated,gas,235,4,320,,true,,,,,,,,10/18/22
10137684,house,house,280000,forsale,8540,installed,,good,gas,310,3,378,,true,,true,,,,2,,10/18/22
10101731,house,mixedusebuilding,350000,forsale,8900,notinstalled,1925,torenovate,,554,4,237,,,80,true,,,,,,10/18/22
10158489,apartment,groundfloor,298000,forsale,1853,,1971,good,gas,355,2,,,,,true,,,,,,10/18/22
10158488,apartment,apartment,279000,forsale,2630,installed,1979,,gas,233,2,,,,,,,,2,1,,10/18/22
10158487,house,townhouse,995000,forsale,1150,hyperequipped,1954,torenovate,,439,6,322,,true,165,true,,,1,2,,10/18/22
10158485,house,countrycottage,825000,forsale,1702,semiequipped,1963,torenovate,fueloil,824,4,9143,,true,,,,,1,,,10/18/22
9921619,apartment,apartment,255000,forsale,7700,installed,,justrenovated,gas,277,4,,,true,,true,,,,,,10/18/22
10158481,house,house,345000,forsale,3001,,1963,torenovate,gas,326,3,90,,true,,,,,,,,10/18/22
10158478,apartmentgroup,apartmentgroup,322750-322750,forsale,9630,,,,,,,,,,,,,,,,1,10/18/22
10158470,apartmentgroup,apartmentgroup,447175-447175,forsale,1420,,,,,,,,,,,,,,1,,1,10/18/22
10137240,house,house,365000,forsale,9940,installed,,good,gas,692,2,529,,,,,,,1,,,10/18/22
10137991,house,house,455000,forsale,9820,installed,1957,,gas,142,3,155,,true,,true,,,,,,10/18/22
10137276,house,apartmentblock,500000,forsale,1800,hyperequipped,1972,,fueloil,190,4,212,,,,true,true,,,,,10/18/22
10136983,house,house,535000,forsale,9810,notinstalled,1987,,,299,3,606,,,,,,,,5,,10/18/22
10136828,house,villa,695000,forsale,2360,semiequipped,,good,fueloil,382,3,1982,,true,,true,,,2,,,10/18/22
10135983,house,house,740000,forsale,1180,hyperequipped,2010,asnew,gas,105,4,188,,,,true,,,2,1,,10/18/22
10137392,house,apartmentblock,1045000,forsale,1050,installed,1950,tobedoneup,gas,406,4,0,,true,,true,,,,,,10/18/22
10076859,housegroup,housegroup,69000-349200,forsale,4317,,,,,,,,,,,,,,,,1,10/18/22
9136527,housegroup,housegroup,216000-257000,forsale,7800,,,,,,,,,,,,,,,,1,10/18/22
8634207,housegroup,housegroup,235000-315000,forsale,1480,,,,,,,,,,,,,,,,1,10/18/22
10008126,housegroup,housegroup,242500-242500,forsale,4217,,,,,85,,,,,,,,,,,1,10/18/22
10087636,housegroup,housegroup,279000-305000,forsale,7100,,,,,,,,,,,,,,,,1,10/18/22
10078767,housegroup,housegroup,279000-305000,forsale,7100,,,,,,,,,,,,,,,,1,10/18/22
9335897,housegroup,housegroup,286000-291000,forsale,3620,,,,,,,,,,,,,,,,1,10/18/22
9688665,housegroup,housegroup,325000-325000,forsale,8400,,,,,,,,,,,,,,,,1,10/18/22
9833861,housegroup,housegroup,332199-382993,forsale,4121,,,,,,,,,,,,,,,,1,10/18/22
9155433,housegroup,housegroup,339000-339000,forsale,4840,,,,,,,,,,,,,,1,1,1,10/18/22
10030231,housegroup,housegroup,380000-380000,forsale,4367,,,,,85,,,,,,,,,,,1,10/18/22
9975343,housegroup,housegroup,430000-480000,forsale,8200,,,,,,,,,,,,,,,,1,10/18/22
9812909,housegroup,housegroup,445000-485000,forsale,8790,,,,,,,,,,,,,,,,1,10/18/22
10001857,housegroup,housegroup,516080-619750,forsale,9700,,,,,,,,,,,,,,,,1,10/18/22
9656630,housegroup,housegroup,635000-645000,forsale,1780,,,,,,,,,,,,,,,,1,10/18/22
10140322,house,house,250000,forsale,6680,,,good,fueloil,339,3,698,,true,,true,true,,,,,10/18/22
10141678,house,house,385000,forsale,2660,installed,,tobedoneup,gas,537,5,360,,true,140,,,,1,2,,10/18/22
10140520,house,countrycottage,395000,forsale,7760,notinstalled,,torenovate,fueloil,,3,9480,,true,,,,,,,,10/18/22
10142304,house,house,490000,forsale,2520,semiequipped,1920,torenovate,,1803,5,1660,,true,,true,,,2,,,10/18/22
10141751,house,house,559000,forsale,1190,,1930,tobedoneup,gas,340,5,125,,true,,true,,,,,,10/18/22
10145573,house,house,278000,forsale,9620,semiequipped,,good,gas,257,3,316,,true,,true,,,,,,10/18/22
10145806,house,exceptionalproperty,985000,forsale,1050,notinstalled,1900,torenovate,gas,681,5,196,true,true,100,,true,,,,,10/18/22
10147564,house,house,35000,forsale,4550,installed,,good,fueloil,323,3,1020,,,,true,true,,2,4,,10/18/22
10158489,apartment,groundfloor,298000,forsale,1853,,1971,good,gas,355,2,,,,,true,,,,,,10/18/22
10158488,apartment,apartment,279000,forsale,2630,installed,1979,,gas,233,2,,,,,,,,2,1,,10/18/22
10158487,house,townhouse,995000,forsale,1150,hyperequipped,1954,torenovate,,439,6,322,,true,165,true,,,1,2,,10/18/22
10158485,house,countrycottage,825000,forsale,1702,semiequipped,1963,torenovate,fueloil,824,4,9143,,true,,,,,1,,,10/18/22
9921619,apartment,apartment,255000,forsale,7700,installed,,justrenovated,gas,277,4,,,true,,true,,,,,,10/18/22
10158481,house,house,345000,forsale,3001,,1963,torenovate,gas,326,3,90,,true,,,,,,,,10/18/22
10158478,apartmentgroup,apartmentgroup,322750-322750,forsale,9630,,,,,,,,,,,,,,,,1,10/18/22
10158470,apartmentgroup,apartmentgroup,447175-447175,forsale,1420,,,,,,,,,,,,,,1,,1,10/18/22
10106434,house,house,170000,forsale,5190,semiequipped,,torenovate,fueloil,491,1,230,,true,78,true,,,3,1,,10/18/22
9973246,house,house,205000,forsale,1800,semiequipped,1931,torenovate,gas,223,3,60,,true,,,,,,,,10/18/22
10146856,house,house,259000,forsale,4280,semiequipped,1900,good,fueloil,336,3,1096,,true,998,true,true,,,1,,10/18/22
10148191,house,house,344900,forsale,2620,semiequipped,,torenovate,gas,588,5,166,,,20,,,,2,,,10/18/22
10147430,house,house,435000,forsale,5150,semiequipped,,good,fueloil,325,3,999,,,,true,,,1,2,,10/18/22
10146939,house,villa,750000,forsale,9308,hyperequipped,1998,good,gas,174,4,1045,true,,,true,true,true,1,7,,10/18/22
10146870,house,villa,1250000,forsale,1950,hyperequipped,1977,good,gas,280,4,1554,true,true,750,true,true,,2,4,,10/18/22
10153823,house,apartmentblock,850000,forsale,1190,semiequipped,,torenovate,gas,,5,0,,true,20,true,,,,,,10/18/22
10153839,house,villa,920000,forsale,7912,,,good,fueloil,393,4,18944,,true,,,,,2,,,10/18/22
10153838,house,otherproperty,920000,forsale,7912,,,good,fueloil,393,4,18944,,true,,,,,2,,,10/18/22
10152264,house,villa,1150000,forsale,9551,hyperequipped,,asnew,gas,93,6,1154,true,,930,true,,true,1,1,,10/18/22
10044183,house,house,25000,forsale,4000,semiequipped,,good,gas,430,5,115,,true,,true,,,,,,10/18/22
9728134,house,house,99000,forsale,4020,,,tobedoneup,fueloil,749,3,285,,true,,true,,,1,,,10/18/22
10123639,house,house,99500,forsale,5540,semiequipped,1972,good,gas,802,2,378,,,,,,,4,,,10/18/22
10123582,house,chalet,99500,forsale,5540,semiequipped,1972,good,gas,802,2,378,,,,,,,4,,,10/18/22
9958033,house,house,109000,forsale,7141,usasemiequipped,1950,good,,452,3,300,true,,250,,true,,,,,10/18/22
10118477,house,house,120000,forsale,4540,installed,,tobedoneup,fueloil,518,2,112,,true,,true,,,1,,,10/18/22
10070652,house,house,130000,forsale,6061,installed,,justrenovated,,522,3,161,true,true,,,,,,2,,10/18/22
9820833,house,house,149000,forsale,4431,installed,1964,good,fueloil,403,3,271,,true,190,,,,1,,,10/18/22
9917808,house,house,149000,forsale,6044,installed,,good,fueloil,524,2,457,,true,357,true,,,1,,,10/18/22
10091395,house,house,149500,forsale,4540,notinstalled,,torenovate,,695,2,1539,,true,1250,true,,,,2,,10/18/22
10088776,house,house,159500,forsale,5380,semiequipped,,torenovate,fueloil,526,4,553,,true,,true,,,,,,10/18/22
9879006,house,mixedusebuilding,165000,forsale,4000,semiequipped,,torenovate,fueloil,424,2,64,,true,,,,,,,,10/18/22
9388126,house,house,169000,forsale,4102,semiequipped,,tobedoneup,gas,454,5,85,,true,,true,,,,,,10/18/22
10005283,house,house,169000,forsale,7134,installed,2003,good,gas,336,3,185,true,,,true,,,1,1,,10/18/22
9929488,house,house,175000,forsale,9100,semiequipped,,tobedoneup,,264,2,42,true,,,true,,,,,,10/18/22
10045133,house,house,175000,forsale,9340,installed,,,gas,513,3,136,true,true,25,true,true,,,,,10/18/22
9125210,house,house,179000,forsale,4460,semiequipped,,good,carbon,412,5,160,,true,98,,,,,,,10/18/22
10020642,house,house,179000,forsale,6041,semiequipped,,tobedoneup,fueloil,550,4,267,true,,70,true,true,,1,,,10/18/22
10019706,house,house,179000,forsale,6180,semiequipped,,tobedoneup,fueloil,550,4,267,true,,70,true,true,,1,,,10/18/22
10158489,apartment,groundfloor,298000,forsale,1853,,1971,good,gas,355,2,,,,,true,,,,,,10/18/22
10158488,apartment,apartment,279000,forsale,2630,installed,1979,,gas,233,2,,,,,,,,2,1,,10/18/22
10158487,house,townhouse,995000,forsale,1150,hyperequipped,1954,torenovate,,439,6,322,,true,165,true,,,1,2,,10/18/22
10158485,house,countrycottage,825000,forsale,1702,semiequipped,1963,torenovate,fueloil,824,4,9143,,true,,,,,1,,,10/18/22
9921619,apartment,apartment,255000,forsale,7700,installed,,justrenovated,gas,277,4,,,true,,true,,,,,,10/18/22
10158481,house,house,345000,forsale,3001,,1963,torenovate,gas,326,3,90,,true,,,,,,,,10/18/22
10158478,apartmentgroup,apartmentgroup,322750-322750,forsale,9630,,,,,,,,,,,,,,,,1,10/18/22
10158470,apartmentgroup,apartmentgroup,447175-447175,forsale,1420,,,,,,,,,,,,,,1,,1,10/18/22
10115578,house,countrycottage,180000,forsale,9667,semiequipped,1899,,fueloil,611,2,380,,,,,,,,,,10/18/22
9776286,house,house,185000,forsale,1457,semiequipped,,torenovate,fueloil,604,3,325,true,true,,true,,,,1,,10/18/22
10104883,house,house,185000,forsale,4000,semiequipped,,tobedoneup,gas,397,2,166,,true,32,true,,,,,,10/18/22
9990905,house,house,185000,forsale,6791,semiequipped,,tobedoneup,fueloil,266,3,240,,,,,,,1,,,10/18/22
9984906,house,house,185000,forsale,8904,,1980,torenovate,,594,3,199,,,,,,,1,,,10/18/22
9991054,house,mixedusebuilding,189000,forsale,6852,notinstalled,,torenovate,,402,6,659,true,true,100,true,true,,2,1,,10/18/22
10051433,house,house,189500,forsale,9600,semiequipped,,good,gas,193,3,220,,,,,,,,,,10/18/22
10017813,house,house,190000,forsale,4340,semiequipped,,tobedoneup,fueloil,404,2,193,,true,75,true,,,,1,,10/18/22
10100671,house,house,190000,forsale,7080,installed,1945,justrenovated,gas,352,4,250,,true,,true,,,1,,,10/18/22
9750115,house,house,199000,forsale,4557,installed,,torenovate,fueloil,455,3,256,,,150,true,,,,,,10/18/22
10105775,house,house,199000,forsale,4800,notinstalled,,torenovate,gas,452,5,140,true,true,,true,true,,,,,10/18/22
9971544,house,house,199000,forsale,5580,installed,1875,tobedoneup,fueloil,423,4,300,,,,,true,,,,,10/18/22
10032379,house,farmhouse,200000,forsale,1350,semiequipped,1900,torenovate,,537,3,700,true,,400,true,true,,1,4,,10/18/22
10092569,house,house,200000,forsale,5060,notinstalled,,torenovate,fueloil,518,5,585,true,true,365,true,,,1,,,10/18/22
9635505,house,house,210000,forsale,1400,hyperequipped,,asnew,gas,212,4,70,,true,,true,,,,,,10/18/22
10029350,house,house,210000,forsale,6800,installed,1875,torenovate,fueloil,411,3,7880,,true,,,,,1,,,10/18/22
10020176,house,bungalow,219000,forsale,4560,semiequipped,,tobedoneup,fueloil,451,3,1034,,,872,,,,2,2,,10/18/22
10023257,house,house,219900,forsale,6890,semiequipped,,torenovate,fueloil,317,4,620,true,,350,true,,,,3,,10/18/22
10005039,house,house,220000,forsale,6720,notinstalled,,torenovate,fueloil,528,3,413,,,,,,,,,,10/18/22
10070265,house,house,220000,forsale,7970,notinstalled,,torenovate,gas,530,3,1270,,,,,,,,,,10/18/22
9999379,house,house,229000,forsale,7140,installed,2012,good,gas,138,4,205,true,true,150,true,,,1,2,,10/18/22
10036804,house,house,215000,forsale,3320,semiequipped,,torenovate,gas,645,3,156,,true,,,,,,,,10/18/22
10096535,house,house,239000,forsale,4870,semiequipped,,torenovate,,526,3,2425,,,100,true,,,1,2,,10/18/22
10091397,house,house,239500,forsale,4540,notinstalled,,torenovate,,518,5,1694,,,1250,true,,,,3,,10/18/22
9447553,house,house,240000,forsale,1370,installed,1900,justrenovated,fueloil,413,3,170,true,,,true,,,,,,10/18/22
10090140,house,house,249000,forsale,4020,installed,,good,gas,231,3,320,,true,257,true,,,,2,,10/18/22
9927407,house,house,249000,forsale,4540,installed,,good,fueloil,348,5,743,,,393,true,true,,1,,,10/18/22
10126624,house,house,249000,forsale,8570,semiequipped,,torenovate,fueloil,840,3,456,,true,,true,,,2,,,10/18/22
10006623,house,house,249000,forsale,9600,installed,1930,good,gas,220,3,70,,true,,true,,,,,,10/18/22
10063302,house,house,249999,forsale,6010,installed,1956,tobedoneup,gas,314,3,120,true,true,1962,true,true,,1,3,,10/18/22
10158489,apartment,groundfloor,298000,forsale,1853,,1971,good,gas,355,2,,,,,true,,,,,,10/18/22
10158488,apartment,apartment,279000,forsale,2630,installed,1979,,gas,233,2,,,,,,,,2,1,,10/18/22
10158487,house,townhouse,995000,forsale,1150,hyperequipped,1954,torenovate,,439,6,322,,true,165,true,,,1,2,,10/18/22
10158485,house,countrycottage,825000,forsale,1702,semiequipped,1963,torenovate,fueloil,824,4,9143,,true,,,,,1,,,10/18/22
9921619,apartment,apartment,255000,forsale,7700,installed,,justrenovated,gas,277,4,,,true,,true,,,,,,10/18/22
10158481,house,house,345000,forsale,3001,,1963,torenovate,gas,326,3,90,,true,,,,,,,,10/18/22
10158478,apartmentgroup,apartmentgroup,322750-322750,forsale,9630,,,,,,,,,,,,,,,,1,10/18/22
10158470,apartmentgroup,apartmentgroup,447175-447175,forsale,1420,,,,,,,,,,,,,,1,,1,10/18/22
9057725,house,villa,249999,forsale,6150,installed,1988,good,gas,501,3,720,true,true,720,true,,,1,3,,10/18/22
9511661,house,house,250000,forsale,4500,semiequipped,,good,gas,389,3,70,,true,,true,,,,,,10/18/22
9881870,house,exceptionalproperty,250000,forsale,7387,installed,1910,,pellet,627,3,1760,,,1083,true,,,2,4,,10/18/22
10056260,house,house,257000,forsale,6850,installed,1977,good,fueloil,327,4,1015,,true,,,,,3,,,10/18/22
10062388,house,house,269000,forsale,1800,installed,1930,good,gas,368,3,56,,true,,true,true,,,,,10/18/22
10041573,house,house,275000,forsale,4287,semiequipped,1900,good,fueloil,605,3,1195,,true,1058,true,,true,,2,,10/18/22
10067654,house,house,275000,forsale,5500,semiequipped,1803,torenovate,fueloil,411,4,960,,true,50,true,true,,4,3,,10/18/22
10100918,house,house,279000,forsale,1745,semiequipped,1932,tobedoneup,gas,787,2,270,,true,110,true,,,1,3,,10/18/22
10017435,house,house,279000,forsale,1750,notinstalled,1930,torenovate,,996,3,960,,true,,,,,1,,,10/18/22
10036010,house,house,279000,forsale,2830,semiequipped,,good,gas,359,4,140,,true,,true,,,1,,,10/18/22
9988163,house,house,279000,forsale,2880,semiequipped,1972,good,,295,3,185,,,,,,,1,2,,10/18/22
10055468,house,house,289000,forsale,4577,installed,,good,fueloil,339,3,1342,,true,880,true,,,,,,10/18/22
10069297,house,house,289500,forsale,4540,installed,2003,asnew,,275,3,3482,,true,1500,true,true,,1,10,,10/18/22
9788567,house,house,295000,forsale,1367,installed,1960,torenovate,fueloil,347,3,452,,true,83,true,,,2,4,,10/18/22
9871004,house,house,295000,forsale,4350,installed,,good,fueloil,504,4,600,,true,250,true,,,1,2,,10/18/22
10118828,house,mansion,295000,forsale,7860,installed,,tobedoneup,fueloil,359,4,200,,true,,true,true,,,,,10/18/22
10094297,house,house,295000,forsale,9200,semiequipped,1938,good,,654,3,282,,true,,,,,,,,10/18/22
10111360,house,house,299000,forsale,1800,hyperequipped,1930,good,gas,192,3,142,,true,,true,,,,,,10/18/22
10043015,house,house,300000,forsale,4360,hyperequipped,1840,torenovate,fueloil,664,6,1100,,true,500,true,,,2,2,,10/18/22
9902624,house,house,308000,forsale,9000,installed,,good,gas,330,4,80,,,,true,,,,,,10/18/22
10077432,house,house,310000,forsale,9000,installed,,good,fueloil,257,3,75,,true,,,,,,,,10/18/22
10077431,house,house,310000,forsale,9030,installed,,good,fueloil,257,3,75,,true,,,,,,,,10/18/22
10048471,house,house,315000,forsale,6700,installed,,good,fueloil,272,3,270,,true,,,,,1,,,10/18/22
9926091,house,countrycottage,319000,forsale,4530,installed,,justrenovated,electric,821,4,1350,,true,1018,true,,,2,,,10/18/22
10112607,house,house,319000,forsale,6700,installed,,tobedoneup,fueloil,488,4,399,true,true,200,true,,,2,,,10/18/22
10091775,house,house,319500,forsale,8790,installed,1977,good,gas,308,3,728,,,,,,,,,,10/18/22
9750615,house,mixedusebuilding,320000,forsale,6791,semiequipped,,good,gas,318,5,175,,true,,,,,,,,10/18/22
9901282,house,house,329000,forsale,4460,installed,,good,gas,413,3,5112,,true,4500,true,,,,3,,10/18/22
9432790,house,house,330000,forsale,1320,semiequipped,1977,good,fueloil,489,3,3390,,true,,true,true,true,1,5,,10/18/22
10029574,house,house,330000,forsale,7012,installed,,asnew,gas,365,3,610,,true,200,true,true,,1,,,10/18/22
10158489,apartment,groundfloor,298000,forsale,1853,,1971,good,gas,355,2,,,,,true,,,,,,10/18/22
10158488,apartment,apartment,279000,forsale,2630,installed,1979,,gas,233,2,,,,,,,,2,1,,10/18/22
10158487,house,townhouse,995000,forsale,1150,hyperequipped,1954,torenovate,,439,6,322,,true,165,true,,,1,2,,10/18/22
10158485,house,countrycottage,825000,forsale,1702,semiequipped,1963,torenovate,fueloil,824,4,9143,,true,,,,,1,,,10/18/22
9921619,apartment,apartment,255000,forsale,7700,installed,,justrenovated,gas,277,4,,,true,,true,,,,,,10/18/22
10158481,house,house,345000,forsale,3001,,1963,torenovate,gas,326,3,90,,true,,,,,,,,10/18/22
10158478,apartmentgroup,apartmentgroup,322750-322750,forsale,9630,,,,,,,,,,,,,,,,1,10/18/22
10158470,apartmentgroup,apartmentgroup,447175-447175,forsale,1420,,,,,,,,,,,,,,1,,1,10/18/22
10070959,house,house,330000,forsale,9660,semiequipped,,tobedoneup,gas,247,4,940,,true,,,,,2,,,10/18/22
10108587,house,house,335000,forsale,7911,installed,,good,pellet,147,4,438,,true,,true,,,1,,,10/18/22
9917996,house,house,335000,forsale,9130,installed,1971,good,fueloil,426,3,670,,true,210,,,,1,,,10/18/22
10105316,house,house,339000,forsale,4520,installed,,good,fueloil,335,2,993,,true,320,true,,,1,1,,10/18/22
10002781,house,countrycottage,339000,forsale,5300,semiequipped,,good,fueloil,349,3,1471,,true,770,true,,,1,,,10/18/22
10057499,house,villa,340000,forsale,7866,usahyperequipped,1940,tobedoneup,,402,3,3480,,,200,true,,,1,3,,10/18/22
9668689,house,house,345000,forsale,9600,installed,2011,good,electric,281,2,133,,true,,true,,,,,,10/18/22
9976018,house,house,349000,forsale,7700,installed,2009,,gas,185,3,860,,,700,true,,,3,3,,10/18/22
9644469,house,house,349000,forsale,9000,installed,,tobedoneup,gas,261,6,102,,,,,,,,,,10/18/22
10004698,house,house,349500,forsale,9660,installed,2022,good,gas,,3,289,,,,true,,,,,,10/18/22
10018963,house,house,350000,forsale,1300,installed,,good,fueloil,443,2,470,,true,,true,,,,2,,10/18/22
9962974,house,house,350000,forsale,1400,semiequipped,,tobedoneup,fueloil,434,5,2054,,true,1500,true,,,1,,,10/18/22
10020000,house,house,350000,forsale,6730,semiequipped,1960,justrenovated,fueloil,563,4,1500,,true,1350,true,true,,1,2,,10/18/22
10078818,house,house,355000,forsale,6791,semiequipped,1965,,fueloil,338,3,877,,true,,true,,,2,2,,10/18/22
9990228,house,house,360000,forsale,1830,installed,1932,good,gas,346,3,185,,true,49,true,,,,,,10/18/22
9919938,house,house,369000,forsale,1755,installed,,justrenovated,gas,135,4,231,,true,,true,,,,,,10/18/22
9999317,house,apartmentblock,369000,forsale,2880,installed,1958,good,gas,241,5,256,,,,true,,,2,,,10/18/22
9976017,house,house,369000,forsale,7712,installed,,tobedoneup,gas,369,4,1055,,true,820,true,,,4,4,,10/18/22
10129709,house,villa,369000,forsale,9340,installed,1964,good,gas,661,3,658,,true,260,true,,,2,5,,10/18/22
10097179,house,house,380000,forsale,5140,,2022,,gas,111,3,1158,,,,true,,,,3,,10/18/22
10100446,house,villa,380000,forsale,6530,installed,1980,good,gas,227,5,1000,,true,,,,,,6,,10/18/22
10087932,house,house,385000,forsale,4671,installed,1988,good,fueloil,663,3,1080,true,,,true,true,,2,5,,10/18/22
10063681,house,house,385000,forsale,5140,installed,1969,torestore,fueloil,222,4,1122,,true,,true,true,,1,3,,10/18/22
9680726,house,house,390000,forsale,1180,installed,1957,good,gas,,5,312,,,250,true,,,,,,10/18/22
9632962,house,house,395000,forsale,1400,semiequipped,,good,gas,287,2,120,,true,,,,,1,,,10/18/22
9984927,house,house,399000,forsale,2580,semiequipped,1994,good,gas,274,3,856,,true,,true,true,,4,1,,10/18/22
10125963,house,house,399000,forsale,9120,semiequipped,1982,tobedoneup,,592,3,620,,,,true,true,,1,3,,10/18/22
10109542,house,house,410000,forsale,1785,semiequipped,1960,torestore,fueloil,558,4,1278,,true,891,true,,,3,,,10/18/22
9921969,house,apartmentblock,415000,forsale,1332,semiequipped,1938,tobedoneup,gas,185,5,254,,true,170,true,,,,,,10/18/22
9825280,house,house,415000,forsale,2830,installed,1977,,gas,130,4,405,,true,213,,true,,2,2,,10/18/22
10158496,house,house,249000,forsale,4000,installed,,good,gas,298,3,0,,true,270,true,,,1,,,10/18/22
10158495,house,apartmentblock,660000,forsale,4000,installed,,good,gas,271,0,0,,true,,,,,,,,10/18/22
10158494,house,house,289000,forsale,6870,installed,2022,,gas,,4,1363,,,,,,,,2,1,10/18/22
10158489,apartment,groundfloor,298000,forsale,1853,,1971,good,gas,355,2,,,,,true,,,,,,10/18/22
10158488,apartment,apartment,279000,forsale,2630,installed,1979,,gas,233,2,,,,,,,,2,1,,10/18/22
10158487,house,townhouse,995000,forsale,1150,hyperequipped,1954,torenovate,,439,6,322,,true,165,true,,,1,2,,10/18/22
10158485,house,countrycottage,825000,forsale,1702,semiequipped,1963,torenovate,fueloil,824,4,9143,,true,,,,,1,,,10/18/22
9921619,apartment,apartment,255000,forsale,7700,installed,,justrenovated,gas,277,4,,,true,,true,,,,,,10/18/22
10061155,house,house,425000,forsale,1800,semiequipped,2012,good,,161,4,277,,,,true,,,1,3,,10/18/22
9866361,house,apartmentblock,425000,forsale,1830,installed,1919,good,gas,246,4,185,,true,71,true,,,,,,10/18/22
10018148,house,house,425000,forsale,3050,semiequipped,1957,,fueloil,545,3,1343,,true,,,,,2,2,,10/18/22
10056848,house,house,425000,forsale,6060,installed,2004,justrenovated,gas,285,4,1720,,true,,,,,4,,,10/18/22
10091534,house,house,430000,forsale,9700,,1957,good,gas,147,4,318,,true,,,,,,,,10/18/22
9796722,house,mixedusebuilding,430000,forsale,9800,semiequipped,1948,tobedoneup,electric,334,0,213,,,,,,,,,,10/18/22
10127414,house,house,440000,forsale,8791,installed,1964,,fueloil,658,3,685,,,,true,,,4,,,10/18/22
9918027,house,villa,445000,forsale,1652,installed,1969,tobedoneup,fueloil,741,2,668,,,571,true,true,,1,2,,10/18/22
9966366,house,house,450000,forsale,1140,usahyperequipped,1932,asnew,gas,273,3,175,true,true,25,true,true,,1,1,,10/18/22
10105623,house,house,450000,forsale,1340,installed,1922,good,fueloil,500,4,310,,true,220,true,,,1,1,,10/18/22
9979491,house,house,450000,forsale,1440,notinstalled,1932,tobedoneup,fueloil,659,3,2581,true,true,2300,true,true,,,3,,10/18/22
10036579,house,house,450000,forsale,1620,,1953,torenovate,gas,814,4,535,,true,,,,,1,,,10/18/22
10038286,house,house,450000,forsale,1730,semiequipped,1930,tobedoneup,gas,404,4,1348,,true,,,,,1,2,,10/18/22
9510433,house,apartmentblock,450000,forsale,9280,semiequipped,1978,good,electric,836,5,817,,,,true,,,6,4,,10/18/22
10050280,house,house,459000,forsale,6900,usahyperequipped,2018,asnew,gas,68,4,399,,,283,true,true,,1,2,,10/18/22
9742838,house,house,460000,forsale,1390,installed,1974,good,fueloil,541,4,2240,true,true,,true,true,,1,2,,10/18/22
10098184,house,house,460000,forsale,1850,installed,1959,good,gas,197,2,1210,,true,,true,,,,2,,10/18/22
9447983,house,mixedusebuilding,460000,forsale,2830,installed,1918,,gas,244,3,243,,true,50,true,,,1,,,10/18/22
9447982,house,mansion,460000,forsale,2830,installed,1918,,gas,244,3,243,,true,50,true,,,1,,,10/18/22
9744704,house,apartmentblock,465000,forsale,1200,notinstalled,1962,torenovate,gas,588,2,140,,true,,,,,,,,10/18/22
10092714,house,house,465000,forsale,1410,installed,1983,good,gas,315,3,824,,true,700,true,true,,,2,,10/18/22
10091689,house,villa,465000,forsale,5101,installed,1982,good,fueloil,132,5,1264,true,,1100,true,,,2,6,,10/18/22
9905371,house,house,490000,forsale,1080,notinstalled,1925,good,gas,256,5,95,true,true,15,true,,,,,,10/18/22
9906178,house,villa,495000,forsale,1300,semiequipped,1994,tobedoneup,gas,234,4,660,,true,,true,,,4,4,,10/18/22
10093625,house,house,495000,forsale,2800,installed,2000,asnew,gas,217,3,0,,,40,true,,,4,,,10/18/22
10092480,house,house,495000,forsale,5310,hyperequipped,2000,,fueloil,130,4,1070,,true,,true,,,2,4,,10/18/22
10032386,house,house,495000,forsale,6780,installed,1860,good,fueloil,244,6,347,,,,,,,2,2,,10/18/22
10121093,house,house,499000,forsale,1840,semiequipped,1968,good,,254,4,2725,,true,,true,,,1,2,,10/18/22
10128474,house,house,499000,forsale,6800,hyperequipped,1971,good,fueloil,107,5,0,true,true,,true,true,,2,4,,10/18/22
9991327,house,house,509000,forsale,1020,installed,1958,tobedoneup,fueloil,256,5,260,,true,160,,,,1,1,,10/18/22
10158496,house,house,249000,forsale,4000,installed,,good,gas,298,3,0,,true,270,true,,,1,,,10/18/22
10158495,house,apartmentblock,660000,forsale,4000,installed,,good,gas,271,0,0,,true,,,,,,,,10/18/22
10158494,house,house,289000,forsale,6870,installed,2022,,gas,,4,1363,,,,,,,,2,1,10/18/22
10158489,apartment,groundfloor,298000,forsale,1853,,1971,good,gas,355,2,,,,,true,,,,,,10/18/22
10158488,apartment,apartment,279000,forsale,2630,installed,1979,,gas,233,2,,,,,,,,2,1,,10/18/22
10158487,house,townhouse,995000,forsale,1150,hyperequipped,1954,torenovate,,439,6,322,,true,165,true,,,1,2,,10/18/22
10158485,house,countrycottage,825000,forsale,1702,semiequipped,1963,torenovate,fueloil,824,4,9143,,true,,,,,1,,,10/18/22
9921619,apartment,apartment,255000,forsale,7700,installed,,justrenovated,gas,277,4,,,true,,true,,,,,,10/18/22
9890269,house,house,525000,forsale,1000,,1900,tobedoneup,gas,294,6,76,,true,,,,,,,,10/18/22
9979276,house,house,525000,forsale,1030,installed,1939,tobedoneup,gas,271,4,105,,true,20,true,true,,,,,10/18/22
9979278,house,house,525000,forsale,1200,installed,1939,tobedoneup,gas,271,4,105,,true,20,true,true,,,,,10/18/22
10064265,house,house,539000,forsale,2460,installed,2007,good,gas,350,4,537,,,,true,,,1,,,10/18/22
10128691,house,villa,549000,forsale,9880,,1998,asnew,gas,249,4,737,,,,,,,1,,,10/18/22
10108103,house,villa,550000,forsale,1860,installed,1974,good,gas,634,3,597,,true,150,true,,,2,3,,10/18/22
10104475,house,villa,570000,forsale,6780,installed,1991,good,fueloil,346,3,4417,,true,,,,,1,5,,10/18/22
10104472,house,house,570000,forsale,6780,installed,1991,good,fueloil,346,3,4417,,true,,,,,1,5,,10/18/22
10096000,house,house,579000,forsale,3080,semiequipped,1974,torenovate,gas,509,2,2671,,true,2000,,,,5,2,,10/18/22
9854047,house,farmhouse,585000,forsale,7321,hyperequipped,1950,asnew,fueloil,290,4,4520,,,3705,true,true,true,,4,,10/18/22
10011955,house,house,589000,forsale,6780,hyperequipped,1984,asnew,,270,3,1180,,,,true,true,,2,2,,10/18/22
10129698,house,house,595000,forsale,1800,hyperequipped,2012,good,gas,111,3,0,,true,,true,,,2,,,10/18/22
9958358,house,house,599000,forsale,1020,hyperequipped,1956,good,fueloil,326,5,245,,true,120,true,true,,1,1,,10/18/22
10070455,house,house,599000,forsale,3080,semiequipped,1964,torenovate,gas,830,4,1653,,true,1653,true,true,,2,4,,10/18/22
9904906,house,house,625000,forsale,1030,hyperequipped,1920,torenovate,gas,371,4,128,,true,,true,true,,,,,10/18/22
9973210,house,house,645000,forsale,1060,semiequipped,1896,torenovate,gas,870,4,155,true,true,65,true,,,,,,10/18/22
10008576,house,house,649000,forsale,4550,installed,2008,good,,111,4,1993,,,,true,true,,2,,,10/18/22
10095660,house,house,650000,forsale,9090,installed,1978,good,gas,283,4,1449,,true,,true,true,,1,,,10/18/22
10119609,house,house,675000,forsale,1070,usahyperequipped,1930,good,gas,187,7,300,,,120,true,,,,,,10/18/22
10090658,house,apartmentblock,680000,forsale,1083,semiequipped,1930,good,gas,313,5,144,,true,,true,true,,1,,,10/18/22
10105686,house,house,695000,forsale,1160,installed,1959,good,gas,306,3,192,true,true,60,true,,,1,1,,10/18/22
10126755,house,house,695000,forsale,1180,semiequipped,1965,torenovate,gas,226,6,423,,,235,true,true,,1,1,,10/18/22
10084967,house,apartmentblock,695000,forsale,4020,semiequipped,,good,electric,245,10,1221,,true,,,,,,8,,10/18/22
10122733,house,villa,695000,forsale,9860,installed,2014,good,gas,130.48,6,636,,,,,,,,2,,10/18/22
10108491,house,house,698000,forsale,1000,installed,1879,good,gas,442,4,90,,true,,true,,,,,,10/18/22
10091078,house,house,698000,forsale,1000,installed,1879,good,gas,442,4,90,,true,,true,,,,,,10/18/22
10089260,house,villa,699000,forsale,2960,installed,2016,asnew,,90,2,988,,true,844,true,,true,1,2,,10/18/22
9888806,house,house,720000,forsale,1200,semiequipped,1933,torenovate,gas,399,3,210,,true,85,true,true,,1,,,10/18/22
9634296,house,house,730000,forsale,1040,semiequipped,1905,good,gas,271,5,128,,true,40,true,true,,,,,10/18/22
10129929,house,house,730000,forsale,9800,installed,1974,asnew,gas,205,2,1412,true,,,,,,1,,,10/18/22
10158496,house,house,249000,forsale,4000,installed,,good,gas,298,3,0,,true,270,true,,,1,,,10/18/22
10158495,house,apartmentblock,660000,forsale,4000,installed,,good,gas,271,0,0,,true,,,,,,,,10/18/22
10158494,house,house,289000,forsale,6870,installed,2022,,gas,,4,1363,,,,,,,,2,1,10/18/22
10158489,apartment,groundfloor,298000,forsale,1853,,1971,good,gas,355,2,,,,,true,,,,,,10/18/22
10158488,apartment,apartment,279000,forsale,2630,installed,1979,,gas,233,2,,,,,,,,2,1,,10/18/22
10158487,house,townhouse,995000,forsale,1150,hyperequipped,1954,torenovate,,439,6,322,,true,165,true,,,1,2,,10/18/22
10158485,house,countrycottage,825000,forsale,1702,semiequipped,1963,torenovate,fueloil,824,4,9143,,true,,,,,1,,,10/18/22
9921619,apartment,apartment,255000,forsale,7700,installed,,justrenovated,gas,277,4,,,true,,true,,,,,,10/18/22
10082192,house,villa,745000,forsale,1640,installed,,good,gas,414,3,1000,,,,true,,,2,2,,10/18/22
9987496,house,apartmentblock,750000,forsale,2570,semiequipped,1993,good,gas,226,9,180,,,,true,true,,4,,,10/18/22
9744703,house,apartmentblock,755000,forsale,1200,notinstalled,1962,torenovate,gas,665,4,140,,true,,,,,,,,10/18/22
10127980,house,house,776000,forsale,3012,installed,1961,tobedoneup,gas,395,8,2615,,true,,,,,,,,10/18/22
10020979,house,townhouse,780000,forsale,1190,semiequipped,1950,torenovate,fueloil,546,6,256,true,true,100,true,true,,1,,,10/18/22
9988680,house,house,785000,forsale,1200,installed,1974,torenovate,fueloil,314,5,288,true,true,75,true,true,,1,2,,10/18/22
10086021,house,house,795000,forsale,1180,usahyperequipped,1930,good,gas,525,4,518,,,275,true,true,,,3,,10/18/22
10112048,house,apartmentblock,795000,forsale,1200,installed,1953,asnew,gas,221,3,143,,true,43,,,,,,,10/18/22
10053215,house,villa,795000,forsale,1600,installed,1976,tobedoneup,fueloil,393,4,1142,,true,,,true,,2,,,10/18/22
10100295,house,apartmentblock,825000,forsale,1000,usainstalled,1903,good,gas,113,5,107,,true,30,true,true,,,,,10/18/22
9925434,house,apartmentblock,825000,forsale,1040,usainstalled,1903,good,gas,113,5,107,,true,30,true,true,,,,,10/18/22
9988623,house,house,845000,forsale,1150,installed,1960,good,gas,276,6,250,true,true,120,true,,,2,2,,10/18/22
9988622,house,apartmentblock,845000,forsale,1150,installed,1960,good,gas,276,5,250,true,true,120,true,,,2,2,,10/18/22
10127695,house,villa,849000,forsale,9185,semiequipped,1970,good,fueloil,287,5,3902,,,,true,true,,1,,,10/18/22
10069437,house,mansion,850000,forsale,1000,usahyperequipped,1915,asnew,gas,295,7,111,,true,40,true,,,,,,10/18/22
10090975,house,house,850000,forsale,1050,hyperequipped,1904,asnew,gas,265,4,45,,true,,true,true,,,,,10/18/22
10092636,house,house,850000,forsale,1150,hyperequipped,1965,tobedoneup,gas,513,4,404,true,true,250,true,,,1,2,,10/18/22
9438223,house,house,850000,forsale,1410,usainstalled,1979,good,fueloil,250,5,1000,true,,1000,true,true,,2,6,,10/18/22
10049164,house,villa,850000,forsale,6120,usasemiequipped,1996,good,fueloil,73,5,2672,true,true,2522,true,true,true,2,,,10/18/22
9999680,house,villa,850000,forsale,8200,installed,1966,good,gas,264,5,1103,,,,true,,,,,,10/18/22
10018537,house,house,875000,forsale,1050,installed,1900,tobedoneup,,333,6,150,,true,70,true,,,,,,10/18/22
10114679,house,apartmentblock,895000,forsale,1785,installed,1962,good,gas,359,3,718,,true,,true,,,,,,10/18/22
10100390,house,exceptionalproperty,940000,forsale,2018,hyperequipped,1929,asnew,gas,223,6,75,,true,,true,,,,,,10/18/22
10099941,house,house,950000,forsale,7812,hyperequipped,2015,good,,120,2,1143,,,,true,true,true,1,4,,10/18/22
9965219,house,house,965000,forsale,2000,installed,,justrenovated,gas,282,4,107,true,true,40,true,true,,,3,,10/18/22
10078052,house,mixedusebuilding,975000,forsale,1060,,1920,good,gas,,6,227,,,,true,,,,,,10/18/22
10126689,house,house,975000,forsale,3870,installed,1995,good,gas,185,5,3600,,true,,true,true,,,,,10/18/22
10089548,house,apartmentblock,995000,forsale,1050,installed,1925,good,gas,377,7,180,,true,,,,,,,,10/18/22
10063961,house,exceptionalproperty,995000,forsale,1970,hyperequipped,2015,asnew,electric,19,4,350,,,120,true,true,,1,2,,10/18/22
10122143,house,house,998000,forsale,2811,hyperequipped,2017,good,,77,3,3100,,,,true,true,,4,6,,10/18/22
10158496,house,house,249000,forsale,4000,installed,,good,gas,298,3,0,,true,270,true,,,1,,,10/18/22
10158495,house,apartmentblock,660000,forsale,4000,installed,,good,gas,271,0,0,,true,,,,,,,,10/18/22
10158494,house,house,289000,forsale,6870,installed,2022,,gas,,4,1363,,,,,,,,2,1,10/18/22
10158489,apartment,groundfloor,298000,forsale,1853,,1971,good,gas,355,2,,,,,true,,,,,,10/18/22
10158488,apartment,apartment,279000,forsale,2630,installed,1979,,gas,233,2,,,,,,,,2,1,,10/18/22
10158487,house,townhouse,995000,forsale,1150,hyperequipped,1954,torenovate,,439,6,322,,true,165,true,,,1,2,,10/18/22
10158485,house,countrycottage,825000,forsale,1702,semiequipped,1963,torenovate,fueloil,824,4,9143,,true,,,,,1,,,10/18/22
9921619,apartment,apartment,255000,forsale,7700,installed,,justrenovated,gas,277,4,,,true,,true,,,,,,10/18/22
10118201,house,house,1000000,forsale,1150,installed,1928,tobedoneup,gas,491,5,220,,true,110,true,,,,,,10/18/22
10108583,house,house,1040000,forsale,1083,usahyperequipped,1905,asnew,gas,97,4,320,,true,190,true,true,,,,,10/18/22
10005390,house,house,1090000,forsale,1000,usahyperequipped,1953,asnew,gas,186,6,541,,true,350,true,true,,1,4,,10/18/22
10005389,house,house,1090000,forsale,1020,usahyperequipped,1953,asnew,gas,186,6,541,,true,350,true,true,,1,4,,10/18/22
9964185,house,villa,1100000,forsale,1180,usahyperequipped,1930,good,fueloil,471,5,560,,true,270,true,true,,2,2,,10/18/22
9791026,house,apartmentblock,1195000,forsale,1200,installed,1958,good,gas,160,7,421,,true,421,true,,,1,1,,10/18/22
10112811,house,house,1195000,forsale,1200,installed,1933,good,gas,526,5,510,,true,,true,true,,,,,10/18/22
9744700,house,apartmentblock,1220000,forsale,1200,notinstalled,1962,torenovate,gas,665,6,140,,true,,,,,,,,10/18/22
9906270,house,apartmentblock,1230000,forsale,4020,semiequipped,,good,electric,245,16,1221,,true,,true,,,,8,,10/18/22
9930044,house,villa,1250000,forsale,5100,hyperequipped,1996,asnew,fueloil,113,7,2013,true,true,1800,true,,true,2,5,,10/18/22
10030637,house,villa,1250000,forsale,6900,installed,1994,asnew,fueloil,230,5,14884,,,14500,true,true,,2,5,,10/18/22
9334540,house,house,1295000,forsale,1000,hyperequipped,1900,good,gas,307,4,317,,true,200,true,true,,1,,,10/18/22
9334539,house,house,1295000,forsale,1040,hyperequipped,1900,good,gas,307,4,317,,true,200,true,true,,1,,,10/18/22
10092903,house,house,1325000,forsale,1050,usahyperequipped,1923,asnew,gas,188,4,166,,true,71,,true,,2,,,10/18/22
10063479,house,house,1395000,forsale,3001,hyperequipped,1990,asnew,gas,252,5,2092,true,true,2092,true,true,,1,4,,10/18/22
9579497,house,house,1480000,forsale,1150,hyperequipped,1932,asnew,gas,214,7,1750,,true,1600,true,,true,2,5,,10/18/22
9922083,house,villa,1495000,forsale,1380,installed,1987,good,fueloil,255,4,3900,,true,,true,true,true,2,6,,10/18/22
10104565,house,house,1550000,forsale,1040,installed,1932,asnew,gas,275,6,490,true,true,315,true,true,,1,,,10/18/22
9919108,house,house,1610000,forsale,1200,installed,1911,tobedoneup,fueloil,671,8,479,true,true,138,true,,,1,2,,10/18/22
10083585,house,villa,1650000,forsale,1950,hyperequipped,1985,asnew,gas,265,5,1368,true,true,1368,true,true,,2,3,,10/18/22
9624685,house,mansion,1850000,forsale,1040,installed,1930,asnew,fueloil,309,6,673,true,true,,true,true,,2,,,10/18/22
10084954,house,house,1870000,forsale,1050,usahyperequipped,1920,asnew,gas,315,4,230,,true,135,true,,,1,3,,10/18/22
9557439,house,exceptionalproperty,1950000,forsale,1410,hyperequipped,1800,asnew,gas,671,6,3788,,true,3788,true,true,,,30,,10/18/22
9863202,house,exceptionalproperty,1950000,forsale,1470,hyperequipped,1800,asnew,gas,671,6,3788,,true,3788,true,true,,,30,,10/18/22
9553396,house,house,1975000,forsale,1180,hyperequipped,1928,justrenovated,gas,179,6,275,true,true,80,true,true,,1,1,,10/18/22
10082257,house,house,1985000,forsale,1050,hyperequipped,1912,good,gas,199,6,200,true,true,80,true,true,,1,1,,10/18/22
10084957,house,house,1985000,forsale,1180,hyperequipped,1912,good,gas,199,6,200,true,true,80,true,true,,1,1,,10/18/22
10105853,house,villa,2145000,forsale,8300,installed,2007,good,gas,221,5,695,,,,true,,,2,2,,10/18/22
10125895,house,mansion,2295000,forsale,1000,semiequipped,1894,tobedoneup,gas,400,6,242,true,true,40,true,true,,1,,,10/18/22
10000102,house,house,2300000,forsale,1050,installed,1922,torenovate,fueloil,324,6,940,true,true,762,true,true,,1,1,,10/18/22
10158496,house,house,249000,forsale,4000,installed,,good,gas,298,3,0,,true,270,true,,,1,,,10/18/22
10158495,house,apartmentblock,660000,forsale,4000,installed,,good,gas,271,0,0,,true,,,,,,,,10/18/22
10158494,house,house,289000,forsale,6870,installed,2022,,gas,,4,1363,,,,,,,,2,1,10/18/22
10158489,apartment,groundfloor,298000,forsale,1853,,1971,good,gas,355,2,,,,,true,,,,,,10/18/22
10158488,apartment,apartment,279000,forsale,2630,installed,1979,,gas,233,2,,,,,,,,2,1,,10/18/22
10158487,house,townhouse,995000,forsale,1150,hyperequipped,1954,torenovate,,439,6,322,,true,165,true,,,1,2,,10/18/22
10158485,house,countrycottage,825000,forsale,1702,semiequipped,1963,torenovate,fueloil,824,4,9143,,true,,,,,1,,,10/18/22
9921619,apartment,apartment,255000,forsale,7700,installed,,justrenovated,gas,277,4,,,true,,true,,,,,,10/18/22
9641473,house,house,2450000,forsale,1380,hyperequipped,2004,asnew,fueloil,236,8,3000,,true,2000,true,true,true,2,4,,10/18/22
10059817,house,exceptionalproperty,2975000,forsale,1050,usahyperequipped,1913,asnew,gas,207,4,410,,true,250,true,true,,1,,,10/18/22
10084956,house,exceptionalproperty,2975000,forsale,1180,usahyperequipped,1913,asnew,gas,207,4,410,,true,250,true,true,,1,,,10/18/22
9520493,house,mixedusebuilding,3200000,forsale,1000,installed,1900,good,fueloil,483,0,490,,,12,true,,,,,,10/18/22
10058755,house,house,3490000,forsale,1050,notinstalled,1914,good,gas,298,5,390,true,true,,true,true,,2,1,,10/18/22
9721975,house,villa,4300000,forsale,1150,installed,1980,asnew,fueloil,467,6,11600,true,true,,true,true,true,3,5,,10/18/22
10018502,house,villa,4395000,forsale,8300,usahyperequipped,,asnew,gas,168,6,664,true,,,true,,,1,3,,10/18/22
9359656,house,house,4950000,forsale,1050,hyperequipped,2012,asnew,gas,70,5,300,,true,100,true,true,true,2,2,,10/18/22
9163275,house,house,4950000,forsale,1190,hyperequipped,1968,asnew,fueloil,260,7,4895,true,true,19,true,true,true,4,,,10/18/22
10158036,house,house,190000,forsale,7830,,,torenovate,fueloil,477,3,670,true,true,400,true,,,1,,,10/18/22
10157174,house,house,452000,forsale,9400,installed,2010,good,gas,143,4,686,,,,,,,,,,10/18/22
10042031,house,house,109000,forsale,4500,semiequipped,,good,gas,290,2,55,,true,,,,,,,,10/18/22
10133996,house,house,149000,forsale,4040,notinstalled,,torenovate,gas,485,2,140,,true,94,true,,,,,,10/18/22
10135492,house,house,220000,forsale,2660,installed,,tobedoneup,gas,353,2,225,,,145,,,,,,,10/18/22
10134028,house,house,275000,forsale,1745,semiequipped,1930,torenovate,gas,634,3,640,,true,365,true,,,4,1,,10/18/22
10133995,house,house,299000,forsale,1400,usainstalled,,asnew,gas,491,3,262,true,true,200,true,,,1,1,,10/18/22
10063856,house,house,395000,forsale,9220,,1964,,fueloil,1657,4,1264,,,,,,,2,4,,10/18/22
10088825,house,house,395000,forsale,9220,,1964,,fueloil,1657,4,1264,,,,,,,2,4,,10/18/22
10134240,house,house,495000,forsale,1800,,,good,fueloil,342,5,609,,true,600,true,,,1,1,,10/18/22
10010363,house,villa,495000,forsale,8490,semiequipped,1977,good,fueloil,443,3,1097,,,,true,,,1,,,10/18/22
10134000,house,house,735000,forsale,1982,installed,1975,tobedoneup,gas,279,5,0,,,,true,true,true,1,,,10/18/22
10134004,house,villa,1545000,forsale,1420,installed,1980,tobedoneup,fueloil,312,6,15300,,true,1400,true,,,3,5,,10/18/22
10139395,house,house,287000,forsale,2800,semiequipped,,good,gas,233,3,1,,,,true,,,,,,10/18/22
10139406,house,villa,325000,forsale,1541,notinstalled,1958,torenovate,gas,602,3,2350,true,true,2250,,,,,,,10/18/22
9872566,house,villa,342000,forsale,4250,usainstalled,2022,,,65,4,436,true,,300,,true,,1,2,1,10/18/22
9951873,house,house,342000,forsale,6600,,2020,,gas,50,4,378,,,,,,,,,1,10/18/22
9872567,house,villa,345000,forsale,4250,usainstalled,2022,,,70,4,498,true,,350,,,,1,2,1,10/18/22
9872569,house,villa,364000,forsale,4250,usainstalled,2022,,,70,4,901,true,,750,,,,1,2,1,10/18/22
10072854,house,house,560000,forsale,6717,,2020,,gas,89,4,641,,true,,,true,,,,1,10/18/22
9737226,house,house,673000,forsale,1300,usahyperequipped,2022,asnew,gas,,3,610,,true,610,true,,,2,2,1,10/18/22
10158496,house,house,249000,forsale,4000,installed,,good,gas,298,3,0,,true,270,true,,,1,,,10/18/22
10158495,house,apartmentblock,660000,forsale,4000,installed,,good,gas,271,0,0,,true,,,,,,,,10/18/22
10158494,house,house,289000,forsale,6870,installed,2022,,gas,,4,1363,,,,,,,,2,1,10/18/22
10158489,apartment,groundfloor,298000,forsale,1853,,1971,good,gas,355,2,,,,,true,,,,,,10/18/22
10158488,apartment,apartment,279000,forsale,2630,installed,1979,,gas,233,2,,,,,,,,2,1,,10/18/22
10158487,house,townhouse,995000,forsale,1150,hyperequipped,1954,torenovate,,439,6,322,,true,165,true,,,1,2,,10/18/22
10158485,house,countrycottage,825000,forsale,1702,semiequipped,1963,torenovate,fueloil,824,4,9143,,true,,,,,1,,,10/18/22
9921619,apartment,apartment,255000,forsale,7700,installed,,justrenovated,gas,277,4,,,true,,true,,,,,,10/18/22
10143090,house,house,219000,forsale,4100,,,good,gas,509,3,164,,true,101,true,true,,1,,,10/18/22
10143012,house,house,550000,forsale,9270,installed,1975,,gas,489,3,909,,,,true,,,2,,,10/18/22
10143966,house,villa,945000,forsale,9420,installed,2015,,gas,92,4,1194,,true,,true,,true,1,3,,10/18/22
10143558,house,house,980000,forsale,1760,hyperequipped,1800,justrenovated,fueloil,297,4,3300,,,,,,,,4,,10/18/22
10146727,house,house,269000,forsale,2530,installed,1900,asnew,gas,203,2,54,,true,14,,true,,1,,,10/18/22
9982690,house,house,400000,forsale,1933,installed,1965,tobedoneup,gas,348,2,412,true,,300,true,,,1,1,,10/18/22
10146748,house,exceptionalproperty,479000,forsale,9450,semiequipped,1984,asnew,gas,212,3,1082,true,true,8002,true,,,,,,10/18/22
10146526,house,house,525000,forsale,3000,installed,1956,justrenovated,gas,154,4,357,true,true,357,true,true,,1,2,,10/18/22
10156833,house,mixedusebuilding,195000,forsale,4031,,,tobedoneup,gas,268,4,0,,true,45,true,,,,,,10/18/22
10156831,house,house,195000,forsale,4031,,,tobedoneup,gas,268,4,0,,true,45,true,,,,,,10/18/22
10155422,house,house,205000,forsale,7943,semiequipped,,tobedoneup,fueloil,503,4,1069,,true,,true,,,1,,,10/18/22
10137185,house,house,259500,forsale,9300,hyperequipped,,asnew,gas,125,3,70,,,,,,,,,,10/18/22
10156155,house,house,305000,forsale,9870,installed,1938,torenovate,fueloil,819,4,686,true,true,,,true,,2,2,,10/18/22
10156767,house,house,325000,forsale,8800,installed,1945,justrenovated,gas,336,4,185,,,,true,,,,,,10/18/22
10143830,house,house,360000,forsale,6120,hyperequipped,2022,asnew,gas,80,4,800,,,700,true,,,1,2,1,10/18/22
10155500,house,bungalow,395000,forsale,1435,semiequipped,1972,tobedoneup,fueloil,460,4,1714,,,,true,,,3,3,,10/18/22
10156771,house,house,395000,forsale,7760,hyperequipped,,,fueloil,275,3,1054,,true,,,,,,3,,10/18/22
10155455,house,house,419000,forsale,8310,installed,2022,asnew,,30,4,477,,,,,true,,1,2,,10/18/22
10156897,house,villa,599000,forsale,8210,hyperequipped,1968,asnew,gas,110,5,580,true,,580,true,true,,1,2,,10/18/22
10100278,house,villa,615000,forsale,1410,hyperequipped,1970,asnew,fueloil,339,4,889,true,true,730,true,,,1,3,,10/18/22
10133733,house,apartmentblock,275000,forsale,5590,hyperequipped,,,gas,461,4,980,,true,980,true,,,2,2,,10/18/22
10133732,house,house,275000,forsale,5590,hyperequipped,,,gas,461,4,980,,true,980,true,,,2,2,,10/18/22
10138045,house,house,165000,forsale,6840,,1850,torenovate,fueloil,488,4,597,,,,,true,,,,,10/18/22
10137813,house,house,245000,forsale,6221,notinstalled,,tobedoneup,fueloil,283,4,523,,true,,,,,3,,,10/18/22
10137615,house,countrycottage,775000,forsale,7890,installed,,good,,318,3,14160,,,,true,,,,,,10/18/22
10141738,house,house,199000,forsale,4570,installed,,good,fueloil,462,2,213,,true,145,true,,,1,2,,10/18/22
10141535,house,house,249000,forsale,8420,,,good,gas,402,6,170,,,,,,,,,,10/18/22
10141188,house,villa,515000,forsale,1410,semiequipped,1962,good,fueloil,406,3,900,true,true,,true,,,1,3,,10/18/22
10142257,house,house,545000,forsale,3020,,1899,,gas,485,3,482,,true,,true,,,,,,10/18/22
10142254,house,mixedusebuilding,545000,forsale,3020,,1899,,gas,485,3,482,,true,,true,,,,,,10/18/22
10158496,house,house,249000,forsale,4000,installed,,good,gas,298,3,0,,true,270,true,,,1,,,10/18/22
10158495,house,apartmentblock,660000,forsale,4000,installed,,good,gas,271,0,0,,true,,,,,,,,10/18/22
10158494,house,house,289000,forsale,6870,installed,2022,,gas,,4,1363,,,,,,,,2,1,10/18/22
10158489,apartment,groundfloor,298000,forsale,1853,,1971,good,gas,355,2,,,,,true,,,,,,10/18/22
10158488,apartment,apartment,279000,forsale,2630,installed,1979,,gas,233,2,,,,,,,,2,1,,10/18/22
10158487,house,townhouse,995000,forsale,1150,hyperequipped,1954,torenovate,,439,6,322,,true,165,true,,,1,2,,10/18/22
10158485,house,countrycottage,825000,forsale,1702,semiequipped,1963,torenovate,fueloil,824,4,9143,,true,,,,,1,,,10/18/22
9921619,apartment,apartment,255000,forsale,7700,installed,,justrenovated,gas,277,4,,,true,,true,,,,,,10/18/22
10140524,house,house,1140000,forsale,1950,usasemiequipped,1958,good,gas,376,5,645,,,410,true,,,2,1,,10/18/22
10140582,house,villa,1585000,forsale,1180,installed,1963,good,gas,,5,833,,true,689,true,true,true,3,2,,10/18/22
10140523,house,villa,1890000,forsale,1950,usahyperequipped,1956,asnew,gas,343,6,1400,,true,1200,true,true,,1,2,,10/18/22
10145617,house,house,265000,forsale,8500,installed,,good,electric,348,2,385,,,,true,,,1,2,,10/18/22
10145662,house,house,395000,forsale,9120,hyperequipped,1973,asnew,gas,276,3,315,,,200,true,,,1,2,,10/18/22
10145323,house,villa,495000,forsale,1380,usasemiequipped,1958,tobedoneup,fueloil,529,2,797,true,true,572,true,true,,1,2,,10/18/22
10146012,house,house,795000,forsale,1040,hyperequipped,1910,tobedoneup,,281,6,150,,,65,true,,,,,,10/18/22
10147462,house,house,230000,forsale,4500,notinstalled,,torenovate,fueloil,470,4,597,,true,,,,,3,,,10/18/22
10148187,house,house,571000,forsale,3051,installed,2022,,gas,,3,293,,,,,true,,,2,,10/18/22
10152953,house,house,240000,forsale,6791,notinstalled,,torenovate,,337,5,325,,true,,,,,2,,,10/18/22
10153141,house,house,250000,forsale,4100,semiequipped,,justrenovated,fueloil,507,5,278,,true,120,true,,,1,,,10/18/22
10153805,house,house,280000,forsale,4500,installed,,,fueloil,310,4,250,,true,200,true,,,,,,10/18/22
10154278,house,house,320000,forsale,1420,hyperequipped,,justrenovated,gas,166,2,225,true,true,60,true,,,1,1,,10/18/22
10153371,house,house,365000,forsale,8560,hyperequipped,,asnew,gas,108,3,246,true,,185,,,,1,,,10/18/22
10153112,house,villa,735000,forsale,9470,installed,1995,good,fueloil,192,5,1870,,true,,,true,true,6,3,,10/18/22
9983908,house,house,149500,forsale,7370,usainstalled,,good,gas,243,3,210,,true,,,,,,,,10/18/22
9954502,house,house,169000,forsale,4031,semiequipped,,torenovate,,482,4,150,,true,50,,,,1,,,10/18/22
9938070,house,house,175000,forsale,9630,,1930,tobedoneup,gas,,2,147,,true,,,,,,,,10/18/22
10054327,house,house,195000,forsale,1470,notinstalled,,torenovate,,606,3,350,,true,,,,,1,,,10/18/22
10054326,house,house,195000,forsale,1471,notinstalled,,torenovate,,606,3,350,,true,,,,,1,,,10/18/22
10106920,house,house,195000,forsale,1480,semiequipped,,torenovate,gas,356,2,200,,true,,true,,,,,,10/18/22
10061945,house,house,219000,forsale,4550,semiequipped,,good,pellet,401,3,1045,,,723,true,,,,,,10/18/22
9972758,house,house,240000,forsale,9770,,1932,torenovate,electric,1038,3,896,,true,,,,,,,,10/18/22
10112608,house,mixedusebuilding,245000,forsale,6680,,,good,fueloil,639,0,5,,true,,,true,,,10,,10/18/22
10112609,house,mixedusebuilding,245000,forsale,6900,,,good,fueloil,639,0,5,,true,,,true,,,10,,10/18/22
10100217,house,countrycottage,249000,forsale,6890,,1997,,gas,402,2,1066,,,,,,,,,,10/18/22
9958559,house,villa,270000,forsale,9750,,1946,good,gas,313,4,371,,,,,,,,,,10/18/22
9987437,house,house,274500,forsale,4540,installed,,good,gas,464,3,2059,,true,1850,true,,,1,1,,10/18/22
10116426,house,house,275000,forsale,8791,,1934,tobedoneup,gas,1038,3,750,,,,,,,3,,,10/18/22
10072898,house,chalet,295000,forsale,6666,,1972,,electric,930,3,5904,,,,true,,,,,,10/18/22
10158496,house,house,249000,forsale,4000,installed,,good,gas,298,3,0,,true,270,true,,,1,,,10/18/22
10158495,house,apartmentblock,660000,forsale,4000,installed,,good,gas,271,0,0,,true,,,,,,,,10/18/22
10158494,house,house,289000,forsale,6870,installed,2022,,gas,,4,1363,,,,,,,,2,1,10/18/22
10158489,apartment,groundfloor,298000,forsale,1853,,1971,good,gas,355,2,,,,,true,,,,,,10/18/22
10158488,apartment,apartment,279000,forsale,2630,installed,1979,,gas,233,2,,,,,,,,2,1,,10/18/22
10158487,house,townhouse,995000,forsale,1150,hyperequipped,1954,torenovate,,439,6,322,,true,165,true,,,1,2,,10/18/22
10158485,house,countrycottage,825000,forsale,1702,semiequipped,1963,torenovate,fueloil,824,4,9143,,true,,,,,1,,,10/18/22
9921619,apartment,apartment,255000,forsale,7700,installed,,justrenovated,gas,277,4,,,true,,true,,,,,,10/18/22
10039834,house,house,300000,forsale,6927,,1964,tobedoneup,fueloil,405,4,1334,,true,,,,,,,,10/18/22
10129592,house,house,315500,forsale,9600,installed,2021,good,,,3,234,,,,true,,,,1,,10/18/22
9965329,house,house,349000,forsale,1700,installed,1967,justrenovated,gas,,2,235,,true,,,,,,,,10/18/22
9965328,house,house,349000,forsale,1703,installed,1967,justrenovated,gas,,2,235,,true,,,,,1,2,,10/18/22
9963174,house,house,349000,forsale,4000,installed,,good,,406,4,200,,true,,true,,,,,,10/18/22
9970494,house,mixedusebuilding,350000,forsale,8930,semiequipped,1946,tobedoneup,,330,4,617,,,,true,true,,1,,,10/18/22
10124417,house,house,359000,forsale,3840,semiequipped,1975,tobedoneup,gas,638,3,986,,true,,true,true,,1,,,10/18/22
10104576,house,house,360000,forsale,8500,,,asnew,gas,151,4,191,true,true,90,,true,,,,,10/18/22
9968094,house,house,379000,forsale,4053,installed,,good,fueloil,450,2,340,,true,100,true,,,1,4,,10/18/22
9853498,house,house,385000,forsale,1831,,1938,asnew,,441,4,297,true,true,130,true,,,,,,10/18/22
10098726,house,house,389000,forsale,8020,,2008,good,gas,126,4,380,,,,true,,,1,,,10/18/22
9981636,house,house,390000,forsale,1850,,1930,justrenovated,gas,747,3,324,,,,,true,,,,,10/18/22
10120351,house,house,394500,forsale,2660,,1930,asnew,,172,4,130,,true,50,,true,,,,,10/18/22
10008704,house,house,395000,forsale,6860,,1850,justrenovated,fueloil,206,3,331,,true,,true,,,,,,10/18/22
10008578,house,house,395000,forsale,6860,,1850,justrenovated,fueloil,206,3,331,,true,,true,,,,,,10/18/22
9903944,house,house,395000,forsale,9700,,1962,good,fueloil,581,3,770,,true,,,true,,,,,10/18/22
10121698,house,house,399000,forsale,5030,,2012,good,gas,238,4,567,,,475,true,,,2,3,,10/18/22
9953961,house,house,400000,forsale,6680,,,justrenovated,gas,116,3,1200,,,,true,true,,,,,10/18/22
9854908,house,countrycottage,410000,forsale,6800,,1850,,fueloil,447,5,7194,,true,,,true,,,,,10/18/22
10123234,house,house,430000,forsale,1850,,1930,good,gas,379,4,650,,,,,,,,,,10/18/22
10107052,house,house,440000,forsale,3080,installed,1967,asnew,electric,,3,0,,true,,,,,,,,10/18/22
10047368,house,mixedusebuilding,475000,forsale,8310,semiequipped,,asnew,gas,443,4,787,,,565,true,,,1,2,,10/18/22
10037449,house,mansion,480000,forsale,9000,installed,,tobedoneup,gas,453,4,145,,,,true,,,,,,10/18/22
10037448,house,mansion,480000,forsale,9050,installed,,tobedoneup,gas,453,4,145,,,,true,,,,,,10/18/22
10125492,house,house,485000,forsale,2980,installed,1963,tobedoneup,,946,3,1406,,,1128,true,true,,,,,10/18/22
10094657,house,house,549000,forsale,6792,,2010,,fueloil,183,4,1230,,,,true,,,2,1,,10/18/22
10086414,house,villa,549000,forsale,8020,,1956,tobedoneup,,368,5,1008,,true,576,,,true,1,3,,10/18/22
9939850,house,house,695000,forsale,4500,installed,,good,pellet,153,7,9538,,true,,true,,,1,8,,10/18/22
9903920,house,house,695000,forsale,9700,,1962,good,fueloil,581,6,1307,,true,,,true,,,,,10/18/22
10124196,house,apartmentblock,715000,forsale,1050,,1918,torenovate,gas,778,3,210,,true,,,,,,,,10/18/22
10158496,house,house,249000,forsale,4000,installed,,good,gas,298,3,0,,true,270,true,,,1,,,10/18/22
10158495,house,apartmentblock,660000,forsale,4000,installed,,good,gas,271,0,0,,true,,,,,,,,10/18/22
10158494,house,house,289000,forsale,6870,installed,2022,,gas,,4,1363,,,,,,,,2,1,10/18/22
10158489,apartment,groundfloor,298000,forsale,1853,,1971,good,gas,355,2,,,,,true,,,,,,10/18/22
10158488,apartment,apartment,279000,forsale,2630,installed,1979,,gas,233,2,,,,,,,,2,1,,10/18/22
10158487,house,townhouse,995000,forsale,1150,hyperequipped,1954,torenovate,,439,6,322,,true,165,true,,,1,2,,10/18/22
10158485,house,countrycottage,825000,forsale,1702,semiequipped,1963,torenovate,fueloil,824,4,9143,,true,,,,,1,,,10/18/22
9921619,apartment,apartment,255000,forsale,7700,installed,,justrenovated,gas,277,4,,,true,,true,,,,,,10/18/22
9980150,house,house,740000,forsale,1410,,1975,tobedoneup,fueloil,319,6,724,,,,true,true,,1,,,10/18/22
10000483,house,villa,760000,forsale,9990,hyperequipped,1976,asnew,fueloil,164,3,4085,,,2850,,,,1,5,,10/18/22
9979789,house,villa,780000,forsale,1320,,2003,,fueloil,216,4,4400,,,,,true,,,,,10/18/22
10017793,house,house,849000,forsale,1640,,1974,,gas,253,6,518,,true,,,true,,,,,10/18/22
10006252,house,apartmentblock,850000,forsale,1210,,1918,,gas,324,3,207,,,,true,,,,,,10/18/22
10004843,house,apartmentblock,945000,forsale,1170,,1930,torenovate,gas,516,0,129,,true,,,,,,,,10/18/22
10004736,house,exceptionalproperty,949000,forsale,4500,installed,,good,fueloil,176,5,3429,,true,1936,true,true,true,,10,,10/18/22
10085512,house,house,1150000,forsale,1050,,1918,tobedoneup,gas,233,5,302,,true,45,,,,,,,10/18/22
10024330,house,villa,1395000,forsale,3910,installed,1989,asnew,gas,171,5,8843,,,,,,,5,,,10/18/22
10092387,house,castle,1450000,forsale,6700,,1850,,fueloil,434,12,4000,,true,,,,,,,,10/18/22
10046043,house,house,1450000,forsale,6833,,1934,,fueloil,153,14,2680,,true,,true,,,,,,10/18/22
10023710,house,house,1850000,forsale,1180,hyperequipped,2020,asnew,gas,,4,1100,,,,true,true,,2,2,,10/18/22
9947460,house,villa,2755000,forsale,8300,,2003,asnew,,193,5,937,,true,,true,true,true,1,1,,10/18/22
9510195,house,exceptionalproperty,2950000,forsale,2000,installed,,asnew,gas,665,7,696,,true,200,true,,,1,2,,10/18/22
10044710,house,house,399000,forsale,1800,usainstalled,1971,good,gas,434,4,374,,true,200,true,,,,,,10/18/22
10132284,house,villa,820000,forsale,1970,hyperequipped,1976,torenovate,gas,438,7,764,,true,400,true,true,,1,1,,10/18/22
10132669,house,countrycottage,845000,forsale,1410,hyperequipped,1832,good,gas,340,3,1625,true,true,,true,,,2,1,,10/18/22
10134117,house,house,980000,forsale,1040,hyperequipped,1936,good,,295,6,190,,true,50,true,,,1,,,10/18/22
10139361,house,house,175000,forsale,5070,semiequipped,,torenovate,fueloil,557,3,0,,,,true,,,,2,,10/18/22
10138561,house,house,285000,forsale,2850,installed,1966,asnew,gas,230,3,70,,,,true,,,1,,,10/18/22
9995294,house,villa,300000,forsale,1350,installed,2021,,gas,111,3,609,true,,500,true,,,,2,1,10/18/22
9972943,house,villa,300000,forsale,1350,installed,2022,,gas,111,3,617,true,,500,true,,,,2,1,10/18/22
10139271,house,house,459000,forsale,2660,hyperequipped,,good,gas,234,6,279,,,,true,,,,2,,10/18/22
10140189,house,house,579000,forsale,3080,usahyperequipped,,asnew,gas,356,3,0,,true,30,true,true,,,,,10/18/22
10140180,house,villa,690000,forsale,6210,,1985,asnew,electric,286,4,2667,,true,2667,true,true,,2,5,,10/18/22
10138808,house,mixedusebuilding,1090000,forsale,1060,usahyperequipped,,good,gas,1240,5,0,,,,,,,,,,10/18/22
10144184,house,house,125000,forsale,4280,notinstalled,1800,torenovate,wood,613,6,294,true,true,,,true,,,2,,10/18/22
10143923,house,house,149900,forsale,6041,notinstalled,1900,torenovate,gas,458,4,120,true,true,,true,,,,,,10/18/22
10144505,house,house,395000,forsale,7850,installed,1971,justrenovated,fueloil,205,3,423,,true,203,true,,,2,2,,10/18/22
9944400,house,mixedusebuilding,485000,forsale,1800,usainstalled,1918,good,gas,198,6,230,,true,56,,true,,2,,,10/18/22
10158496,house,house,249000,forsale,4000,installed,,good,gas,298,3,0,,true,270,true,,,1,,,10/18/22
10158495,house,apartmentblock,660000,forsale,4000,installed,,good,gas,271,0,0,,true,,,,,,,,10/18/22
10158494,house,house,289000,forsale,6870,installed,2022,,gas,,4,1363,,,,,,,,2,1,10/18/22
10158489,apartment,groundfloor,298000,forsale,1853,,1971,good,gas,355,2,,,,,true,,,,,,10/18/22
10158488,apartment,apartment,279000,forsale,2630,installed,1979,,gas,233,2,,,,,,,,2,1,,10/18/22
10158487,house,townhouse,995000,forsale,1150,hyperequipped,1954,torenovate,,439,6,322,,true,165,true,,,1,2,,10/18/22
10158485,house,countrycottage,825000,forsale,1702,semiequipped,1963,torenovate,fueloil,824,4,9143,,true,,,,,1,,,10/18/22
9921619,apartment,apartment,255000,forsale,7700,installed,,justrenovated,gas,277,4,,,true,,true,,,,,,10/18/22
10144366,house,house,600000,forsale,8500,installed,,good,gas,267,4,129,true,,,,,,1,,,10/18/22
10149139,house,house,95000,forsale,6060,notinstalled,1903,torenovate,gas,600,3,120,true,true,,true,,,1,1,,10/18/22
10151185,house,house,110000,forsale,4460,,,torenovate,carbon,468,3,0,,,,,,,,,,10/18/22
10149202,house,house,120500,forsale,7802,semiequipped,,torenovate,fueloil,644,2,340,,true,,,,,1,,,10/18/22
10148813,house,villa,285000,forsale,3350,installed,1940,torenovate,fueloil,1901,3,1433,true,true,1150,true,true,true,1,3,,10/18/22
10151214,house,house,319000,forsale,4540,installed,,good,gas,349,2,1615,,true,715,true,,,2,,,10/18/22
10151236,house,house,365000,forsale,9000,semiequipped,,tobedoneup,gas,274,4,96,,true,,true,,,1,,,10/18/22
10151186,house,house,469000,forsale,9100,,,,gas,148,3,313,,,,,,,,,,10/18/22
10155529,house,house,189000,forsale,8800,installed,1960,good,gas,254,5,185,true,true,,,,,,,,10/18/22
9869191,house,townhouse,359000,forsale,2180,installed,1965,asnew,gas,283,3,195,true,true,100,,,,,,,10/18/22
10156693,house,house,529000,forsale,1910,installed,2013,good,gas,120,3,428,,,,true,true,,,3,,10/18/22
10127698,house,villa,759000,forsale,8200,installed,1960,,gas,266,5,813,,true,,true,,,1,,,10/18/22
10155503,house,apartmentblock,900000,forsale,1160,installed,1955,good,gas,,7,233,,,130,true,,,,,,10/18/22
10131187,house,house,155000,forsale,8930,semiequipped,,tobedoneup,gas,383,3,96,,,,true,,,,,,10/18/22
10131091,house,house,290000,forsale,5150,semiequipped,,,wood,493,4,990,,,,true,true,,4,4,,10/18/22
10130199,house,apartmentblock,380000,forsale,4500,semiequipped,1961,good,gas,110,5,0,true,true,,true,,,,,,10/18/22
10130923,house,house,429000,forsale,2100,installed,2019,good,gas,83,3,0,,,75,true,,,1,,,10/18/22
10130966,house,exceptionalproperty,555000,forsale,2800,installed,,justrenovated,gas,244,3,140,,,75,true,,,1,,,10/18/22
10130193,house,house,1100000,forsale,1040,usahyperequipped,1908,justrenovated,gas,511,5,270,,true,160,true,,,,1,,10/18/22
10136143,house,bungalow,185000,forsale,4100,,,good,gas,447,2,193,,,,true,,,2,,,10/18/22
10136021,house,house,199000,forsale,9130,installed,,justrenovated,gas,,2,90,,,,true,,,,,,10/18/22
10137862,house,house,249000,forsale,9100,installed,,good,gas,230,3,130,,true,,true,,,,,,10/18/22
10136974,house,house,339000,forsale,9600,,1959,tobedoneup,gas,537,4,0,,,,true,,,2,,,10/18/22
10136072,house,countrycottage,785000,forsale,1380,usahyperequipped,1976,asnew,fueloil,339,3,2600,,,,true,,true,2,2,,10/18/22
10136465,house,castle,1750000,forsale,7000,installed,1920,good,fueloil,467,6,87264,true,true,87000,true,true,true,6,20,,10/18/22
10140810,house,house,199000,forsale,6040,installed,,good,gas,161,5,100,true,true,,true,true,,1,,,10/18/22
9643608,house,villa,295000,forsale,6110,semiequipped,1956,good,fueloil,368,4,722,true,true,604,true,true,,1,1,,10/18/22
10142052,house,house,299000,forsale,8500,hyperequipped,,asnew,gas,146,2,130,true,true,60,,,,,,,10/18/22
10141776,house,house,335000,forsale,4530,semiequipped,1850,asnew,,185,4,1526,,,,true,,,,,,10/18/22
10140849,house,house,375000,forsale,1490,semiequipped,1900,good,fueloil,279,4,590,,true,,true,,,,2,,10/18/22
10158496,house,house,249000,forsale,4000,installed,,good,gas,298,3,0,,true,270,true,,,1,,,10/18/22
10158495,house,apartmentblock,660000,forsale,4000,installed,,good,gas,271,0,0,,true,,,,,,,,10/18/22
10158494,house,house,289000,forsale,6870,installed,2022,,gas,,4,1363,,,,,,,,2,1,10/18/22
10158489,apartment,groundfloor,298000,forsale,1853,,1971,good,gas,355,2,,,,,true,,,,,,10/18/22
10158488,apartment,apartment,279000,forsale,2630,installed,1979,,gas,233,2,,,,,,,,2,1,,10/18/22
10158487,house,townhouse,995000,forsale,1150,hyperequipped,1954,torenovate,,439,6,322,,true,165,true,,,1,2,,10/18/22
10158485,house,countrycottage,825000,forsale,1702,semiequipped,1963,torenovate,fueloil,824,4,9143,,true,,,,,1,,,10/18/22
9921619,apartment,apartment,255000,forsale,7700,installed,,justrenovated,gas,277,4,,,true,,true,,,,,,10/18/22
10142463,house,townhouse,377000,forsale,2830,installed,1966,good,gas,431,3,585,,,,,,,5,2,,10/18/22
10141830,house,apartmentblock,695000,forsale,1040,semiequipped,1920,,gas,340,4,192,,,,,,,1,,,10/18/22
10145820,house,house,249000,forsale,1360,installed,,good,fueloil,288,3,176,,,176,true,,,,,,10/18/22
10147019,house,house,185000,forsale,6953,installed,,good,fueloil,276,4,277,,,,true,,,,1,,10/18/22
10147646,house,house,268000,forsale,9041,installed,,torenovate,,593,4,233,,,,,,,,,,10/18/22
10148111,house,house,309000,forsale,2170,hyperequipped,,good,gas,203,4,125,,,,true,,,,1,,10/18/22
10148102,house,house,320000,forsale,1421,hyperequipped,,justrenovated,gas,166,2,225,true,true,60,true,,,1,1,,10/18/22
10148174,house,house,350000,forsale,9600,installed,2011,,,150,3,0,,,,,,,,,,10/18/22
10147282,house,house,630000,forsale,3090,usahyperequipped,1970,justrenovated,gas,381,4,643,true,true,350,true,true,,,,,10/18/22
10147728,house,exceptionalproperty,700000,forsale,5030,installed,,good,fueloil,424,8,5428,true,true,5000,true,,true,2,10,,10/18/22
10147498,house,villa,797500,forsale,9890,installed,1992,,,304,5,1488,,,,true,true,true,,,,10/18/22
10147183,house,villa,2475000,forsale,1380,installed,2007,asnew,fueloil,166,6,12910,,true,,,true,,2,10,,10/18/22
10153101,house,house,219000,forsale,9680,,,torenovate,fueloil,792,3,770,,true,,,,,,,,10/18/22
10154117,house,townhouse,369000,forsale,8800,installed,2004,asnew,gas,112,3,315,,,,true,,,2,,,10/18/22
10152950,house,house,390000,forsale,1180,hyperequipped,1958,,fueloil,441,3,144,,,50,,,,1,,,10/18/22
10043854,house,villa,447000,forsale,3300,installed,1985,torenovate,electric,352,3,786,,,300,true,,,1,1,,10/18/22
10152605,house,house,849000,forsale,2340,installed,1999,good,gas,175,4,2828,true,true,1750,true,true,,2,6,,10/18/22
10152008,house,villa,3400000,forsale,1180,hyperequipped,1989,asnew,gas,,5,1250,,true,1000,true,true,,2,,,10/18/22
9860602,house,house,40000,forsale,4400,semiequipped,,tobedoneup,gas,454,2,2200,,true,,,,,4,,,10/18/22
9704950,house,house,69999,forsale,6150,semiequipped,1930,torenovate,gas,818,2,275,,,130,true,,,,,,10/18/22
9688620,house,house,79000,forsale,7100,semiequipped,1900,tobedoneup,gas,506,2,73,true,true,,true,,,,,,10/18/22
9708795,house,house,89999,forsale,6020,installed,1950,torenovate,fueloil,539,2,345,,,240,true,,,,,,10/18/22
9768243,house,house,89999,forsale,6030,semiequipped,1970,good,electric,286,2,202,,,,true,,,1,,,10/18/22
9696868,house,house,99000,forsale,7141,semiequipped,1850,good,gas,249,1,251,true,true,110,true,true,,,,,10/18/22
10062930,house,chalet,99500,forsale,5540,semiequipped,1982,good,gas,802,2,378,,,280,,,,1,3,,10/18/22
9763346,house,house,99999,forsale,6001,notinstalled,1830,tobedoneup,gas,354,3,210,true,,90,true,,,,,,10/18/22
9570128,house,house,99999,forsale,6060,installed,1902,torenovate,pellet,595,2,475,,,66,true,,,1,1,,10/18/22
9704949,house,house,99999,forsale,6150,notinstalled,1930,torenovate,gas,495,2,885,true,true,570,true,,,1,,,10/18/22
10091083,house,house,105000,forsale,4540,notinstalled,,torenovate,,518,3,155,,,,true,,,,2,,10/18/22
10005944,house,house,109000,forsale,4030,semiequipped,,torenovate,gas,578,2,94,,true,40,,,,,,,10/18/22
10158496,house,house,249000,forsale,4000,installed,,good,gas,298,3,0,,true,270,true,,,1,,,10/18/22
10158495,house,apartmentblock,660000,forsale,4000,installed,,good,gas,271,0,0,,true,,,,,,,,10/18/22
10158494,house,house,289000,forsale,6870,installed,2022,,gas,,4,1363,,,,,,,,2,1,10/18/22
10158489,apartment,groundfloor,298000,forsale,1853,,1971,good,gas,355,2,,,,,true,,,,,,10/18/22
10158488,apartment,apartment,279000,forsale,2630,installed,1979,,gas,233,2,,,,,,,,2,1,,10/18/22
10158487,house,townhouse,995000,forsale,1150,hyperequipped,1954,torenovate,,439,6,322,,true,165,true,,,1,2,,10/18/22
10158485,house,countrycottage,825000,forsale,1702,semiequipped,1963,torenovate,fueloil,824,4,9143,,true,,,,,1,,,10/18/22
9921619,apartment,apartment,255000,forsale,7700,installed,,justrenovated,gas,277,4,,,true,,true,,,,,,10/18/22
10062954,house,house,109000,forsale,4032,notinstalled,,torenovate,gas,713,3,108,true,true,,,,,2,2,,10/18/22
9002845,house,house,109000,forsale,6020,semiequipped,1900,good,fueloil,405,3,155,,,59,true,,,,,,10/18/22
9948770,house,house,109000,forsale,6200,semiequipped,,good,gas,727,3,70,true,true,,true,,,,,,10/18/22
9667164,house,house,109999,forsale,6224,installed,1990,good,gas,194,3,100,,true,,,true,,,,,10/18/22
9919918,house,house,115000,forsale,6630,notinstalled,,torenovate,electric,548,2,700,,,,,,,2,,,10/18/22
9954503,house,house,119000,forsale,4680,semiequipped,,justrenovated,fueloil,396,1,63,,true,,,,,1,,,10/18/22
9792738,house,house,119000,forsale,6020,installed,1950,good,fueloil,483,5,55,true,true,,,true,,,,,10/18/22
9859777,house,house,119999,forsale,6061,semiequipped,1900,tobedoneup,gas,536,2,347,true,true,174,true,true,,,,,10/18/22
9844519,house,house,119999,forsale,6180,semiequipped,1950,tobedoneup,gas,462,3,313,true,,200,,,,,,,10/18/22
10042999,house,house,120000,forsale,6200,hyperequipped,,good,gas,474,3,180,true,true,130,true,,,,,,10/18/22
10056085,house,house,124999,forsale,6000,semiequipped,1938,tobedoneup,gas,209,3,205,,true,200,true,,,,,,10/18/22
9991382,house,house,124999,forsale,6150,installed,1950,tobedoneup,gas,375,2,89,true,,,true,,,1,,,10/18/22
10029495,house,house,125000,forsale,6230,semiequipped,1900,torenovate,gas,555,3,0,true,true,,true,,,1,1,,10/18/22
10053608,house,house,125000,forsale,9255,semiequipped,1930,tobedoneup,fueloil,741,2,211,,,,true,true,,,,,10/18/22
9984994,house,house,129000,forsale,4500,semiequipped,,good,gas,332,4,225,,true,70,true,,,1,,,10/18/22
9333019,house,house,129000,forsale,6031,notinstalled,1950,tobedoneup,gas,357,4,139,true,true,44,true,,,,,,10/18/22
9821882,house,house,129000,forsale,6440,installed,2010,good,fueloil,236,3,350,,true,89,true,,true,,1,,10/18/22
9999598,house,house,129000,forsale,6953,installed,,torenovate,gas,410,2,500,,true,,,,,,,,10/18/22
9745040,house,house,129999,forsale,6030,semiequipped,1903,tobedoneup,fueloil,576,3,810,,,570,true,,,1,,,10/18/22
9671500,house,house,130000,forsale,7100,semiequipped,,good,gas,568,2,145,true,true,,true,,,,,,10/18/22
10126332,house,house,134999,forsale,5070,semiequipped,1951,torenovate,fueloil,337,4,197,true,,,,,,,,,10/18/22
9668643,house,house,134999,forsale,6040,installed,1900,tobedoneup,gas,499,3,204,,true,85,true,,,1,,,10/18/22
9843204,house,house,135000,forsale,4030,semiequipped,,torenovate,gas,495,4,60,,true,,,,,,,,10/18/22
9866247,house,house,135000,forsale,4030,notinstalled,,torenovate,electric,618,2,101,,true,,true,,,,,,10/18/22
9892344,house,house,135000,forsale,4040,semiequipped,,tobedoneup,gas,532,3,246,,true,100,true,,,,1,,10/18/22
9680868,house,house,139999,forsale,6061,installed,1900,tobedoneup,fueloil,418,5,100,,,11,true,,,,,,10/18/22
10001543,house,house,140000,forsale,1400,semiequipped,,torenovate,gas,319,2,40,,true,,true,,,,,,10/18/22
10084601,house,house,145000,forsale,4040,,,tobedoneup,gas,439,3,90,,true,20,true,,,,,,10/18/22
10023889,house,house,145000,forsale,7110,semiequipped,1954,torenovate,gas,486,3,145,,true,,true,,,,,,10/18/22
9860544,house,house,149000,forsale,4031,semiequipped,,good,gas,201,3,143,,true,80,true,,,,,,10/18/22
10158496,house,house,249000,forsale,4000,installed,,good,gas,298,3,0,,true,270,true,,,1,,,10/18/22
10158495,house,apartmentblock,660000,forsale,4000,installed,,good,gas,271,0,0,,true,,,,,,,,10/18/22
10158494,house,house,289000,forsale,6870,installed,2022,,gas,,4,1363,,,,,,,,2,1,10/18/22
10158489,apartment,groundfloor,298000,forsale,1853,,1971,good,gas,355,2,,,,,true,,,,,,10/18/22
10158488,apartment,apartment,279000,forsale,2630,installed,1979,,gas,233,2,,,,,,,,2,1,,10/18/22
10158487,house,townhouse,995000,forsale,1150,hyperequipped,1954,torenovate,,439,6,322,,true,165,true,,,1,2,,10/18/22
10158485,house,countrycottage,825000,forsale,1702,semiequipped,1963,torenovate,fueloil,824,4,9143,,true,,,,,1,,,10/18/22
9921619,apartment,apartment,255000,forsale,7700,installed,,justrenovated,gas,277,4,,,true,,true,,,,,,10/18/22
10129852,house,house,149000,forsale,8500,semiequipped,,good,gas,419,2,100,,true,,true,,,,,,10/18/22
9846456,house,apartmentblock,149999,forsale,6030,semiequipped,1940,torenovate,gas,236,6,182,true,true,30,,true,,2,,,10/18/22
9667162,house,house,149999,forsale,6060,installed,1940,good,gas,472,2,182,true,,105,true,,,,,,10/18/22
9797258,house,house,149999,forsale,6150,semiequipped,1930,torenovate,gas,495,4,1160,true,,700,true,,,,,,10/18/22
9297191,house,house,149999,forsale,6224,installed,1970,good,fueloil,309,3,298,true,,175,true,,,,,,10/18/22
9436790,house,house,149999,forsale,7170,semiequipped,1920,tobedoneup,pellet,509,2,250,true,true,85,true,,,,,,10/18/22
10121885,house,house,150000,forsale,8520,semiequipped,,torenovate,gas,553,3,618,,true,,,,,,,,10/18/22
10129550,house,house,155000,forsale,8530,notinstalled,2021,tobedoneup,,,3,210,,,,,,,,,,10/18/22
9880890,house,house,159999,forsale,6040,semiequipped,1950,torenovate,gas,502,2,380,true,,60,true,,,1,,,10/18/22
9387539,house,house,159999,forsale,6040,usainstalled,1900,good,gas,348,2,500,,true,320,true,true,,,2,,10/18/22
8844691,house,house,159999,forsale,6040,installed,1905,good,gas,314,4,125,true,true,,true,true,,,,,10/18/22
10118984,house,house,160000,forsale,5140,semiequipped,,good,fueloil,534,4,550,,true,,,,,1,,,10/18/22
9635642,house,house,161000,forsale,4101,notinstalled,,tobedoneup,gas,612,3,0,,,98,true,,,1,,,10/18/22
9977074,house,house,165000,forsale,6870,usasemiequipped,,good,fueloil,267,3,229,true,true,,,,,,,,10/18/22
9708794,house,house,165000,forsale,7170,installed,1900,tobedoneup,gas,478,4,330,true,true,195,true,,,,,,10/18/22
9881706,house,house,169000,forsale,4020,semiequipped,,tobedoneup,gas,378,4,0,,true,,true,,,,,,10/18/22
9870078,house,house,169000,forsale,6001,semiequipped,,good,fueloil,292,3,150,true,true,75,true,,,,,,10/18/22
9316562,house,house,169000,forsale,6061,semiequipped,1900,tobedoneup,gas,493,3,644,true,true,300,true,,,1,2,,10/18/22
10004732,house,house,170000,forsale,4500,semiequipped,,good,fueloil,443,2,489,,,270,true,,,,,,10/18/22
10105622,house,house,170000,forsale,5537,notinstalled,1960,torenovate,fueloil,675,2,1092,true,true,900,true,,,2,8,,10/18/22
9977580,house,house,170000,forsale,6747,semiequipped,,good,fueloil,452,2,155,,true,,,,,,,,10/18/22
10029655,house,mixedusebuilding,175000,forsale,4500,notinstalled,,torenovate,gas,451,0,207,,true,32,true,true,,,,,10/18/22
9922563,house,house,175000,forsale,7370,semiequipped,,good,fueloil,332,3,1507,,true,1423,,,,1,,,10/18/22
10002704,house,house,179000,forsale,4000,,,good,gas,378,3,117,,true,60,true,,,,,,10/18/22
10030197,house,house,179000,forsale,4020,semiequipped,,good,gas,604,2,254,,true,,true,,,2,2,,10/18/22
9670494,house,house,179000,forsale,4400,installed,,good,gas,432,3,240,,true,120,,,,,,,10/18/22
9999599,house,house,179000,forsale,6953,installed,,torenovate,gas,448,2,1000,,,,,,,1,,,10/18/22
9502356,house,house,179000,forsale,7100,semiequipped,1950,tobedoneup,gas,447,5,260,true,true,100,true,true,,,,,10/18/22
9745039,house,house,179000,forsale,7170,installed,1900,good,gas,284,2,286,true,true,286,true,true,,1,,,10/18/22
9624419,house,house,179999,forsale,6042,installed,1950,good,gas,273,5,210,true,true,55,true,true,,,,,10/18/22
10158496,house,house,249000,forsale,4000,installed,,good,gas,298,3,0,,true,270,true,,,1,,,10/18/22
10158495,house,apartmentblock,660000,forsale,4000,installed,,good,gas,271,0,0,,true,,,,,,,,10/18/22
10158494,house,house,289000,forsale,6870,installed,2022,,gas,,4,1363,,,,,,,,2,1,10/18/22
10158489,apartment,groundfloor,298000,forsale,1853,,1971,good,gas,355,2,,,,,true,,,,,,10/18/22
10158488,apartment,apartment,279000,forsale,2630,installed,1979,,gas,233,2,,,,,,,,2,1,,10/18/22
10158487,house,townhouse,995000,forsale,1150,hyperequipped,1954,torenovate,,439,6,322,,true,165,true,,,1,2,,10/18/22
10158485,house,countrycottage,825000,forsale,1702,semiequipped,1963,torenovate,fueloil,824,4,9143,,true,,,,,1,,,10/18/22
9921619,apartment,apartment,255000,forsale,7700,installed,,justrenovated,gas,277,4,,,true,,true,,,,,,10/18/22
9678690,house,townhouse,179999,forsale,6200,installed,1990,good,gas,255,2,410,,,250,true,,,1,,,10/18/22
9797597,house,house,180000,forsale,6221,semiequipped,,torenovate,gas,421,2,220,,true,,,,,,,,10/18/22
10122922,house,house,180000,forsale,6224,semiequipped,,tobedoneup,fueloil,468,4,464,,true,,,,,1,,,10/18/22
10075347,house,house,180000,forsale,6224,semiequipped,,torenovate,fueloil,520,3,490,,true,400,,,,2,,,10/18/22
9887733,house,house,180000,forsale,7802,notinstalled,,torenovate,fueloil,695,3,880,,true,770,,,,1,,,10/18/22
10129884,house,house,180000,forsale,8930,semiequipped,,good,gas,254,2,75,,,,true,,,,,,10/18/22
9772711,house,house,184999,forsale,6200,installed,1930,good,gas,492,3,118,,,,,,,,,,10/18/22
10066222,house,house,185000,forsale,6250,installed,,justrenovated,gas,652,3,349,,true,,,,,,2,,10/18/22
10032914,house,house,188000,forsale,6880,installed,,good,fueloil,396,3,175,,true,,,,,,,,10/18/22
10058375,house,house,189000,forsale,6852,semiequipped,,torenovate,fueloil,313,6,1510,,true,,,,,1,2,,10/18/22
10102967,house,house,189000,forsale,7110,semiequipped,,tobedoneup,fueloil,371,3,642,,true,482,true,true,,1,,,10/18/22
9408390,house,house,189000,forsale,7160,semiequipped,1950,good,gas,482,2,530,true,true,264,true,true,,1,2,,10/18/22
9772712,house,house,189999,forsale,6150,installed,1895,good,gas,387,3,650,,,490,true,,,,,,10/18/22
10069934,house,house,190000,forsale,6250,semiequipped,,tobedoneup,fueloil,770,2,590,,true,,true,,,2,,,10/18/22
10050278,house,house,195000,forsale,5580,notinstalled,1936,torenovate,fueloil,629,5,1310,,true,,true,,,1,3,,10/18/22
10097960,house,house,199000,forsale,4100,installed,,good,gas,392,3,150,,true,,,,,1,,,10/18/22
9914465,house,mixedusebuilding,199000,forsale,4160,semiequipped,,good,fueloil,467,3,368,,true,,true,,,3,,,10/18/22
10046365,house,house,199000,forsale,4340,notinstalled,,torenovate,fueloil,449,4,1220,,true,,,,,1,,,10/18/22
10083794,house,mixedusebuilding,199000,forsale,6001,installed,,good,electric,398,2,495,,,460,true,true,,,,,10/18/22
9983444,house,apartmentblock,199000,forsale,6230,semiequipped,,good,gas,670,2,325,,,200,,,,1,,,10/18/22
9729471,house,house,199000,forsale,7134,installed,2011,good,gas,156,3,413,true,,413,true,,,1,2,,10/18/22
10096749,house,house,199000,forsale,7160,installed,,good,pellet,352,3,357,,,280,true,true,,,,,10/18/22
10113375,house,house,199000,forsale,9000,semiequipped,,torenovate,gas,560,2,111,,true,,,,,,,,10/18/22
10084038,house,house,199999,forsale,6042,installed,1900,good,gas,377,6,150,,,,true,,,,,,10/18/22
9657003,house,apartmentblock,200000,forsale,6760,notinstalled,,torenovate,fueloil,248,2,95,,true,,,,,,,,10/18/22
9657002,house,mixedusebuilding,200000,forsale,6760,notinstalled,,torenovate,fueloil,248,2,95,,true,,,,,,,,10/18/22
10054106,house,house,205000,forsale,6790,installed,,tobedoneup,electric,675,2,134,true,true,,,true,,1,,,10/18/22
10057045,house,house,210000,forsale,2223,semiequipped,1947,,fueloil,766,2,896,,,,,,,1,2,,10/18/22
10002705,house,house,215000,forsale,4040,semiequipped,1956,,fueloil,481,2,652,,true,400,true,,,,2,,10/18/22
10158496,house,house,249000,forsale,4000,installed,,good,gas,298,3,0,,true,270,true,,,1,,,10/18/22
10158495,house,apartmentblock,660000,forsale,4000,installed,,good,gas,271,0,0,,true,,,,,,,,10/18/22
10158494,house,house,289000,forsale,6870,installed,2022,,gas,,4,1363,,,,,,,,2,1,10/18/22
10158489,apartment,groundfloor,298000,forsale,1853,,1971,good,gas,355,2,,,,,true,,,,,,10/18/22
10158488,apartment,apartment,279000,forsale,2630,installed,1979,,gas,233,2,,,,,,,,2,1,,10/18/22
10158487,house,townhouse,995000,forsale,1150,hyperequipped,1954,torenovate,,439,6,322,,true,165,true,,,1,2,,10/18/22
10158485,house,countrycottage,825000,forsale,1702,semiequipped,1963,torenovate,fueloil,824,4,9143,,true,,,,,1,,,10/18/22
9921619,apartment,apartment,255000,forsale,7700,installed,,justrenovated,gas,277,4,,,true,,true,,,,,,10/18/22
10097482,house,house,215000,forsale,4317,semiequipped,,good,fueloil,389,3,817,,true,500,,,,1,,,10/18/22
9911608,house,house,215000,forsale,6670,semiequipped,,good,fueloil,307,3,1040,,,,,,,1,,,10/18/22
10104367,house,house,219000,forsale,2850,installed,,torenovate,gas,492,3,447,,,310,,,,,,,10/18/22
9990336,house,house,219000,forsale,4500,installed,,justrenovated,pellet,267,2,317,,true,,true,,,,,,10/18/22
9624420,house,house,219999,forsale,6536,installed,1950,good,fueloil,302,3,420,true,true,420,true,,,1,,,10/18/22
9647571,house,house,220000,forsale,7110,installed,,good,fueloil,673,3,630,true,true,,true,,,,,,10/18/22
10082324,house,house,220000,forsale,8501,installed,1955,tobedoneup,,327,3,200,,,115,,,,,,,10/18/22
9995391,house,house,225000,forsale,4630,installed,,tobedoneup,fueloil,733,2,377,,,70,,,,1,8,,10/18/22
9972637,house,house,229000,forsale,4530,semiequipped,,good,pellet,493,2,1550,,,1150,true,,,1,,,10/18/22
10112656,house,house,229999,forsale,6240,installed,1972,good,fueloil,234,4,500,true,true,67,true,,,1,1,,10/18/22
9967227,house,house,230000,forsale,6791,semiequipped,,good,fueloil,391,3,340,,true,,,,,1,,,10/18/22
9591678,house,house,234999,forsale,6240,installed,1956,good,fueloil,173,7,1016,true,true,550,true,,,1,2,,10/18/22
10085717,house,house,235000,forsale,2830,installed,,good,gas,703,3,75,,true,,true,,,,,,10/18/22
9911607,house,house,235000,forsale,6670,semiequipped,,good,fueloil,297,4,699,,true,,,,,2,,,10/18/22
10111288,house,house,238000,forsale,9000,semiequipped,,torenovate,gas,475,4,69,,,,,,,,,,10/18/22
10080668,house,house,239000,forsale,3400,semiequipped,1959,torenovate,fueloil,395,4,0,,,,,,,1,,,10/18/22
10121545,house,house,239000,forsale,4000,semiequipped,,justrenovated,gas,290,3,138,,true,,,,,,2,,10/18/22
9374782,house,apartmentblock,239000,forsale,7100,installed,2010,asnew,electric,277,4,103,true,,,,,,,2,,10/18/22
10070515,house,house,243000,forsale,9300,installed,1911,asnew,gas,388,2,100,,,,,,,,,,10/18/22
10120356,house,house,245000,forsale,2020,,,tobedoneup,gas,535,3,103,,true,,,,,,,,10/18/22
10024025,house,house,245000,forsale,4537,installed,,good,gas,400,3,469,,,350,true,,,,,,10/18/22
10113204,house,house,245000,forsale,9160,,1935,torenovate,,929,2,146,,,,,,,,,,10/18/22
10106923,house,house,249000,forsale,2880,installed,1978,torenovate,gas,348,4,245,,,,true,,,1,,,10/18/22
10121357,house,house,249000,forsale,4420,installed,,good,gas,329,4,125,,true,,true,,,,,,10/18/22
10100358,house,mixedusebuilding,249000,forsale,4500,installed,,good,gas,394,2,206,,true,,,true,,,,,10/18/22
10044701,house,house,249000,forsale,6040,semiequipped,,good,gas,705,1,1578,,,,true,,,2,2,,10/18/22
10119131,house,house,249000,forsale,9140,installed,,good,gas,357,2,80,,,,true,,,,,,10/18/22
9972023,house,house,250000,forsale,4300,,1937,good,,424,3,495,,true,,,,,,1,,10/18/22
10123937,house,house,250000,forsale,8530,usahyperequipped,,good,gas,212,4,145,true,true,,true,true,,1,,,10/18/22
10024026,house,house,255000,forsale,4537,installed,,good,fueloil,400,3,450,,,350,true,,,,2,,10/18/22
10158496,house,house,249000,forsale,4000,installed,,good,gas,298,3,0,,true,270,true,,,1,,,10/18/22
10158495,house,apartmentblock,660000,forsale,4000,installed,,good,gas,271,0,0,,true,,,,,,,,10/18/22
10158494,house,house,289000,forsale,6870,installed,2022,,gas,,4,1363,,,,,,,,2,1,10/18/22
10158489,apartment,groundfloor,298000,forsale,1853,,1971,good,gas,355,2,,,,,true,,,,,,10/18/22
10158488,apartment,apartment,279000,forsale,2630,installed,1979,,gas,233,2,,,,,,,,2,1,,10/18/22
10158487,house,townhouse,995000,forsale,1150,hyperequipped,1954,torenovate,,439,6,322,,true,165,true,,,1,2,,10/18/22
10158485,house,countrycottage,825000,forsale,1702,semiequipped,1963,torenovate,fueloil,824,4,9143,,true,,,,,1,,,10/18/22
9921619,apartment,apartment,255000,forsale,7700,installed,,justrenovated,gas,277,4,,,true,,true,,,,,,10/18/22
10006979,house,house,259000,forsale,2830,installed,,good,gas,177,2,149,,true,,,,,1,1,,10/18/22
10042296,house,house,259000,forsale,4400,installed,2009,good,gas,239,3,278,,,,true,,,2,,,10/18/22
10104307,house,bungalow,259000,forsale,6238,usasemiequipped,1975,good,gas,226,2,1135,,,1000,,true,,2,2,,10/18/22
9971624,house,house,260000,forsale,4051,semiequipped,,torenovate,fueloil,412,6,2195,,true,2100,true,,,1,,,10/18/22
10041895,house,house,265000,forsale,9300,installed,1899,good,gas,254,3,250,,,152,true,,,,,,10/18/22
10106008,house,house,269000,forsale,5580,installed,,good,fueloil,183,5,243,,,,true,true,,,,,10/18/22
9775637,house,house,275000,forsale,4020,,,torenovate,gas,323,5,0,,true,240,true,,,,,,10/18/22
9805602,house,villa,275000,forsale,6150,installed,1986,good,pellet,391,3,2527,true,,280,true,true,,,,,10/18/22
9978289,house,house,275000,forsale,6680,installed,1992,good,fueloil,404,3,975,,,,,,,1,,,10/18/22
9749766,house,mixedusebuilding,279000,forsale,1560,notinstalled,1919,torenovate,gas,766,0,128,true,,,,,,,,,10/18/22
10113196,house,house,279000,forsale,4340,semiequipped,,,fueloil,617,4,1365,,true,830,true,true,,1,4,,10/18/22
9960599,house,house,279000,forsale,4400,installed,,good,gas,416,3,464,,true,,,,,2,,,10/18/22
9991383,house,mixedusebuilding,279000,forsale,7140,hyperequipped,1900,good,gas,313,3,450,true,true,120,true,true,,1,,,10/18/22
10107481,house,house,279900,forsale,6890,hyperequipped,2004,,fueloil,216,5,821,true,,700,true,,,,2,,10/18/22
10118938,house,house,280000,forsale,5377,,2006,,wood,847,3,1238,,true,,true,,,,,,10/18/22
9812868,house,house,280000,forsale,6670,installed,2021,,gas,54,3,949,,true,,,,,1,,,10/18/22
10020641,house,house,285000,forsale,7170,installed,,justrenovated,gas,141,4,480,,true,400,true,,,,,,10/18/22
10117149,house,house,285000,forsale,9120,installed,,good,gas,510,3,213,,,74,true,,,,2,,10/18/22
10120684,house,house,287000,forsale,8500,installed,1968,good,gas,389,2,0,,,40,true,,,1,1,,10/18/22
10113725,house,apartmentblock,295000,forsale,2800,semiequipped,,torenovate,gas,519,3,141,,true,20,,,,,,,10/18/22
10113722,house,house,295000,forsale,2800,semiequipped,,torenovate,gas,519,2,141,,true,20,,,,,,,10/18/22
10045146,house,house,295000,forsale,6706,notinstalled,,torenovate,fueloil,575,3,302,,true,,,,,1,,,10/18/22
9962449,house,house,295000,forsale,7322,semiequipped,,good,fueloil,469,3,1930,,true,,true,,,1,1,,10/18/22
10056511,house,house,295000,forsale,9300,installed,1971,good,gas,223,4,210,,,101,true,,,,,,10/18/22
10119164,house,house,297000,forsale,2880,semiequipped,1950,good,gas,476,2,0,,,40,true,,,,,,10/18/22
9996433,house,house,298000,forsale,8930,installed,1972,justrenovated,gas,249,3,237,,,,true,,,,2,,10/18/22
9830096,house,house,299000,forsale,4340,semiequipped,,good,electric,269,4,148,,true,,,,,,2,,10/18/22
10087263,house,mixedusebuilding,299000,forsale,4480,installed,,justrenovated,gas,625,3,455,,,,true,,,,,,10/18/22
9847550,house,house,299000,forsale,4837,,2010,,gas,300,3,0,,,130,true,true,,1,1,,10/18/22
10037671,house,house,299000,forsale,9320,semiequipped,1959,torenovate,gas,676,4,982,,,800,true,,,1,3,,10/18/22
10158496,house,house,249000,forsale,4000,installed,,good,gas,298,3,0,,true,270,true,,,1,,,10/18/22
10158495,house,apartmentblock,660000,forsale,4000,installed,,good,gas,271,0,0,,true,,,,,,,,10/18/22
10158494,house,house,289000,forsale,6870,installed,2022,,gas,,4,1363,,,,,,,,2,1,10/18/22
10158489,apartment,groundfloor,298000,forsale,1853,,1971,good,gas,355,2,,,,,true,,,,,,10/18/22
10158488,apartment,apartment,279000,forsale,2630,installed,1979,,gas,233,2,,,,,,,,2,1,,10/18/22
10158487,house,townhouse,995000,forsale,1150,hyperequipped,1954,torenovate,,439,6,322,,true,165,true,,,1,2,,10/18/22
10158485,house,countrycottage,825000,forsale,1702,semiequipped,1963,torenovate,fueloil,824,4,9143,,true,,,,,1,,,10/18/22
9921619,apartment,apartment,255000,forsale,7700,installed,,justrenovated,gas,277,4,,,true,,true,,,,,,10/18/22
9531530,house,mixedusebuilding,299999,forsale,6000,installed,1950,justrenovated,gas,314,4,320,,,,true,true,,,,,10/18/22
10080284,house,house,300000,forsale,1350,installed,,good,gas,282,5,583,,true,,true,,true,,4,,10/18/22
8548971,house,house,300000,forsale,1400,notinstalled,1875,good,gas,,3,167,,true,,true,,,,,,10/18/22
10061454,house,bungalow,309000,forsale,4130,usahyperequipped,1967,justrenovated,fueloil,391,4,808,,true,700,true,,,,2,,10/18/22
10118172,house,house,312000,forsale,6791,installed,,good,gas,317,3,430,,,400,true,,,1,,,10/18/22
10056587,house,house,315000,forsale,2870,installed,1918,good,gas,145,2,214,,true,,true,,,1,,,10/18/22
9955025,house,house,319000,forsale,4120,installed,,good,electric,494,4,1221,,true,,true,,,,,,10/18/22
10028339,house,house,319000,forsale,6150,installed,,good,fueloil,410,4,2100,true,true,1980,true,true,,1,7,,10/18/22
10068880,house,house,320000,forsale,1390,installed,,tobedoneup,fueloil,356,3,642,true,,,true,true,,1,,,10/18/22
10037024,house,house,320000,forsale,6780,semiequipped,2002,,gas,322,1,198,,,,true,,,1,,,10/18/22
9989066,house,house,320000,forsale,6922,installed,,tobedoneup,fueloil,335,3,2152,,,,true,true,,,1,,10/18/22
10105037,house,house,320000,forsale,9180,installed,1975,torenovate,fueloil,667,3,677,,,,,,,1,3,,10/18/22
10125510,house,house,325000,forsale,1840,semiequipped,1965,tobedoneup,fueloil,774,3,698,,,,,,,1,2,,10/18/22
10104068,house,apartmentblock,325000,forsale,5000,semiequipped,1950,tobedoneup,gas,203,8,137,true,true,,,,,,,,10/18/22
9974363,house,house,329000,forsale,2890,installed,1982,good,gas,276,4,200,,true,,,,,3,,,10/18/22
10094531,house,house,329000,forsale,9000,semiequipped,,good,gas,216,2,61,,true,,,,,,,,10/18/22
9984160,house,house,330000,forsale,1400,semiequipped,,asnew,gas,382,4,230,,true,105,true,,,,1,,10/18/22
10098182,house,mixedusebuilding,330000,forsale,1861,installed,,tobedoneup,gas,767,2,141,,true,,true,,,,,,10/18/22
10023121,house,house,330000,forsale,1950,installed,1900,good,gas,459,2,115,,,55,true,true,,,,,10/18/22
9981941,house,countrycottage,340000,forsale,7950,installed,,good,fueloil,83408,1,2950,,,,true,,,1,,,10/18/22
9855430,house,house,345000,forsale,1315,installed,,good,fueloil,322,2,445,,true,,true,,,,1,,10/18/22
10063375,house,house,345000,forsale,3090,semiequipped,1850,good,gas,514,3,116,,true,,true,,,1,3,,10/18/22
10000466,house,house,345000,forsale,6720,installed,1950,good,fueloil,271,4,0,,,,true,,,4,,,10/18/22
9975917,house,house,349000,forsale,2801,installed,,good,gas,341,3,201,,,141,,,,,1,,10/18/22
10068002,house,house,349000,forsale,4340,,1985,asnew,,439,3,660,,true,,,,,1,1,,10/18/22
10127683,house,house,349000,forsale,9030,semiequipped,,justrenovated,gas,283,2,80,,,,,,,,,,10/18/22
9945331,house,house,349000,forsale,9041,semiequipped,,good,gas,244,3,196,,,,,,,,,,10/18/22
9310597,house,villa,350000,forsale,1340,semiequipped,1954,torenovate,fueloil,585,3,772,,true,,true,,,1,1,,10/18/22
9985472,house,house,350000,forsale,5332,installed,1900,good,fueloil,272,3,1495,true,,1200,true,,,,6,,10/18/22
9936741,house,house,359000,forsale,6860,installed,,asnew,gas,107,3,822,,,,true,,,,2,,10/18/22
10158496,house,house,249000,forsale,4000,installed,,good,gas,298,3,0,,true,270,true,,,1,,,10/18/22
10158495,house,apartmentblock,660000,forsale,4000,installed,,good,gas,271,0,0,,true,,,,,,,,10/18/22
10158494,house,house,289000,forsale,6870,installed,2022,,gas,,4,1363,,,,,,,,2,1,10/18/22
10158489,apartment,groundfloor,298000,forsale,1853,,1971,good,gas,355,2,,,,,true,,,,,,10/18/22
10158488,apartment,apartment,279000,forsale,2630,installed,1979,,gas,233,2,,,,,,,,2,1,,10/18/22
10158487,house,townhouse,995000,forsale,1150,hyperequipped,1954,torenovate,,439,6,322,,true,165,true,,,1,2,,10/18/22
10158485,house,countrycottage,825000,forsale,1702,semiequipped,1963,torenovate,fueloil,824,4,9143,,true,,,,,1,,,10/18/22
9921619,apartment,apartment,255000,forsale,7700,installed,,justrenovated,gas,277,4,,,true,,true,,,,,,10/18/22
10024140,house,house,369000,forsale,3090,semiequipped,1900,torenovate,gas,478,3,1799,,,1800,true,,,1,2,,10/18/22
10105039,house,house,369000,forsale,9040,installed,1955,good,gas,138,2,180,,,,,,,,,,10/18/22
10106544,house,house,369900,forsale,9930,installed,,good,fueloil,348,2,670,,,,,,,2,1,,10/18/22
10113846,house,house,375000,forsale,1030,semiequipped,1928,tobedoneup,gas,269,3,191,,true,116,true,,,,,,10/18/22
9902318,house,house,375000,forsale,4000,installed,,good,gas,269,4,0,,true,,true,,,1,1,,10/18/22
9947733,house,villa,375000,forsale,4577,installed,,good,fueloil,153,3,1433,,,600,true,,,,2,,10/18/22
9980039,house,house,375000,forsale,9000,installed,1899,,gas,628,5,61,,true,,,,,,,,10/18/22
10126886,house,apartmentblock,385000,forsale,1745,installed,1991,good,gas,218,2,184,,,65,true,,,,,,10/18/22
10108056,house,house,385000,forsale,5377,,1998,,wood,440,3,3155,,,,true,,,1,,,10/18/22
10060389,house,house,389000,forsale,4802,installed,,justrenovated,gas,269,5,260,,true,80,true,,,,,,10/18/22
9859112,house,apartmentblock,390000,forsale,5030,usainstalled,1937,good,gas,274,4,611,,true,50,,,,2,1,,10/18/22
10129717,house,house,395000,forsale,1495,semiequipped,,torestore,fueloil,524,6,2280,,true,,,,,1,5,,10/18/22
10115934,house,house,395000,forsale,1780,semiequipped,1947,tobedoneup,gas,277,4,243,,true,,,,,1,1,,10/18/22
9760098,house,house,395000,forsale,4020,,,good,fueloil,318,3,771,,,,true,true,,1,3,,10/18/22
10081205,house,house,399000,forsale,1070,usahyperequipped,1932,good,gas,390,4,106,true,true,50,,true,,,1,,10/18/22
10107414,house,house,399000,forsale,1460,hyperequipped,2004,asnew,gas,145,3,400,true,,300,true,,,1,2,,10/18/22
9691698,house,house,399000,forsale,4520,notinstalled,1849,torenovate,,,4,5610,true,true,5400,,,,1,,,10/18/22
10027617,house,house,399000,forsale,4600,installed,1985,tobedoneup,fueloil,,4,1223,,true,,true,,,1,,,10/18/22
10097529,house,house,399000,forsale,8570,installed,1992,good,electric,724,3,673,,,,true,,,,4,,10/18/22
9911757,house,house,400000,forsale,1495,installed,,good,fueloil,287,3,1376,,true,,true,,,,3,,10/18/22
9807853,house,apartmentblock,400000,forsale,6900,semiequipped,,good,fueloil,354,5,379,,,220,,true,,,2,,10/18/22
9962450,house,house,400000,forsale,7730,semiequipped,1997,good,fueloil,319,2,1132,,,1002,,,,1,1,,10/18/22
10098202,house,house,418500,forsale,1180,installed,,good,gas,314,3,163,,,99,true,,,,,,10/18/22
10127490,house,house,419000,forsale,2220,semiequipped,1961,,gas,406,2,235,,true,,true,,,,,,10/18/22
9983573,house,house,420000,forsale,8793,installed,,good,electric,286,5,247,,true,,,,,,,,10/18/22
9983563,house,mixedusebuilding,420000,forsale,8793,installed,,good,electric,286,5,247,,true,,,,,,,,10/18/22
10082175,house,house,429000,forsale,9230,installed,2019,,gas,69,3,292,,,,true,,,,,,10/18/22
10082174,house,house,429000,forsale,9230,installed,2019,,gas,69,3,292,,,,true,,,,,,10/18/22
10114015,house,house,429000,forsale,9520,installed,2020,,gas,52,3,475,,,300,true,,,,2,,10/18/22
10030756,house,house,430000,forsale,1650,usainstalled,1991,tobedoneup,gas,300,4,717,,true,475,true,,,,,,10/18/22
10158496,house,house,249000,forsale,4000,installed,,good,gas,298,3,0,,true,270,true,,,1,,,10/18/22
10158495,house,apartmentblock,660000,forsale,4000,installed,,good,gas,271,0,0,,true,,,,,,,,10/18/22
10158494,house,house,289000,forsale,6870,installed,2022,,gas,,4,1363,,,,,,,,2,1,10/18/22
10158489,apartment,groundfloor,298000,forsale,1853,,1971,good,gas,355,2,,,,,true,,,,,,10/18/22
10158488,apartment,apartment,279000,forsale,2630,installed,1979,,gas,233,2,,,,,,,,2,1,,10/18/22
10158487,house,townhouse,995000,forsale,1150,hyperequipped,1954,torenovate,,439,6,322,,true,165,true,,,1,2,,10/18/22
10158485,house,countrycottage,825000,forsale,1702,semiequipped,1963,torenovate,fueloil,824,4,9143,,true,,,,,1,,,10/18/22
9921619,apartment,apartment,255000,forsale,7700,installed,,justrenovated,gas,277,4,,,true,,true,,,,,,10/18/22
10115829,house,house,435000,forsale,2860,,1950,good,gas,362,2,769,,,,true,true,,8,3,,10/18/22
10046541,house,house,439000,forsale,1653,installed,1960,justrenovated,fueloil,576,3,0,,true,,true,,,1,1,,10/18/22
10014355,house,house,439000,forsale,2570,installed,,good,gas,136,3,202,,true,,,,,,,,10/18/22
10122983,house,house,445000,forsale,1730,semiequipped,1972,tobedoneup,gas,612,3,602,,true,200,true,,,3,2,,10/18/22
9979233,house,mixedusebuilding,450000,forsale,1020,semiequipped,1966,good,gas,391,2,385,,true,200,true,,,3,,,10/18/22
10103790,house,apartmentblock,450000,forsale,1080,semiequipped,1930,tobedoneup,gas,293,4,110,,,,true,,,,,,10/18/22
9411874,house,house,450000,forsale,1390,installed,1927,justrenovated,fueloil,661,4,879,true,true,,true,true,,1,4,,10/18/22
10106000,house,farmhouse,450000,forsale,6230,notinstalled,1850,torenovate,fueloil,463,4,3000,true,true,,,,,,10,,10/18/22
10033095,house,house,455000,forsale,9470,semiequipped,2000,good,gas,264,5,802,,,555,true,true,,1,,,10/18/22
10080203,house,house,465000,forsale,1190,semiequipped,,good,gas,220,5,87,,true,,true,,,,,,10/18/22
10106733,house,house,465000,forsale,8810,hyperequipped,2022,justrenovated,gas,193,3,502,,,320,,true,,,2,,10/18/22
10113904,house,house,469000,forsale,2222,semiequipped,2018,,gas,96,4,339,,,,,,,1,1,,10/18/22
10102056,house,house,470000,forsale,6120,installed,,good,fueloil,412,4,950,,true,,,,,1,,,10/18/22
10079785,house,house,475000,forsale,5140,semiequipped,,torenovate,fueloil,671,3,6484,,true,,,,,2,6,,10/18/22
10126385,house,house,475000,forsale,6792,notinstalled,2022,asnew,,70,5,244,,,90,true,,,1,2,,10/18/22
10114966,house,house,475000,forsale,6792,notinstalled,2022,asnew,,70,5,254,,,90,true,,,1,2,,10/18/22
10079857,house,villa,475000,forsale,8792,installed,2005,good,gas,246,4,600,,true,462,true,,,2,2,,10/18/22
9941960,house,house,480000,forsale,2520,installed,,justrenovated,gas,94,3,425,,true,,true,true,,,2,,10/18/22
10129633,house,villa,485000,forsale,1380,installed,,tobedoneup,fueloil,416,3,608,,true,280,true,,,3,,,10/18/22
10041466,house,villa,490000,forsale,3090,installed,1969,torenovate,gas,468,3,666,true,,320,true,,,1,2,,10/18/22
10050946,house,house,495000,forsale,1780,installed,1960,good,fueloil,518,3,542,,true,,true,,,1,1,,10/18/22
10104591,house,house,495000,forsale,2860,,1986,good,fueloil,388,4,683,,true,,true,,,4,4,,10/18/22
10099002,house,house,499000,forsale,1330,semiequipped,1967,tobedoneup,fueloil,472,4,1213,true,true,1060,true,true,,1,1,,10/18/22
10038307,house,house,510000,forsale,1850,,1918,tobedoneup,,686,6,612,,true,,,,,,,,10/18/22
10075281,house,house,519000,forsale,6700,hyperequipped,1996,tobedoneup,fueloil,203,5,1041,,,,true,,,2,,,10/18/22
10118407,house,house,525000,forsale,1780,installed,1949,good,gas,253,4,418,,,,true,,,1,,,10/18/22
10112021,house,house,530000,forsale,5100,usainstalled,2000,asnew,fueloil,124,5,1147,,true,900,true,,,1,2,,10/18/22
9748359,house,villa,530000,forsale,9991,installed,1953,,fueloil,510,3,991,,,,true,,,,4,,10/18/22
10037338,house,villa,539000,forsale,2830,installed,1985,good,gas,269,3,750,,true,12,true,,,4,2,,10/18/22
9951951,house,house,545000,forsale,1480,hyperequipped,1977,,fueloil,312,3,883,,,,,,,4,4,,10/18/22
10158496,house,house,249000,forsale,4000,installed,,good,gas,298,3,0,,true,270,true,,,1,,,10/18/22
10158495,house,apartmentblock,660000,forsale,4000,installed,,good,gas,271,0,0,,true,,,,,,,,10/18/22
10158494,house,house,289000,forsale,6870,installed,2022,,gas,,4,1363,,,,,,,,2,1,10/18/22
10158489,apartment,groundfloor,298000,forsale,1853,,1971,good,gas,355,2,,,,,true,,,,,,10/18/22
10158488,apartment,apartment,279000,forsale,2630,installed,1979,,gas,233,2,,,,,,,,2,1,,10/18/22
10158487,house,townhouse,995000,forsale,1150,hyperequipped,1954,torenovate,,439,6,322,,true,165,true,,,1,2,,10/18/22
10158485,house,countrycottage,825000,forsale,1702,semiequipped,1963,torenovate,fueloil,824,4,9143,,true,,,,,1,,,10/18/22
9921619,apartment,apartment,255000,forsale,7700,installed,,justrenovated,gas,277,4,,,true,,true,,,,,,10/18/22
10066349,house,villa,549000,forsale,9140,,1960,torenovate,fueloil,402,5,0,,true,,true,true,,1,5,,10/18/22
10066348,house,house,549000,forsale,9140,,1960,torenovate,fueloil,402,5,0,,true,,true,true,,1,5,,10/18/22
9873684,house,villa,550000,forsale,1300,semiequipped,1969,torenovate,fueloil,461,5,1622,,,,true,,true,2,6,,10/18/22
10126611,house,villa,550000,forsale,1421,,1979,tobedoneup,fueloil,277,3,1100,true,true,860,true,true,,2,4,,10/18/22
9748806,house,house,550000,forsale,4920,usainstalled,,good,fueloil,319,4,2108,,true,,,,,,6,,10/18/22
10055192,house,house,569000,forsale,3020,installed,1997,good,gas,273,4,1097,true,,470,true,,,1,3,,10/18/22
10094886,house,house,570000,forsale,1933,installed,1988,,electric,562,4,775,,true,450,,,,1,,,10/18/22
9888490,house,villa,575000,forsale,1325,,1978,tobedoneup,electric,318,4,1738,,true,,,,,1,,,10/18/22
10116726,house,house,575000,forsale,2300,installed,1993,asnew,gas,146,4,761,,,304,,,true,1,,,10/18/22
10118505,house,house,580000,forsale,9120,installed,2008,,gas,155,4,620,,,,true,,,,2,,10/18/22
9959837,house,apartmentblock,585000,forsale,1785,semiequipped,1990,tobedoneup,gas,100,5,190,,,,true,,,,,,10/18/22
10074084,house,mixedusebuilding,595000,forsale,1400,installed,1960,good,fueloil,231,6,2229,,true,,true,true,,6,4,,10/18/22
10073570,house,house,595000,forsale,1400,installed,1960,good,fueloil,231,6,2229,,true,,true,true,,6,4,,10/18/22
9968973,house,house,595000,forsale,1495,hyperequipped,1850,good,fueloil,382,3,2660,true,true,2400,true,,,1,2,,10/18/22
10120473,house,house,595000,forsale,1950,usahyperequipped,1952,asnew,gas,293,3,230,true,true,,true,,,1,1,,10/18/22
10074083,house,mixedusebuilding,595000,forsale,6230,installed,1960,good,fueloil,231,6,2229,,true,,true,true,,6,4,,10/18/22
10073554,house,house,595000,forsale,6230,installed,1960,good,fueloil,231,6,2229,,true,,true,true,,6,4,,10/18/22
10082569,house,villa,625000,forsale,1560,usahyperequipped,2003,good,gas,179,3,884,,,,true,true,,1,4,,10/18/22
9937426,house,house,645000,forsale,1150,usainstalled,1958,good,gas,353,3,182,,true,105,true,,,1,,,10/18/22
10126211,house,villa,645000,forsale,1420,hyperequipped,1994,good,gas,334,5,720,,,600,true,,,1,3,,10/18/22
10123023,house,mansion,649000,forsale,1880,installed,,good,gas,420,4,355,,true,,,,,2,,,10/18/22
10068675,house,house,649000,forsale,5030,usahyperequipped,1850,asnew,fueloil,206,3,2600,true,true,2000,true,,,2,1,,10/18/22
9990873,house,house,649000,forsale,5190,usahyperequipped,1850,asnew,fueloil,206,3,2600,true,true,2000,true,,,2,1,,10/18/22
9866365,house,mansion,650000,forsale,1800,installed,1930,good,gas,233,6,278,,true,140,true,,,1,,,10/18/22
10095454,house,house,685000,forsale,1410,hyperequipped,2014,asnew,pellet,91,4,140,true,,50,true,,,,1,,10/18/22
10100198,house,house,695000,forsale,1180,hyperequipped,1936,good,gas,308,5,280,,true,130,true,,,1,1,,10/18/22
9785305,house,exceptionalproperty,695000,forsale,1495,usahyperequipped,1984,good,fueloil,273,5,6122,,true,,true,,,2,20,,10/18/22
9626877,house,apartmentblock,715000,forsale,1200,usainstalled,1920,torenovate,electric,728,7,175,,,100,true,,,,,,10/18/22
10158496,house,house,249000,forsale,4000,installed,,good,gas,298,3,0,,true,270,true,,,1,,,10/18/22
10158495,house,apartmentblock,660000,forsale,4000,installed,,good,gas,271,0,0,,true,,,,,,,,10/18/22
10158494,house,house,289000,forsale,6870,installed,2022,,gas,,4,1363,,,,,,,,2,1,10/18/22
10158489,apartment,groundfloor,298000,forsale,1853,,1971,good,gas,355,2,,,,,true,,,,,,10/18/22
10158488,apartment,apartment,279000,forsale,2630,installed,1979,,gas,233,2,,,,,,,,2,1,,10/18/22
10158487,house,townhouse,995000,forsale,1150,hyperequipped,1954,torenovate,,439,6,322,,true,165,true,,,1,2,,10/18/22
10158485,house,countrycottage,825000,forsale,1702,semiequipped,1963,torenovate,fueloil,824,4,9143,,true,,,,,1,,,10/18/22
9921619,apartment,apartment,255000,forsale,7700,installed,,justrenovated,gas,277,4,,,true,,true,,,,,,10/18/22
10023706,house,house,720000,forsale,8490,installed,2010,good,,92,5,1623,,,,,,,,,,10/18/22
9637895,house,house,725000,forsale,1040,installed,1911,good,gas,327,7,74,true,,,true,true,,,,,10/18/22
10100816,house,villa,735000,forsale,2270,installed,1978,good,,403,4,1671,,,,true,,true,,,,10/18/22
9881304,house,house,740000,forsale,1082,usainstalled,1935,justrenovated,gas,200,7,132,true,true,45,true,,,1,,,10/18/22
10099091,house,house,745000,forsale,1030,usahyperequipped,1911,asnew,gas,241,4,180,true,true,76,true,true,,1,,,10/18/22
10036770,house,house,745000,forsale,1840,installed,1990,tobedoneup,gas,196,6,1795,,,,true,,,3,6,,10/18/22
10128396,house,villa,749000,forsale,1410,hyperequipped,1971,justrenovated,gas,302,4,582,true,,582,true,,,1,2,,10/18/22
10107469,house,villa,749000,forsale,1410,installed,1924,good,gas,272,3,765,true,true,600,true,,,1,2,,10/18/22
9811732,house,mixedusebuilding,750000,forsale,6660,hyperequipped,,asnew,fueloil,146,14,4500,,true,2673,true,true,,2,18,,10/18/22
10037019,house,house,785000,forsale,1380,usainstalled,1976,good,fueloil,339,3,2699,true,,,true,,true,2,4,,10/18/22
10128395,house,villa,785000,forsale,1410,installed,1975,good,fueloil,268,4,1350,,,1350,true,,,2,,,10/18/22
9970930,house,house,795000,forsale,1150,installed,1930,good,gas,510,4,265,true,true,147,true,,,,,,10/18/22
9934277,house,house,795000,forsale,1160,hyperequipped,1984,asnew,gas,203,3,220,,true,40,true,true,,,,,10/18/22
10126215,house,villa,795000,forsale,1640,hyperequipped,1958,good,gas,365,4,960,true,true,400,true,,,,3,,10/18/22
10057774,house,villa,798750,forsale,9300,hyperequipped,1995,good,gas,160,5,952,true,,200,true,true,true,2,6,,10/18/22
10103522,house,house,800000,forsale,1030,usahyperequipped,1916,asnew,fueloil,336,6,150,true,true,55,true,true,,,,,10/18/22
10009403,house,apartmentblock,800000,forsale,5000,notinstalled,1930,tobedoneup,gas,303,9,170,true,true,,true,,,,,,10/18/22
10101220,house,house,820000,forsale,5100,usahyperequipped,1940,asnew,fueloil,390,5,4210,true,true,3900,true,,true,1,1,,10/18/22
10126216,house,villa,825000,forsale,1410,installed,1966,good,gas,422,5,1433,,true,1433,true,,,2,2,,10/18/22
10096542,house,house,850000,forsale,1200,usahyperequipped,1987,asnew,gas,158,3,259,true,,140,true,true,,1,1,,10/18/22
9778362,house,house,890000,forsale,1785,installed,1941,good,gas,204,8,9812,,,,true,,,2,8,,10/18/22
9779872,house,house,895000,forsale,1380,usainstalled,2016,justrenovated,gas,149,6,2293,,true,,true,true,,,4,,10/18/22
10011232,house,villa,900000,forsale,1410,,1960,torenovate,gas,,6,2500,,true,2500,true,true,,2,5,,10/18/22
10001570,house,villa,900000,forsale,1410,installed,2002,asnew,gas,201,3,814,true,true,,,true,,1,,,10/18/22
10123714,house,apartmentblock,935000,forsale,1200,installed,1967,torenovate,gas,333,9,140,,true,50,true,,,1,2,,10/18/22
9953218,house,apartmentblock,960000,forsale,5060,semiequipped,1950,good,gas,436,17,898,,,,true,,,,,,10/18/22
9915060,house,house,995000,forsale,1150,semiequipped,1963,torenovate,electric,375,5,541,,,350,true,,,2,1,,10/18/22
9301626,house,villa,1080000,forsale,1560,hyperequipped,1939,good,fueloil,537,4,2500,true,true,1800,true,true,,2,6,,10/18/22
10042798,house,villa,1095000,forsale,8300,hyperequipped,2020,asnew,gas,139,4,423,true,,,true,,,1,2,,10/18/22
9510951,house,house,1100000,forsale,1000,hyperequipped,1930,asnew,gas,144,6,132,,true,50,true,true,,,,,10/18/22
10158496,house,house,249000,forsale,4000,installed,,good,gas,298,3,0,,true,270,true,,,1,,,10/18/22
10158495,house,apartmentblock,660000,forsale,4000,installed,,good,gas,271,0,0,,true,,,,,,,,10/18/22
10158494,house,house,289000,forsale,6870,installed,2022,,gas,,4,1363,,,,,,,,2,1,10/18/22
10158489,apartment,groundfloor,298000,forsale,1853,,1971,good,gas,355,2,,,,,true,,,,,,10/18/22
10158488,apartment,apartment,279000,forsale,2630,installed,1979,,gas,233,2,,,,,,,,2,1,,10/18/22
10158487,house,townhouse,995000,forsale,1150,hyperequipped,1954,torenovate,,439,6,322,,true,165,true,,,1,2,,10/18/22
10158485,house,countrycottage,825000,forsale,1702,semiequipped,1963,torenovate,fueloil,824,4,9143,,true,,,,,1,,,10/18/22
9921619,apartment,apartment,255000,forsale,7700,installed,,justrenovated,gas,277,4,,,true,,true,,,,,,10/18/22
10124083,house,house,1125000,forsale,1150,installed,1947,good,gas,470,6,334,true,true,150,true,,,1,2,,10/18/22
10024327,house,villa,1195000,forsale,2960,,1935,torenovate,fueloil,377,12,21150,,true,,true,true,,3,,,10/18/22
9978961,house,villa,1245000,forsale,1950,installed,1946,good,fueloil,185,6,1886,true,true,1200,true,true,,2,2,,10/18/22
9782165,house,apartmentblock,1295000,forsale,1000,installed,1910,tobedoneup,gas,184,7,190,true,true,85,true,true,,1,,,10/18/22
9857499,house,apartmentblock,1295000,forsale,1030,installed,1910,tobedoneup,gas,184,7,190,true,true,85,true,true,,1,,,10/18/22
10000765,house,house,1295000,forsale,1150,usahyperequipped,1974,asnew,gas,239,5,624,,,550,true,true,,1,1,,10/18/22
10117267,house,villa,1295000,forsale,3080,hyperequipped,1973,asnew,fueloil,152,4,1381,true,true,,true,true,,1,3,,10/18/22
10116365,house,villa,1320000,forsale,1410,hyperequipped,1832,good,gas,340,6,2079,true,true,,true,,,1,3,,10/18/22
10116572,house,house,1345000,forsale,8420,,1987,,gas,205,6,1796,,,,,,,,4,,10/18/22
9977022,house,house,1350000,forsale,8377,usahyperequipped,1984,good,,242,4,14690,,,14690,true,true,,2,8,,10/18/22
9938606,house,house,1375000,forsale,8300,usainstalled,2004,good,gas,131,5,145,,,,true,,,1,1,,10/18/22
9871018,house,house,1395000,forsale,1150,semiequipped,1969,good,fueloil,451,4,848,true,true,430,true,,,2,1,,10/18/22
9450425,house,house,1395000,forsale,1380,semiequipped,2000,good,fueloil,280,4,4132,true,true,3633,true,true,true,3,5,,10/18/22
10016028,house,house,1495000,forsale,1380,installed,1989,tobedoneup,fueloil,255,4,3918,true,true,3900,true,true,true,1,4,,10/18/22
9481708,house,apartmentblock,1499000,forsale,1050,semiequipped,1920,torenovate,gas,357,10,134,,true,,,,,,,,10/18/22
10126206,house,villa,1500000,forsale,1495,usahyperequipped,2007,asnew,fueloil,207,5,6885,,,6500,true,,true,10,10,,10/18/22
10010073,house,house,1550000,forsale,1040,hyperequipped,1925,tobedoneup,gas,387,4,390,true,true,245,true,,,1,,,10/18/22
9822726,house,house,1550000,forsale,1180,hyperequipped,,good,gas,329,7,459,,true,,true,true,,,,,10/18/22
9946157,house,exceptionalproperty,1650000,forsale,1390,installed,1976,asnew,fueloil,359,4,5857,,true,,true,true,true,1,,,10/18/22
9692640,house,villa,1795000,forsale,8300,installed,1988,justrenovated,gas,304,5,671,,,374,true,,true,1,3,,10/18/22
10099780,house,house,1850000,forsale,1050,usahyperequipped,1902,asnew,gas,325,4,555,true,true,400,true,true,,1,1,,10/18/22
10099781,house,house,1850000,forsale,1060,usahyperequipped,1902,asnew,gas,325,4,555,true,true,400,true,true,,1,1,,10/18/22
10099631,house,house,1850000,forsale,1180,usahyperequipped,1902,asnew,gas,325,4,555,true,true,400,true,true,,1,1,,10/18/22
10063008,house,exceptionalproperty,1860000,forsale,1180,hyperequipped,1895,asnew,fueloil,407,5,18000,,,,true,,,,,,10/18/22
9985938,house,house,1890000,forsale,1050,usahyperequipped,1911,good,gas,261,4,177,true,true,75,true,true,,,,,10/18/22
10125893,house,mansion,1960000,forsale,1050,hyperequipped,1890,asnew,gas,128,6,310,true,true,200,true,true,,,1,,10/18/22
9840581,house,house,1980000,forsale,1040,hyperequipped,1890,good,fueloil,603,7,565,,true,365,true,,,1,1,,10/18/22
10060099,house,mansion,2000000,forsale,9700,installed,,asnew,gas,145,4,410,,true,,true,,,2,,,10/18/22
9883258,house,mansion,2150000,forsale,1050,installed,1908,asnew,gas,144,5,140,,true,,true,true,,1,1,,10/18/22
9997886,house,villa,2175000,forsale,8300,usahyperequipped,,asnew,fueloil,289,4,366,,true,272,true,,,1,2,,10/18/22
10158496,house,house,249000,forsale,4000,installed,,good,gas,298,3,0,,true,270,true,,,1,,,10/18/22
10158495,house,apartmentblock,660000,forsale,4000,installed,,good,gas,271,0,0,,true,,,,,,,,10/18/22
10158494,house,house,289000,forsale,6870,installed,2022,,gas,,4,1363,,,,,,,,2,1,10/18/22
10158489,apartment,groundfloor,298000,forsale,1853,,1971,good,gas,355,2,,,,,true,,,,,,10/18/22
10158488,apartment,apartment,279000,forsale,2630,installed,1979,,gas,233,2,,,,,,,,2,1,,10/18/22
10158487,house,townhouse,995000,forsale,1150,hyperequipped,1954,torenovate,,439,6,322,,true,165,true,,,1,2,,10/18/22
10158485,house,countrycottage,825000,forsale,1702,semiequipped,1963,torenovate,fueloil,824,4,9143,,true,,,,,1,,,10/18/22
9921619,apartment,apartment,255000,forsale,7700,installed,,justrenovated,gas,277,4,,,true,,true,,,,,,10/18/22
10010112,house,mansion,2195000,forsale,1150,hyperequipped,1932,asnew,gas,258,7,533,,true,,true,true,,1,,,10/18/22
8418358,house,house,2450000,forsale,2018,usahyperequipped,1873,asnew,gas,255,6,266,,true,266,true,true,,,9,,10/18/22
10070098,house,villa,2850000,forsale,1420,,1969,asnew,fueloil,236,5,5007,true,true,,,,true,2,,,10/18/22
9970989,house,villa,3150000,forsale,1150,installed,1959,good,fueloil,268,7,2137,,true,,true,,true,2,2,,10/18/22
9902734,house,house,3200000,forsale,1380,hyperequipped,1971,asnew,fueloil,255,7,5168,true,true,4000,true,true,true,4,5,,10/18/22
7383345,house,exceptionalproperty,3380000,forsale,1150,hyperequipped,2005,asnew,gas,159,7,1390,true,true,,true,true,true,2,,,10/18/22
9956012,house,mansion,3450000,forsale,1050,installed,1930,good,gas,326,6,1250,true,true,,true,true,,2,2,,10/18/22
10037054,house,house,3475000,forsale,1640,hyperequipped,1989,asnew,gas,163,6,3500,,,,true,true,,3,6,,10/18/22
10080508,house,exceptionalproperty,3995000,forsale,1380,hyperequipped,1979,asnew,fueloil,243,4,8000,true,true,,true,true,true,2,2,,10/18/22
10078602,house,house,3995000,forsale,1380,usahyperequipped,1978,justrenovated,fueloil,243,4,8000,true,true,7650,true,true,true,2,6,,10/18/22
9720875,house,house,4300000,forsale,1150,installed,1960,torenovate,fueloil,467,8,11600,true,true,500,true,true,true,3,6,,10/18/22
10012809,house,villa,4395000,forsale,8300,usahyperequipped,,asnew,,168,6,664,,,664,true,,,1,4,,10/18/22
10010920,house,villa,4395000,forsale,8300,usahyperequipped,,justrenovated,gas,168,6,664,,,500,true,,,1,4,,10/18/22
9587042,house,exceptionalproperty,4950000,forsale,1060,hyperequipped,1968,asnew,gas,260,6,5000,,true,3500,true,true,true,4,10,,10/18/22
9758349,house,villa,5500000,forsale,1180,hyperequipped,1975,asnew,fueloil,267,6,5705,true,true,,true,true,,5,,,10/18/22
9219731,house,castle,8000000,forsale,3090,installed,1909,asnew,fueloil,402,12,500000,,true,1,true,,true,6,6,,10/18/22
10157537,house,house,449000,forsale,1301,installed,1974,,fueloil,532,4,0,,true,2440,true,true,,1,4,,10/18/22
10134744,house,house,260000,forsale,2660,,,good,gas,271,3,182,,true,100,,,,,,,10/18/22
10135211,house,house,310000,forsale,1480,,1930,,,279,2,315,,true,,true,,,1,1,,10/18/22
9947507,house,house,725000,forsale,9280,,1868,tobedoneup,,400,9,5951,,true,,true,,,1,,,10/18/22
10153004,house,house,336000,forsale,2500,installed,2021,,gas,,3,0,,,77,true,,,1,,1,10/18/22
10152995,house,house,336000,forsale,2500,installed,2021,,gas,,3,0,,,91,true,,,1,,1,10/18/22
10152998,house,house,384000,forsale,2500,installed,2021,,gas,,3,0,,,180,true,,,,1,1,10/18/22
10140037,house,chalet,79900,forsale,5540,installed,,,gas,624,2,214,,,,,,,,1,,10/18/22
10138838,house,house,149999,forsale,6031,installed,1923,good,fueloil,441,3,220,true,true,220,true,,,,1,,10/18/22
10139762,house,house,169500,forsale,4040,installed,,good,gas,622,2,141,,true,60,true,,,,,,10/18/22
10138857,house,house,219000,forsale,5540,semiequipped,,torenovate,fueloil,107827,6,1417,true,true,1417,true,,,1,,,10/18/22
9544948,house,house,249000,forsale,4500,usahyperequipped,2021,,gas,,3,236,,,156,,,,,,1,10/18/22
10138875,house,house,250000,forsale,8432,installed,,good,electric,768,5,351,,true,,,,,,1,,10/18/22
10138745,house,house,360000,forsale,7090,usasemiequipped,1940,good,,271,4,640,true,true,,,true,,,,,10/18/22
10158496,house,house,249000,forsale,4000,installed,,good,gas,298,3,0,,true,270,true,,,1,,,10/18/22
10158495,house,apartmentblock,660000,forsale,4000,installed,,good,gas,271,0,0,,true,,,,,,,,10/18/22
10158494,house,house,289000,forsale,6870,installed,2022,,gas,,4,1363,,,,,,,,2,1,10/18/22
10158489,apartment,groundfloor,298000,forsale,1853,,1971,good,gas,355,2,,,,,true,,,,,,10/18/22
10158488,apartment,apartment,279000,forsale,2630,installed,1979,,gas,233,2,,,,,,,,2,1,,10/18/22
10158487,house,townhouse,995000,forsale,1150,hyperequipped,1954,torenovate,,439,6,322,,true,165,true,,,1,2,,10/18/22
10158485,house,countrycottage,825000,forsale,1702,semiequipped,1963,torenovate,fueloil,824,4,9143,,true,,,,,1,,,10/18/22
9921619,apartment,apartment,255000,forsale,7700,installed,,justrenovated,gas,277,4,,,true,,true,,,,,,10/18/22
10125902,house,house,379000,forsale,1790,hyperequipped,2022,asnew,,20,3,298,true,,,true,,,,1,1,10/18/22
9926178,house,house,529000,forsale,1840,hyperequipped,1987,asnew,gas,243,4,442,true,,120,true,true,true,,,,10/18/22
10113187,house,exceptionalproperty,1450000,forsale,1040,usahyperequipped,2022,justrenovated,gas,92,5,441,,,120,true,,,,2,1,10/18/22
10157668,house,house,99000,forsale,6040,semiequipped,,tobedoneup,fueloil,475,3,353,,,300,true,,,,,1,10/18/22
10144226,house,house,135000,forsale,9620,semiequipped,,good,gas,666,2,50,true,true,,,,,,,,10/18/22
10144173,house,house,199000,forsale,8880,hyperequipped,,good,gas,115,3,120,,true,,true,,,,,,10/18/22
10143808,house,house,285000,forsale,9620,semiequipped,,tobedoneup,gas,401,2,60,true,true,,true,,,,,,10/18/22
10143813,house,house,349000,forsale,5360,,1995,tobedoneup,pellet,581,3,0,,true,,,,,2,4,,10/18/22
10106418,house,house,349000,forsale,8400,semiequipped,,good,gas,399,5,228,true,true,,true,,,1,,,10/18/22
10143609,house,house,349000,forsale,9300,hyperequipped,,asnew,gas,322,2,70,true,true,,,,,,,,10/18/22
10132581,house,house,350528,forsale,9800,usahyperequipped,2022,asnew,,,3,0,,,,true,,,,1,1,10/18/22
10132578,house,house,350528,forsale,9800,usahyperequipped,2022,asnew,,,3,0,,,,true,,,,1,1,10/18/22
10132579,house,house,385114,forsale,9800,usahyperequipped,2022,asnew,,,3,0,,,,true,,,,1,1,10/18/22
10132580,house,house,385121,forsale,9800,usahyperequipped,2022,asnew,,,3,0,,,,true,,,,1,1,10/18/22
10132577,house,house,399133,forsale,9800,usahyperequipped,2022,asnew,,,3,0,,,,true,,,,1,1,10/18/22
10132582,house,house,402910,forsale,9800,usahyperequipped,2022,asnew,,,3,0,,,,true,,,,1,1,10/18/22
10132583,house,house,406562,forsale,9800,usahyperequipped,2022,asnew,,,3,0,,,,true,,,,1,1,10/18/22
10132584,house,house,412542,forsale,9800,usahyperequipped,2022,asnew,,,3,0,,,,true,,,,1,1,10/18/22
10144013,house,house,499000,forsale,3360,installed,,good,electric,507,4,830,true,true,,true,,,,,,10/18/22
10143393,house,villa,649000,forsale,2960,installed,,good,gas,429,3,1448,true,,,true,,,1,1,,10/18/22
10143692,house,house,1795000,forsale,7850,hyperequipped,2006,tobedoneup,fueloil,190,4,4202,,true,,true,true,,2,5,,10/18/22
10146803,house,house,199000,forsale,9000,semiequipped,,tobedoneup,gas,489,2,0,,true,,,,,,,,10/18/22
10146505,house,house,295000,forsale,2870,installed,1946,justrenovated,gas,313,2,150,,,57,true,,,,,,10/18/22
10146741,house,villa,549000,forsale,1630,semiequipped,1961,torenovate,gas,551,3,1056,true,true,900,true,true,,2,2,,10/18/22
10150473,house,house,219000,forsale,9308,installed,1994,good,fueloil,390,3,188,,,,,,,1,,,10/18/22
10149864,house,house,250000,forsale,2660,,,good,,355,3,178,,true,48,,,,1,,,10/18/22
10149061,house,house,339000,forsale,9050,installed,1934,asnew,gas,394,2,69,true,true,,,,,,,,10/18/22
10151135,house,house,549000,forsale,8400,installed,2016,asnew,electric,143,3,59,,true,,true,true,,,,,10/18/22
10148715,house,house,849000,forsale,9820,usahyperequipped,1980,asnew,gas,221,4,1064,true,true,864,,true,,,2004,,10/18/22
10016299,house,villa,2200000,forsale,1180,hyperequipped,1989,asnew,gas,,5,1250,,true,1000,true,true,,2,,,10/18/22
10158560,apartment,apartment,388750,forsale,9220,hyperequipped,2022,,,,3,,,,111,true,,,,1,1,10/18/22
10158557,house,house,289000,forsale,6870,installed,2022,,gas,,4,1324,,,,true,,,,2,1,10/18/22
10158554,house,house,295000,forsale,8820,,,,,588,4,483,,true,,true,true,,2,,,10/18/22
10158500,apartmentgroup,apartmentgroup,357500-547500,forsale,1420,,,,,15,,,,,,,,,2,,1,10/18/22
10158498,house,house,138000,forsale,7600,,,tobedoneup,,,3,0,,,,,,,,,,10/18/22
10158496,house,house,249000,forsale,4000,installed,,good,gas,298,3,0,,true,270,true,,,1,,,10/18/22
10158495,house,apartmentblock,660000,forsale,4000,installed,,good,gas,271,0,0,,true,,,,,,,,10/18/22
10158494,house,house,289000,forsale,6870,installed,2022,,gas,,4,1363,,,,,,,,2,1,10/18/22
10156441,house,house,139500,forsale,8430,semiequipped,,torenovate,gas,794,2,93,,,,true,,,,,,10/18/22
10156985,house,house,325000,forsale,9620,,1973,torenovate,gas,1302,3,1866,,true,,true,,,1,,,10/18/22
10156345,house,house,349000,forsale,2530,,1924,justrenovated,gas,318,3,481,,true,350,,,,,1,,10/18/22
10156530,house,countrycottage,650000,forsale,7890,hyperequipped,,good,fueloil,193,6,3281,true,true,,true,true,,1,7,,10/18/22
10144772,house,house,725000,forsale,1300,usauninstalled,2022,justrenovated,,,4,1061,,,,,true,,,,1,10/18/22
10154774,house,house,790000,forsale,1050,hyperequipped,1903,good,gas,247,5,0,,true,,,,,,,,10/18/22
10154791,house,mansion,795000,forsale,1050,usasemiequipped,1887,good,gas,522.75,4,60,,true,,true,,,,,,10/18/22
10076998,house,house,655000,forsale,1160,usahyperequipped,1925,asnew,gas,171,5,0,true,true,50,,true,,,,,10/18/22
10151208,house,house,409000,forsale,9200,installed,2022,,gas,,3,210,,,,true,,,1,,1,10/18/22
10126333,house,house,159999,forsale,6181,semiequipped,1900,torenovate,,764,3,160,,,,true,,,,,,10/18/22
10136802,house,house,200000,forsale,6600,semiequipped,,good,,464,4,971,,,,,true,,1,,,10/18/22
10136431,house,house,308000,forsale,9950,hyperequipped,,asnew,gas,298,3,260,true,,,true,,,1,,,10/18/22
10136323,house,house,379000,forsale,9820,installed,1968,torenovate,fueloil,701,2,608,true,,498,true,,,1,4,,10/18/22
10136039,house,mansion,559000,forsale,1190,installed,1924,tobedoneup,gas,340,5,125,,true,30,true,,,,,,10/18/22
10136466,house,villa,725000,forsale,3090,hyperequipped,1972,tobedoneup,gas,352,5,1142,,,580,true,true,,2,2,,10/18/22
10141416,house,house,289000,forsale,7880,,1972,torenovate,fueloil,727,3,1972,,true,,,,,1,,,10/18/22
10141763,house,villa,499000,forsale,9660,hyperequipped,,asnew,fueloil,361,3,1235,true,,,true,,,1,1,,10/18/22
10140461,house,house,625000,forsale,9140,installed,,asnew,gas,196,4,0,true,,1200,true,,,1,,,10/18/22
10140460,house,house,625000,forsale,9150,installed,,asnew,gas,196,4,0,true,,1200,true,,,1,,,10/18/22
10142172,house,mansion,1090000,forsale,7000,,1909,justrenovated,fueloil,276,11,990,,true,700,true,true,,1,20,,10/18/22
10145345,house,house,155000,forsale,9600,notinstalled,1961,torenovate,gas,703,2,567,,,450,true,,,1,1,,10/18/22
10146158,house,house,445000,forsale,9050,,1937,justrenovated,gas,168,3,280,true,true,150,true,,,,,,10/18/22
10145566,house,house,595000,forsale,2600,usahyperequipped,1964,good,gas,300,6,450,,true,350,true,,,,,,10/18/22
10146069,house,villa,3250000,forsale,8300,usahyperequipped,2016,asnew,gas,120,4,0,,,,true,true,true,,1,,10/18/22
10147799,house,apartmentblock,1075000,forsale,1180,installed,1900,asnew,gas,,6,92,,true,,,,,,,,10/18/22
10154150,house,house,225000,forsale,1300,semiequipped,,torenovate,gas,371,3,90,,true,,true,,,,,,10/18/22
10152279,house,house,375000,forsale,9470,installed,1976,good,fueloil,339,3,690,true,true,,true,,,1,3,,10/18/22
10151998,house,house,443000,forsale,2812,,1977,torenovate,electric,824,3,1000,true,,800,true,,,1,3,,10/18/22
10152266,house,mansion,795000,forsale,1060,usasemiequipped,1887,good,gas,522.75,4,60,,true,,true,,,,,,10/18/22
10152475,house,house,849000,forsale,2801,hyperequipped,2005,asnew,gas,141,4,3284,true,,,true,true,true,,,,10/18/22
10158560,apartment,apartment,388750,forsale,9220,hyperequipped,2022,,,,3,,,,111,true,,,,1,1,10/18/22
10158557,house,house,289000,forsale,6870,installed,2022,,gas,,4,1324,,,,true,,,,2,1,10/18/22
10158554,house,house,295000,forsale,8820,,,,,588,4,483,,true,,true,true,,2,,,10/18/22
10158500,apartmentgroup,apartmentgroup,357500-547500,forsale,1420,,,,,15,,,,,,,,,2,,1,10/18/22
10158498,house,house,138000,forsale,7600,,,tobedoneup,,,3,0,,,,,,,,,,10/18/22
10158496,house,house,249000,forsale,4000,installed,,good,gas,298,3,0,,true,270,true,,,1,,,10/18/22
10158495,house,apartmentblock,660000,forsale,4000,installed,,good,gas,271,0,0,,true,,,,,,,,10/18/22
10158494,house,house,289000,forsale,6870,installed,2022,,gas,,4,1363,,,,,,,,2,1,10/18/22
10154000,house,apartmentblock,900000,forsale,5000,installed,,,gas,139,7,195,,true,,true,,,,,,10/18/22
10151660,house,house,1595000,forsale,1950,hyperequipped,,good,gas,73,6,1500,,true,1500,true,,,3,3,,10/18/22
10086996,house,house,80000,forsale,7860,semiequipped,1939,,,242,1,50,,true,,,,,,,,10/18/22
9939854,house,house,99000,forsale,4420,installed,,good,gas,196,1,42,,true,,true,,,,,,10/18/22
9888086,house,house,109500,forsale,4570,semiequipped,,torestore,,744,2,665,,,,,,,,,,10/18/22
10106614,house,house,125000,forsale,4540,semiequipped,,torenovate,,562,2,125,,true,95,true,,,,,,10/18/22
9867930,house,house,129999,forsale,6060,installed,1950,good,,570,3,120,true,true,,true,,,,1,,10/18/22
10118482,house,house,135000,forsale,4500,notinstalled,,torenovate,gas,361,3,620,,true,540,true,,,,1,,10/18/22
10002198,house,house,139000,forsale,4032,semiequipped,,tobedoneup,gas,534,2,255,,true,140,,,,1,,,10/18/22
10086706,house,house,159000,forsale,4500,installed,,good,gas,318,4,50,,true,,,,,,,,10/18/22
10121828,house,house,160000,forsale,7970,installed,,tobedoneup,pellet,287,2,147,,,,true,,,,,,10/18/22
10037191,house,house,160000,forsale,9600,semiequipped,,torenovate,gas,1255,2,423,,,,,,,1,,,10/18/22
9818267,house,house,169000,forsale,4102,installed,,good,gas,300,4,110,,true,,true,,,1,,,10/18/22
10116525,house,house,169000,forsale,7700,installed,1930,justrenovated,gas,358,3,394,,true,250,,,,,,,10/18/22
10089241,house,house,169500,forsale,9600,installed,,good,gas,,2,69,,true,,,,,,,,10/18/22
10113225,house,house,171000,forsale,8870,semiequipped,1930,torenovate,,324,3,113,,true,,true,,,,,,10/18/22
9651700,house,house,175000,forsale,6690,,1899,torestore,fueloil,350,4,434,,,,,true,,,,,10/18/22
10016540,house,house,189000,forsale,4460,semiequipped,,tobedoneup,gas,494,3,510,,true,360,true,,,1,,,10/18/22
9902592,house,mixedusebuilding,192000,forsale,8540,installed,,good,gas,50,2,100,,,,true,,,,,,10/18/22
9509038,house,house,195000,forsale,5002,semiequipped,,tobedoneup,fueloil,465,3,598,,true,,true,,,1,,,10/18/22
10118983,house,house,195000,forsale,5140,semiequipped,,good,fueloil,428,3,2214,,true,,,,,1,,,10/18/22
10120511,house,house,195000,forsale,7730,installed,,good,,300,4,220,,true,65,true,,,,1,,10/18/22
10121360,house,house,199000,forsale,4650,semiequipped,,good,,355,2,75,true,true,,true,true,,,,,10/18/22
10115684,house,house,199000,forsale,6840,notinstalled,1950,torenovate,,674,6,367,,,,,,,,3,,10/18/22
10086869,house,house,200000,forsale,7190,installed,,tobedoneup,gas,599,3,150,,true,,,,,,,,10/18/22
9863317,house,house,215000,forsale,5620,notinstalled,,torenovate,fueloil,342,4,2821,true,true,,,,,1,,,10/18/22
9854111,house,house,219000,forsale,4577,semiequipped,,good,pellet,383,4,242,,true,,true,,,2,,,10/18/22
9893529,house,house,240000,forsale,6792,notinstalled,,torenovate,fueloil,495,3,1010,,true,,,,,,,,10/18/22
10060673,house,house,249000,forsale,6791,,1900,,fueloil,482,3,223,,true,,,,,1,,,10/18/22
10092856,house,chalet,250000,forsale,6690,installed,,good,,336,2,992,,,,true,,,2,3,,10/18/22
10158560,apartment,apartment,388750,forsale,9220,hyperequipped,2022,,,,3,,,,111,true,,,,1,1,10/18/22
10158557,house,house,289000,forsale,6870,installed,2022,,gas,,4,1324,,,,true,,,,2,1,10/18/22
10158554,house,house,295000,forsale,8820,,,,,588,4,483,,true,,true,true,,2,,,10/18/22
10158500,apartmentgroup,apartmentgroup,357500-547500,forsale,1420,,,,,15,,,,,,,,,2,,1,10/18/22
10158498,house,house,138000,forsale,7600,,,tobedoneup,,,3,0,,,,,,,,,,10/18/22
10158496,house,house,249000,forsale,4000,installed,,good,gas,298,3,0,,true,270,true,,,1,,,10/18/22
10158495,house,apartmentblock,660000,forsale,4000,installed,,good,gas,271,0,0,,true,,,,,,,,10/18/22
10158494,house,house,289000,forsale,6870,installed,2022,,gas,,4,1363,,,,,,,,2,1,10/18/22
9897039,house,house,259000,forsale,4450,semiequipped,,good,fueloil,416,3,354,,true,,true,,,,1,,10/18/22
10029185,house,bungalow,275000,forsale,4680,semiequipped,1975,torenovate,fueloil,423,3,814,,true,,true,,,3,,,10/18/22
9927406,house,house,279000,forsale,4540,installed,,good,fueloil,348,5,1662,,,393,true,true,,1,,,10/18/22
10118306,house,house,297000,forsale,2830,installed,1969,,gas,501,3,229,,true,103,true,,,1,,,10/18/22
10006217,house,bungalow,298000,forsale,1470,semiequipped,1978,,gas,207,3,686,,true,,true,,,1,1,,10/18/22
10122100,house,house,299000,forsale,4690,installed,2016,,,130,2,255,,,,true,,,,2,,10/18/22
9854836,house,countrycottage,299000,forsale,7862,,,torenovate,gas,702,5,3570,,true,,true,,true,3,,,10/18/22
9339504,house,house,319000,forsale,4500,semiequipped,,tobedoneup,gas,451,5,843,,true,420,,,,2,,,10/18/22
10117113,house,house,329000,forsale,1800,,1930,good,,275,2,130,true,,40,true,,,,,,10/18/22
10036014,house,apartmentblock,330000,forsale,6700,installed,,torenovate,gas,441,6,480,,true,,,,,,2,,10/18/22
9937383,house,house,349000,forsale,4350,installed,,good,,415,4,2626,,true,,true,,,1,1,,10/18/22
9932677,house,house,349000,forsale,4350,installed,,good,,415,4,2626,,true,,true,,,2,4,,10/18/22
9849623,house,farmhouse,349000,forsale,4880,notinstalled,1850,torestore,,,10,1942,,,1942,true,,,,20,,10/18/22
10017996,house,house,349500,forsale,4162,installed,,asnew,fueloil,339,2,1516,,true,1299,true,,,1,4,,10/18/22
10094796,house,house,360000,forsale,7950,semiequipped,,tobedoneup,fueloil,798,4,3120,,,,,,,2,,,10/18/22
10028549,house,house,365000,forsale,3300,,,good,gas,,2,812,true,true,600,,true,,,,,10/18/22
9881433,house,mixedusebuilding,385000,forsale,1470,usainstalled,1950,torenovate,fueloil,693,4,1030,true,true,429,true,,,3,3,,10/18/22
10058583,house,villa,390000,forsale,7332,installed,1997,good,,445,5,3310,,,,true,true,,,6,,10/18/22
9871426,house,villa,400000,forsale,6680,installed,2011,,gas,108,3,1824,,true,1824,,,,2,,,10/18/22
9894489,house,apartmentblock,435000,forsale,6600,semiequipped,,good,electric,313,6,550,,,,,,,2,,,10/18/22
10067710,house,villa,449000,forsale,9280,semiequipped,1985,good,,617,2,875,,,,,,,1,,,10/18/22
10050952,house,villa,449000,forsale,9280,semiequipped,1985,good,,617,2,875,,,,,,,1,,,10/18/22
10060592,house,house,450000,forsale,6210,hyperequipped,2013,good,gas,128,3,1000,true,,,,,,1,3,,10/18/22
10015871,house,house,469000,forsale,4550,installed,,justrenovated,fueloil,245,4,1318,,,950,true,,,2,,,10/18/22
10029255,house,house,475000,forsale,1070,installed,1953,tobedoneup,,518,4,209,,true,100,,true,,1,2,,10/18/22
10108177,house,house,475000,forsale,2610,installed,1971,,,198,4,359,,,175,,,,2,,,10/18/22
10087923,house,villa,480000,forsale,1420,semiequipped,1978,tobedoneup,fueloil,228,4,637,,,500,true,true,,2,2,,10/18/22
9971711,house,apartmentblock,525000,forsale,6700,semiequipped,,tobedoneup,gas,288,8,175,,true,,,,,,,,10/18/22
9985297,house,house,590000,forsale,9770,,1918,good,gas,282,4,473,,,,,,,,,,10/18/22
10127141,house,house,615000,forsale,1180,installed,1967,good,gas,291,4,404,,true,180,true,,,2,2,,10/18/22
10158560,apartment,apartment,388750,forsale,9220,hyperequipped,2022,,,,3,,,,111,true,,,,1,1,10/18/22
10158557,house,house,289000,forsale,6870,installed,2022,,gas,,4,1324,,,,true,,,,2,1,10/18/22
10158554,house,house,295000,forsale,8820,,,,,588,4,483,,true,,true,true,,2,,,10/18/22
10158500,apartmentgroup,apartmentgroup,357500-547500,forsale,1420,,,,,15,,,,,,,,,2,,1,10/18/22
10158498,house,house,138000,forsale,7600,,,tobedoneup,,,3,0,,,,,,,,,,10/18/22
10158496,house,house,249000,forsale,4000,installed,,good,gas,298,3,0,,true,270,true,,,1,,,10/18/22
10158495,house,apartmentblock,660000,forsale,4000,installed,,good,gas,271,0,0,,true,,,,,,,,10/18/22
10158494,house,house,289000,forsale,6870,installed,2022,,gas,,4,1363,,,,,,,,2,1,10/18/22
10091322,house,house,730000,forsale,1060,notinstalled,1918,torenovate,,436,8,99,true,true,,,true,,,,,10/18/22
9947491,house,mansion,735000,forsale,9200,,1925,good,,320,6,340,,true,,,true,,1,,,10/18/22
10005719,house,house,825000,forsale,1180,,1961,good,gas,342,4,537,,,,true,true,,,,,10/18/22
10119134,house,mixedusebuilding,835000,forsale,3053,semiequipped,1964,good,gas,287,0,892,,,,,,,,,,10/18/22
10118115,house,house,940000,forsale,1070,usahyperequipped,,tobedoneup,gas,,4,1300,,,500,true,,,2,3,,10/18/22
10075277,house,house,965000,forsale,2800,,,asnew,gas,123,5,150,,true,,,,,1,,,10/18/22
10069523,house,apartmentblock,1200000,forsale,1853,,1930,tobedoneup,gas,,4,355,,true,,,,,,,,10/18/22
10074438,house,apartmentblock,1245000,forsale,9240,semiequipped,2006,good,gas,,14,610,,,,,,,6,,,10/18/22
10115023,house,house,1395000,forsale,1050,usahyperequipped,1926,asnew,,296,5,160,,true,60,true,,,,,,10/18/22
10120522,house,mansion,1575000,forsale,1050,hyperequipped,1920,asnew,gas,319,5,170,true,true,,true,true,,1,,,10/18/22
9960000,house,villa,1600000,forsale,9920,installed,2008,asnew,gas,150,6,1390,,true,,,,,,,,10/18/22
9962263,house,mansion,1750000,forsale,8000,,1862,good,,186,0,1255,,,,,,,,24,,10/18/22
9904860,house,villa,2200000,forsale,1090,hyperequipped,1999,good,,150,6,1952,true,true,990,true,true,true,2,6,,10/18/22
9904861,house,villa,2200000,forsale,1780,hyperequipped,1999,good,,150,6,1952,true,true,990,true,true,true,2,6,,10/18/22
9473187,house,mansion,2350000,forsale,1050,hyperequipped,1932,asnew,gas,268,5,170,true,true,,true,true,,1,1,,10/18/22
10056241,house,mansion,2975000,forsale,1050,hyperequipped,1920,asnew,gas,207,4,405,true,true,,true,true,,1,,,10/18/22
9853729,house,house,3100000,forsale,1050,installed,1898,justrenovated,gas,344,12,460,,true,210,,,,,,,10/18/22
10157977,house,house,169000,forsale,4460,notinstalled,,torestore,fueloil,935,4,2575,true,true,2230,true,,,1,,,10/18/22
10157976,house,house,189500,forsale,4031,semiequipped,,tobedoneup,gas,462,4,202,true,true,120,true,,,,,,10/18/22
10157975,house,house,350000,forsale,4100,installed,,asnew,fueloil,327,4,430,true,true,92,true,true,,2,,,10/18/22
10157685,house,townhouse,385000,forsale,1770,installed,1977,good,fueloil,187,4,213,,,,true,,,1,1,,10/18/22
9818146,house,house,159000,forsale,7730,installed,,good,fueloil,449,3,120,,true,20,,,,,,,10/18/22
10135119,house,house,209900,forsale,6041,semiequipped,1942,tobedoneup,gas,236,4,200,true,true,100,,,,,,,10/18/22
10134284,house,house,249000,forsale,8433,installed,,tobedoneup,gas,446,5,340,,true,,true,,,1,,,10/18/22
10134771,house,house,298000,forsale,2570,installed,,good,gas,254,3,90,,,,true,true,,,,,10/18/22
10135500,house,house,409000,forsale,9800,installed,1965,good,gas,251,3,380,,,250,,true,,,,,10/18/22
10134079,house,house,1049000,forsale,1200,installed,1990,justrenovated,fueloil,182,4,411,,true,175,true,true,,3,1,,10/18/22
10134595,house,apartmentblock,1095000,forsale,1150,notinstalled,1963,good,gas,500,6,199,,,,true,,,2,,,10/18/22
10135301,house,villa,1850000,forsale,1950,hyperequipped,1987,asnew,,148,5,1791,true,true,880,true,true,true,1,5,,10/18/22
10139295,house,house,110000,forsale,6220,notinstalled,,torenovate,gas,362,3,70,,true,,,true,,,,,10/18/22
10158560,apartment,apartment,388750,forsale,9220,hyperequipped,2022,,,,3,,,,111,true,,,,1,1,10/18/22
10158557,house,house,289000,forsale,6870,installed,2022,,gas,,4,1324,,,,true,,,,2,1,10/18/22
10158554,house,house,295000,forsale,8820,,,,,588,4,483,,true,,true,true,,2,,,10/18/22
10158500,apartmentgroup,apartmentgroup,357500-547500,forsale,1420,,,,,15,,,,,,,,,2,,1,10/18/22
10158498,house,house,138000,forsale,7600,,,tobedoneup,,,3,0,,,,,,,,,,10/18/22
10158496,house,house,249000,forsale,4000,installed,,good,gas,298,3,0,,true,270,true,,,1,,,10/18/22
10158495,house,apartmentblock,660000,forsale,4000,installed,,good,gas,271,0,0,,true,,,,,,,,10/18/22
10158494,house,house,289000,forsale,6870,installed,2022,,gas,,4,1363,,,,,,,,2,1,10/18/22
10137233,house,countrycottage,275000,forsale,1390,installed,,good,fueloil,294,3,120,true,true,,true,,,,,,10/18/22
10140166,house,mixedusebuilding,349000,forsale,2830,installed,1930,,gas,,3,111,,true,,true,true,,,,,10/18/22
10140165,house,house,349000,forsale,2830,installed,1930,,gas,,3,111,,true,,true,true,,,,,10/18/22
10121758,house,house,425000,forsale,7540,installed,2022,,gas,72,3,202,,,,,,,,2,1,10/18/22
10125243,house,house,445000,forsale,2050,hyperequipped,,good,gas,66,4,142,true,,,,,,,,1,10/18/22
10017541,house,house,580000,forsale,9000,installed,2021,,,,3,6579,,,31,true,true,,,,1,10/18/22
10139135,house,mansion,750000,forsale,4040,,,torestore,fueloil,668,4,1145,,,897,true,true,,,5,,10/18/22
10097118,house,villa,965000,forsale,8300,hyperequipped,2022,asnew,,,5,339,true,,255,true,true,,1,,1,10/18/22
10093163,house,villa,965000,forsale,8301,hyperequipped,2022,asnew,,,5,339,true,,255,true,true,,1,,1,10/18/22
10138316,house,exceptionalproperty,1195000,forsale,1440,installed,1977,good,fueloil,,5,25800,true,true,5000,true,true,true,3,5,,10/18/22
10143693,house,house,229000,forsale,9600,installed,,justrenovated,gas,288,2,100,,true,,,,,,,,10/18/22
10144494,house,house,230000,forsale,9230,installed,,good,gas,265,3,76,,,,true,,,,,,10/18/22
10143295,house,house,275000,forsale,4260,,1850,good,gas,214,2,675,true,true,675,true,true,,,4,,10/18/22
10082781,house,house,279000,forsale,3300,hyperequipped,1919,good,gas,403,3,300,true,true,200,true,,,,,,10/18/22
10142710,house,house,290000,forsale,6661,installed,1950,good,fueloil,397,5,1916,true,true,1916,,,,1,,,10/18/22
10143364,house,house,320000,forsale,9255,usainstalled,1958,tobedoneup,fueloil,465,3,606,true,true,,true,,,1,4,,10/18/22
10144804,house,house,327000,forsale,9630,,1972,torenovate,gas,521,3,1558,,,,true,,,1,,,10/18/22
10143241,house,house,338000,forsale,3300,,1935,asnew,gas,194,3,90,true,true,30,true,,,,,,10/18/22
10143061,house,house,363000,forsale,1850,usainstalled,1918,torenovate,gas,1006,3,1296,true,true,,true,,,,,,10/18/22
10144233,house,house,385000,forsale,8200,,1968,justrenovated,fueloil,298,3,323,,,230,true,,,,,,10/18/22
10143559,house,house,695000,forsale,2170,hyperequipped,,good,gas,214,5,235,,,79,true,,,,,,10/18/22
10144092,house,house,850000,forsale,7500,usainstalled,,,gas,295,4,4384,,true,,,,,1,5,,10/18/22
10146624,house,house,310000,forsale,8700,notinstalled,1950,torenovate,electric,411,3,544,,true,290,true,,,1,3,,10/18/22
10148823,house,house,295000,forsale,6870,,,,fueloil,362,6,5798,,,,true,,,,4,,10/18/22
10151187,house,house,449000,forsale,9190,,1977,,gas,232,3,443,,true,,,,,,,,10/18/22
10149585,house,house,460000,forsale,1180,semiequipped,1954,torenovate,,,3,191,,true,97,,,,1,1,,10/18/22
10149587,house,house,460000,forsale,1190,semiequipped,1954,torenovate,,,3,191,,true,97,,,,1,1,,10/18/22
10155814,house,house,155000,forsale,9600,semiequipped,,tobedoneup,gas,573,3,250,,,,true,,,,,,10/18/22
10155111,house,house,195000,forsale,7000,,1957,torenovate,gas,348,5,150,,true,,true,true,,1,,,10/18/22
10155960,house,villa,340000,forsale,1703,semiequipped,1968,tobedoneup,fueloil,599,3,643,true,true,,,,,1,2,,10/18/22
10158560,apartment,apartment,388750,forsale,9220,hyperequipped,2022,,,,3,,,,111,true,,,,1,1,10/18/22
10158557,house,house,289000,forsale,6870,installed,2022,,gas,,4,1324,,,,true,,,,2,1,10/18/22
10158554,house,house,295000,forsale,8820,,,,,588,4,483,,true,,true,true,,2,,,10/18/22
10158500,apartmentgroup,apartmentgroup,357500-547500,forsale,1420,,,,,15,,,,,,,,,2,,1,10/18/22
10158498,house,house,138000,forsale,7600,,,tobedoneup,,,3,0,,,,,,,,,,10/18/22
10158496,house,house,249000,forsale,4000,installed,,good,gas,298,3,0,,true,270,true,,,1,,,10/18/22
10158495,house,apartmentblock,660000,forsale,4000,installed,,good,gas,271,0,0,,true,,,,,,,,10/18/22
10158494,house,house,289000,forsale,6870,installed,2022,,gas,,4,1363,,,,,,,,2,1,10/18/22
10143347,house,house,590000,forsale,9070,hyperequipped,2022,asnew,,23,4,323,true,,227,true,,,1,1,1,10/18/22
10154777,house,villa,735000,forsale,7850,hyperequipped,2010,good,,100,4,799,,true,,true,true,,3,3,,10/18/22
10154760,house,apartmentblock,1050000,forsale,1210,,1935,,,205,9,125,,true,,true,,,,,,10/18/22
10155154,house,house,1650000,forsale,1380,hyperequipped,1930,asnew,gas,315,4,4800,true,true,,true,true,true,,,,10/18/22
10023895,house,house,155000,forsale,4570,semiequipped,,tobedoneup,,290,3,320,,true,,,,,1,,,10/18/22
10131896,house,house,300000,forsale,1457,installed,1900,good,fueloil,409,2,55,,true,,,,,1,,,10/18/22
10130232,house,house,320000,forsale,6780,notinstalled,,torenovate,fueloil,596,3,880,,true,,,,,2,,,10/18/22
10131629,house,villa,445000,forsale,1300,,1978,,fueloil,250,3,1414,,,1300,true,,,1,,,10/18/22
10130482,house,villa,650000,forsale,7800,hyperequipped,1920,asnew,fueloil,461,4,9560,,true,8000,true,,,2,4,,10/18/22
10131577,house,house,998000,forsale,8930,notinstalled,1960,,gas,384,6,537,,,,,,,,,,10/18/22
10131576,house,mixedusebuilding,998000,forsale,8930,notinstalled,1960,,gas,384,6,537,,,,,,,,,,10/18/22
10133673,house,house,275000,forsale,5590,installed,1972,good,electric,747,3,1454,true,true,1339,true,,,1,3,,10/18/22
10133840,house,house,295000,forsale,9000,installed,1954,good,gas,270,2,63,true,,,true,,,2,1,,10/18/22
10104921,house,house,395000,forsale,2170,installed,1960,good,gas,369,5,125,true,true,30,true,,,1,1,,10/18/22
10133651,house,house,419000,forsale,2060,installed,1905,asnew,gas,252,3,73,,,,true,,,1,1,,10/18/22
10137646,house,house,225000,forsale,8400,hyperequipped,,good,gas,295,4,95,,,,,,,,1,,10/18/22
10136907,house,house,279000,forsale,3890,hyperequipped,,asnew,gas,263,3,638,true,true,,true,,,1,,,10/18/22
10136992,house,house,365000,forsale,6951,hyperequipped,,justrenovated,fueloil,258,4,323,,true,200,,,,1,,,10/18/22
10136443,house,villa,395000,forsale,5030,installed,,good,gas,316,5,614,,true,614,true,,,1,,,10/18/22
10136475,house,house,519000,forsale,8400,hyperequipped,,good,fueloil,253,4,830,,,,true,,,1,1,,10/18/22
10136563,house,house,615000,forsale,8450,installed,,good,electric,722,3,795,,,,true,,,,,,10/18/22
10136789,house,house,775000,forsale,1348,hyperequipped,,asnew,gas,212,5,313,,true,313,true,,,1,,,10/18/22
10136659,house,house,795000,forsale,1030,installed,,good,gas,450,4,169,true,true,40,true,,,1,1,,10/18/22
10137639,house,villa,995000,forsale,8540,installed,1959,good,gas,,4,1488,,true,,true,,true,3,10,,10/18/22
10137638,house,villa,995000,forsale,8540,installed,1959,good,gas,,4,1488,,true,,true,,true,3,10,,10/18/22
10137626,house,otherproperty,995000,forsale,8540,installed,1959,good,gas,,4,1488,,true,,true,,true,3,10,,10/18/22
10137622,house,otherproperty,995000,forsale,8540,installed,1959,good,gas,,4,1488,,true,,true,,true,3,10,,10/18/22
10141215,house,house,125000,forsale,8647,installed,,good,gas,435,2,227,,,,,,,,,,10/18/22
10141227,house,house,150000,forsale,4621,installed,1963,good,pellet,216,3,570,,,,true,true,,,,,10/18/22
10140697,house,house,315000,forsale,2440,semiequipped,1965,good,fueloil,385,3,631,true,true,400,true,,,1,2,,10/18/22
10158560,apartment,apartment,388750,forsale,9220,hyperequipped,2022,,,,3,,,,111,true,,,,1,1,10/18/22
10158557,house,house,289000,forsale,6870,installed,2022,,gas,,4,1324,,,,true,,,,2,1,10/18/22
10158554,house,house,295000,forsale,8820,,,,,588,4,483,,true,,true,true,,2,,,10/18/22
10158500,apartmentgroup,apartmentgroup,357500-547500,forsale,1420,,,,,15,,,,,,,,,2,,1,10/18/22
10158498,house,house,138000,forsale,7600,,,tobedoneup,,,3,0,,,,,,,,,,10/18/22
10158496,house,house,249000,forsale,4000,installed,,good,gas,298,3,0,,true,270,true,,,1,,,10/18/22
10158495,house,apartmentblock,660000,forsale,4000,installed,,good,gas,271,0,0,,true,,,,,,,,10/18/22
10158494,house,house,289000,forsale,6870,installed,2022,,gas,,4,1363,,,,,,,,2,1,10/18/22
10141354,house,house,346000,forsale,2800,installed,1910,good,gas,354,3,115,,true,,true,,,,,,10/18/22
10141385,house,house,348000,forsale,8870,installed,1996,asnew,gas,235,2,720,true,true,650,true,,,,,,10/18/22
10141517,house,house,380000,forsale,8540,hyperequipped,,asnew,fueloil,386,4,407,true,true,,true,,,1,,,10/18/22
10022158,house,apartmentblock,499000,forsale,1030,semiequipped,,torenovate,gas,203,6,83,,true,,,,,,,,10/18/22
10045123,house,house,750000,forsale,3090,semiequipped,1950,good,gas,372,4,2073,,true,2073,true,true,,2,5,,10/18/22
10145950,house,mansion,285000,forsale,8400,installed,,good,electric,347,2,67,,true,,true,,,,,,10/18/22
10145081,house,house,299000,forsale,9000,installed,1900,good,gas,259,3,60,,,10,,true,,,,,10/18/22
10115854,house,house,310000,forsale,8370,installed,,good,gas,148,5,0,,true,,true,,,,,,10/18/22
10144987,house,villa,615000,forsale,1390,,1958,,,422,5,2133,,true,,true,,true,1,,,10/18/22
10137949,house,house,1099000,forsale,2970,hyperequipped,,asnew,gas,182,6,1762,,true,,true,,true,,1,,10/18/22
10148054,house,countrycottage,215000,forsale,9690,semiequipped,,,,469,2,373,,,,true,,,1,2,,10/18/22
10136195,house,house,229000,forsale,9600,hyperequipped,2022,,,,3,139,,,40,true,,,,,1,10/18/22
9993801,house,house,320000,forsale,1501,semiequipped,1950,torenovate,gas,502,2,500,true,,,true,true,,,1,,10/18/22
10153373,house,house,195000,forsale,6900,installed,1962,good,fueloil,466,4,1192,true,true,,true,true,,,,,10/18/22
10153140,house,house,199000,forsale,4420,semiequipped,,tobedoneup,gas,548,4,178,,true,100,true,,,,,,10/18/22
10151639,house,house,235000,forsale,4030,notinstalled,,tobedoneup,gas,308,4,100,,true,,,,,,,,10/18/22
10152639,house,house,260000,forsale,8870,installed,1941,,carbon,548,3,356,,true,,,true,,1,2,,10/18/22
10152537,house,house,269000,forsale,6900,,1971,good,fueloil,346,5,1552,,,1372,true,,,2,6,,10/18/22
10151851,house,house,275000,forsale,6230,semiequipped,,good,gas,210,6,580,true,true,450,true,true,,1,,,10/18/22
10151560,house,house,419000,forsale,9940,,2004,asnew,gas,107,3,374,,,,,,,1,,,10/18/22
10152854,house,villa,480000,forsale,7090,,1992,,,389,6,1477,,,,true,true,,2,3,,10/18/22
10152875,house,mansion,546000,forsale,9000,hyperequipped,,asnew,gas,338,4,100,true,true,,true,,,,,,10/18/22
10151702,house,villa,949000,forsale,1700,hyperequipped,1994,asnew,gas,194,4,659,,,,true,,,1,3,,10/18/22
10153115,house,manorhouse,1699000,forsale,9500,installed,1987,good,fueloil,220,4,0,,true,,,,,3,6,,10/18/22
9993880,house,house,60000,forsale,6280,semiequipped,,good,electric,554,1,2460,,,,,,,1,3,,10/18/22
10000908,house,house,89000,forsale,4020,installed,,torenovate,gas,446,1,65,,,10,true,,,,,,10/18/22
10116639,house,house,105000,forsale,4020,,,tobedoneup,fueloil,338,2,175,,true,,true,true,,,,,10/18/22
10095127,house,house,107500,forsale,7334,semiequipped,,good,fueloil,403,2,141,,true,,true,,,,,,10/18/22
10013585,house,house,109000,forsale,4040,semiequipped,,,gas,722,3,170,,,73,true,,,,,,10/18/22
10100179,house,house,120000,forsale,7390,semiequipped,,good,gas,566,2,100,,true,,,,,,,,10/18/22
10158560,apartment,apartment,388750,forsale,9220,hyperequipped,2022,,,,3,,,,111,true,,,,1,1,10/18/22
10158557,house,house,289000,forsale,6870,installed,2022,,gas,,4,1324,,,,true,,,,2,1,10/18/22
10158554,house,house,295000,forsale,8820,,,,,588,4,483,,true,,true,true,,2,,,10/18/22
10158500,apartmentgroup,apartmentgroup,357500-547500,forsale,1420,,,,,15,,,,,,,,,2,,1,10/18/22
10158498,house,house,138000,forsale,7600,,,tobedoneup,,,3,0,,,,,,,,,,10/18/22
10158496,house,house,249000,forsale,4000,installed,,good,gas,298,3,0,,true,270,true,,,1,,,10/18/22
10158495,house,apartmentblock,660000,forsale,4000,installed,,good,gas,271,0,0,,true,,,,,,,,10/18/22
10158494,house,house,289000,forsale,6870,installed,2022,,gas,,4,1363,,,,,,,,2,1,10/18/22
10067728,house,house,149000,forsale,4550,semiequipped,,torenovate,fueloil,506,2,105,,,,,,,1,,,10/18/22
10119158,house,house,149000,forsale,8580,,,torenovate,fueloil,656,3,158,,true,,,,,,1,,10/18/22
10037318,house,house,160000,forsale,6060,semiequipped,,good,fueloil,458,3,200,true,true,,,,,,,,10/18/22
10050930,house,house,169000,forsale,4040,,,,fueloil,340,3,406,,true,260,true,,,,,,10/18/22
10102514,house,house,169000,forsale,8610,installed,,good,gas,295,2,135,,,,,,,,,,10/18/22
9852259,house,house,170000,forsale,4300,,1930,torenovate,gas,594,3,1915,,true,,true,,,1,2,,10/18/22
10097983,house,house,172000,forsale,9300,semiequipped,1874,tobedoneup,gas,475,3,100,,,16,true,,,,,,10/18/22
10002755,house,house,175000,forsale,6220,semiequipped,,good,gas,397,2,269,,true,,,,,1,3,,10/18/22
9670574,house,house,179000,forsale,4000,,1930,,gas,521,4,100,,true,,,,,,,,10/18/22
9460068,house,house,179999,forsale,6030,installed,1960,tobedoneup,fueloil,388,3,1200,true,true,653,,,,,1,,10/18/22
9903769,house,house,180000,forsale,6660,notinstalled,,tobedoneup,fueloil,548,4,334,,true,334,true,,,2,,,10/18/22
9994282,house,house,189000,forsale,4050,notinstalled,1970,torenovate,,1093,2,564,,true,,true,,,1,,,10/18/22
10076709,house,house,189000,forsale,7012,semiequipped,,justrenovated,gas,,3,60,,true,,true,,,,,,10/18/22
9971944,house,house,195000,forsale,5022,,1961,torenovate,fueloil,675,3,600,,true,,,,,1,2,,10/18/22
10056712,house,house,195000,forsale,7950,installed,,tobedoneup,fueloil,393,4,1160,,true,,true,true,,1,,,10/18/22
10017558,house,house,198500,forsale,4101,installed,,good,,724,2,170,,true,,true,,,,,,10/18/22
10106633,house,house,199000,forsale,8500,semiequipped,,,gas,246,3,170,,,,,,,,,,10/18/22
10112480,house,house,209000,forsale,2620,hyperequipped,1964,tobedoneup,,,2,247,,,200,true,,,,,,10/18/22
9967240,house,house,210000,forsale,2627,installed,,torenovate,,376,3,78,,true,,,,,,,,10/18/22
9930573,house,house,212000,forsale,4000,,,tobedoneup,gas,443,2,0,,true,57,,,,1,,,10/18/22
9968179,house,house,219000,forsale,1030,,1925,,gas,613,1,0,,true,,,,,,,,10/18/22
10124756,house,house,219000,forsale,4520,,,,pellet,458,5,1926,,true,1783,,,,2,,,10/18/22
10089631,house,house,224900,forsale,2100,,,good,gas,237,2,36,,,,,,,,,,10/18/22
10099300,house,house,229000,forsale,6953,installed,,tobedoneup,fueloil,340,4,4127,,,,true,,,1,1,,10/18/22
10008679,house,house,230000,forsale,4300,,1950,asnew,fueloil,431,3,333,,true,,,,,,,,10/18/22
9900930,house,house,239500,forsale,4260,notinstalled,,torenovate,,,6,928,,true,,true,,,,,,10/18/22
9900929,house,house,239500,forsale,4260,notinstalled,,torenovate,,,6,928,,true,,,,,,,,10/18/22
10092005,house,house,249000,forsale,2800,installed,,torenovate,gas,250,3,88,,true,,,,,,,,10/18/22
9919016,house,house,249000,forsale,4300,,,good,fueloil,340,3,157,,true,,true,,,,,,10/18/22
10067727,house,house,249000,forsale,4550,semiequipped,,torenovate,fueloil,506,2,301,,,58,,,,1,,,10/18/22
10158560,apartment,apartment,388750,forsale,9220,hyperequipped,2022,,,,3,,,,111,true,,,,1,1,10/18/22
10158557,house,house,289000,forsale,6870,installed,2022,,gas,,4,1324,,,,true,,,,2,1,10/18/22
10158554,house,house,295000,forsale,8820,,,,,588,4,483,,true,,true,true,,2,,,10/18/22
10158500,apartmentgroup,apartmentgroup,357500-547500,forsale,1420,,,,,15,,,,,,,,,2,,1,10/18/22
10158498,house,house,138000,forsale,7600,,,tobedoneup,,,3,0,,,,,,,,,,10/18/22
10158496,house,house,249000,forsale,4000,installed,,good,gas,298,3,0,,true,270,true,,,1,,,10/18/22
10158495,house,apartmentblock,660000,forsale,4000,installed,,good,gas,271,0,0,,true,,,,,,,,10/18/22
10158494,house,house,289000,forsale,6870,installed,2022,,gas,,4,1363,,,,,,,,2,1,10/18/22
9474745,house,house,249999,forsale,7070,installed,1871,torenovate,pellet,296,5,1440,,true,925,true,true,,,1,,10/18/22
10099146,house,apartmentblock,250000,forsale,4040,,,tobedoneup,gas,501,2,195,,,49,,,,,,,10/18/22
10099145,house,mixedusebuilding,250000,forsale,4040,,,tobedoneup,gas,501,2,195,,,49,,,,,,,10/18/22
10053381,house,house,250000,forsale,6044,usahyperequipped,1970,asnew,fueloil,320,2,472,,true,,true,,,1,1,,10/18/22
10106618,house,house,259000,forsale,8800,,,asnew,,166,3,177,true,,45,true,,,,,,10/18/22
9815794,house,apartmentblock,265000,forsale,4020,,,tobedoneup,gas,203,4,0,,true,,,,,,,,10/18/22
9815793,house,mixedusebuilding,265000,forsale,4020,,,tobedoneup,gas,203,4,0,,true,,,,,,,,10/18/22
9990091,house,house,275000,forsale,4351,,1960,good,fueloil,486,3,885,,true,,,,,1,2,,10/18/22
9880116,house,house,275000,forsale,4420,semiequipped,,asnew,,221,4,0,,true,,true,,,1,,,10/18/22
10001952,house,house,295000,forsale,1780,semiequipped,,tobedoneup,gas,,2,88,,,,,true,,,,,10/18/22
10100901,house,house,298000,forsale,9000,semiequipped,,tobedoneup,gas,582,3,172,,,,,,,,,,10/18/22
10033770,house,house,299000,forsale,4040,semiequipped,2021,,gas,,3,276,,,140,true,true,,1,2,,10/18/22
9138971,house,apartmentblock,299000,forsale,4040,,,,gas,456,7,779,,true,,,,,1,,,10/18/22
10077854,house,house,299000,forsale,8000,installed,1955,good,gas,300,2,57,,,,true,,,,,,10/18/22
10112266,house,house,315000,forsale,5060,usainstalled,2015,asnew,pellet,,3,355,true,,200,true,,,,2,,10/18/22
10129138,house,house,315000,forsale,9070,installed,,justrenovated,gas,73,3,108,,,,true,,,,,,10/18/22
10109457,house,house,325000,forsale,5081,usasemiequipped,1998,tobedoneup,fueloil,216,2,600,,,,true,true,,,,,10/18/22
10123589,house,house,335000,forsale,1300,,1963,justrenovated,fueloil,487,2,668,,true,,true,,,1,,,10/18/22
9823572,house,house,345000,forsale,6990,installed,2003,,fueloil,321,4,1100,,,,,,,4,4,,10/18/22
10026568,house,house,350000,forsale,5140,semiequipped,,good,fueloil,458,2,1600,true,,1450,true,true,,1,4,,10/18/22
10122896,house,house,350000,forsale,7160,installed,,good,gas,461,4,500,,true,285,true,true,,,,,10/18/22
10104464,house,house,350000,forsale,9031,semiequipped,,tobedoneup,gas,456,3,60,,,,true,,,1,,,10/18/22
9935476,house,house,350000,forsale,9041,,1981,tobedoneup,gas,312,3,771,,,,true,,,2,3,,10/18/22
9969870,house,house,365000,forsale,2660,semiequipped,,good,gas,365,3,210,,,,true,,,2,,,10/18/22
9959081,house,house,370000,forsale,5060,installed,,justrenovated,fueloil,289,4,521,,true,,true,,,,,,10/18/22
10121285,house,house,375000,forsale,1850,,1969,,fueloil,300,3,419,,,,,,,,1,,10/18/22
10074381,house,townhouse,379000,forsale,1190,semiequipped,1900,torenovate,gas,299,3,82,true,true,,,true,,,,,10/18/22
10103489,house,house,379000,forsale,1820,installed,,good,gas,361,4,497,,true,,,,,,,,10/18/22
9986865,house,house,379000,forsale,1860,semiequipped,,tobedoneup,gas,388,3,803,,,,true,,,2,,,10/18/22
9954365,house,house,389000,forsale,4550,semiequipped,,good,pellet,365,6,723,,true,390,true,,,1,1,,10/18/22
10158560,apartment,apartment,388750,forsale,9220,hyperequipped,2022,,,,3,,,,111,true,,,,1,1,10/18/22
10158557,house,house,289000,forsale,6870,installed,2022,,gas,,4,1324,,,,true,,,,2,1,10/18/22
10158554,house,house,295000,forsale,8820,,,,,588,4,483,,true,,true,true,,2,,,10/18/22
10158500,apartmentgroup,apartmentgroup,357500-547500,forsale,1420,,,,,15,,,,,,,,,2,,1,10/18/22
10158498,house,house,138000,forsale,7600,,,tobedoneup,,,3,0,,,,,,,,,,10/18/22
10158496,house,house,249000,forsale,4000,installed,,good,gas,298,3,0,,true,270,true,,,1,,,10/18/22
10158495,house,apartmentblock,660000,forsale,4000,installed,,good,gas,271,0,0,,true,,,,,,,,10/18/22
10158494,house,house,289000,forsale,6870,installed,2022,,gas,,4,1363,,,,,,,,2,1,10/18/22
9934660,house,house,389900,forsale,2660,installed,,tobedoneup,gas,377,6,98,,true,17,,,,,,,10/18/22
10129839,house,house,395000,forsale,9031,installed,1955,,gas,241,4,157,,true,,true,,,1,,,10/18/22
10090068,house,house,400000,forsale,9850,installed,2002,,gas,198,4,730,,,,true,,,1,,,10/18/22
10082216,house,house,449000,forsale,2860,semiequipped,,torenovate,fueloil,595,4,1045,,,,,,,1,3,,10/18/22
10127425,house,mixedusebuilding,449500,forsale,3210,,,justrenovated,gas,155,5,1156,,,,,,,,,,10/18/22
10127424,house,house,449500,forsale,3210,,,justrenovated,gas,155,5,1156,,,,,,,,,,10/18/22
10124885,house,villa,469000,forsale,9070,installed,1987,asnew,electric,529,3,575,,,,true,,,1,,,10/18/22
10073133,house,villa,475000,forsale,3090,hyperequipped,1983,tobedoneup,gas,289,3,434,true,,200,true,,,1,1,,10/18/22
9982084,house,house,480000,forsale,4000,installed,,good,gas,215,4,569,,true,386,,,,,,,10/18/22
10064719,house,house,490000,forsale,3090,usahyperequipped,1977,asnew,electric,712,3,486,true,,,true,,,1,2,,10/18/22
9909949,house,villa,499000,forsale,4053,installed,1968,good,gas,304,5,1280,,true,,true,,,3,5,,10/18/22
10102815,house,mansion,520000,forsale,6700,installed,,good,fueloil,194,7,566,,true,,true,true,,4,,,10/18/22
10101673,house,house,520000,forsale,6700,installed,,good,fueloil,194,7,566,,true,,true,true,,4,,,10/18/22
10061625,house,house,525000,forsale,7830,,,good,fueloil,,5,1027,true,true,,true,true,,1,,,10/18/22
9912438,house,house,540000,forsale,1030,usahyperequipped,1900,asnew,gas,630,4,0,,,30,true,,,,,,10/18/22
9965865,house,house,549000,forsale,1420,,,tobedoneup,fueloil,355,4,1356,,true,,true,true,,2,2,,10/18/22
10040888,house,mansion,550000,forsale,4000,installed,,good,gas,334,7,0,,true,230,true,,,2,2,,10/18/22
10109420,house,apartmentblock,580000,forsale,1020,installed,1950,good,gas,833,3,1,,true,,true,,,1,,,10/18/22
9747994,house,house,580000,forsale,4000,semiequipped,,tobedoneup,,310,11,134,,true,50,,,,,,,10/18/22
10101669,house,house,590000,forsale,1050,notinstalled,1857,torenovate,gas,515,5,0,,true,75,true,,,,,,10/18/22
9979505,house,villa,595000,forsale,8310,usahyperequipped,,good,,399,5,731,,,,true,,,2,2,,10/18/22
10074121,house,house,599000,forsale,1970,hyperequipped,1932,justrenovated,gas,211,4,445,true,,,true,true,,1,,,10/18/22
10088736,house,house,599000,forsale,3080,,1977,torenovate,gas,545,4,1560,,,1560,true,,,8,4,,10/18/22
9904003,house,house,600000,forsale,1400,hyperequipped,2009,asnew,gas,218,4,400,,,400,true,true,,1,4,,10/18/22
9926295,house,house,625000,forsale,3040,,,justrenovated,gas,163,6,1353,,true,,,,,1,3,,10/18/22
10118936,house,house,625000,forsale,6980,,2011,,gas,108,4,1236,,,,true,,,,,,10/18/22
10108257,house,house,639000,forsale,4470,installed,2018,,,30,5,1423,,,1073,true,true,true,2,6,,10/18/22
10092712,house,villa,640000,forsale,1410,hyperequipped,1971,good,fueloil,307,4,658,true,true,498,true,,,1,1,,10/18/22
10124680,house,villa,657000,forsale,9880,installed,1974,,gas,547,3,1751,,,,,,,2,,,10/18/22
10055070,house,villa,659000,forsale,4120,installed,1995,good,fueloil,341,4,2094,,true,1550,true,true,,2,4,,10/18/22
10158560,apartment,apartment,388750,forsale,9220,hyperequipped,2022,,,,3,,,,111,true,,,,1,1,10/18/22
10158557,house,house,289000,forsale,6870,installed,2022,,gas,,4,1324,,,,true,,,,2,1,10/18/22
10158554,house,house,295000,forsale,8820,,,,,588,4,483,,true,,true,true,,2,,,10/18/22
10158500,apartmentgroup,apartmentgroup,357500-547500,forsale,1420,,,,,15,,,,,,,,,2,,1,10/18/22
10158498,house,house,138000,forsale,7600,,,tobedoneup,,,3,0,,,,,,,,,,10/18/22
10158496,house,house,249000,forsale,4000,installed,,good,gas,298,3,0,,true,270,true,,,1,,,10/18/22
10158495,house,apartmentblock,660000,forsale,4000,installed,,good,gas,271,0,0,,true,,,,,,,,10/18/22
10158494,house,house,289000,forsale,6870,installed,2022,,gas,,4,1363,,,,,,,,2,1,10/18/22
10119603,house,mixedusebuilding,665000,forsale,1200,,,justrenovated,gas,309,3,140,,,70,true,,,,,,10/18/22
10045149,house,house,670000,forsale,6780,installed,,good,fueloil,156,4,490,,true,,,,,1,2,,10/18/22
9610342,house,apartmentblock,675000,forsale,7000,semiequipped,,good,gas,285,15,190,,true,,,,,,,,10/18/22
10124688,house,mixedusebuilding,680000,forsale,9470,installed,,good,gas,350,6,303,,,,true,,,3,,,10/18/22
10019634,house,house,695000,forsale,6972,,2016,,,115,4,814,,true,,true,,,,,,10/18/22
9937212,house,house,735000,forsale,1060,semiequipped,1895,tobedoneup,gas,,4,138,true,true,30,true,,,,,,10/18/22
10031995,house,house,750000,forsale,1080,semiequipped,1920,torenovate,fueloil,,4,239,,true,,,true,,2,1,,10/18/22
9861440,house,house,750000,forsale,1410,usainstalled,1993,good,fueloil,,5,893,true,,893,true,true,,1,2,,10/18/22
9565828,house,mixedusebuilding,760000,forsale,2830,semiequipped,1918,torenovate,gas,,6,262,,,,true,,,,,,10/18/22
10103758,house,villa,775000,forsale,1410,hyperequipped,1969,good,gas,299,4,819,true,,819,true,,,,2,,10/18/22
10104589,house,villa,775000,forsale,9890,hyperequipped,,justrenovated,fueloil,243,3,1071,,,,,true,,,,,10/18/22
10126214,house,villa,785000,forsale,1410,installed,1975,good,fueloil,257,4,1350,,,1350,true,,,1,,,10/18/22
10110132,house,apartmentblock,800000,forsale,4987,semiequipped,,justrenovated,fueloil,,15,5792,,true,5000,true,,,1,20,,10/18/22
10033600,house,house,800000,forsale,6870,semiequipped,,good,gas,350,7,3000,,true,,,,,1,,,10/18/22
9224611,house,mixedusebuilding,849000,forsale,1180,installed,1979,torenovate,gas,614,3,170,,true,,true,true,,,,,10/18/22
10076762,house,house,875000,forsale,3020,installed,1995,good,fueloil,171,4,1187,,true,,,,,3,,,10/18/22
9569543,house,house,890000,forsale,1030,usahyperequipped,1929,good,gas,360,4,171,true,true,58,true,true,,1,1,,10/18/22
10107768,house,villa,895000,forsale,1970,usahyperequipped,1950,asnew,gas,500,3,1000,,true,500,true,,,1,2,,10/18/22
10081894,house,villa,895000,forsale,1970,usauninstalled,1950,asnew,gas,500,3,1000,,true,500,true,,,,,,10/18/22
10057443,house,villa,895000,forsale,3001,,1960,,fueloil,672,4,845,,true,845,true,true,,2,2,,10/18/22
10126373,house,apartmentblock,935000,forsale,1200,notinstalled,1966,torenovate,gas,333,7,140,,true,30,true,,,1,,,10/18/22
10124844,house,house,935000,forsale,1200,notinstalled,1966,torenovate,gas,333,7,140,,true,30,true,,,1,,,10/18/22
9966709,house,house,945000,forsale,9900,hyperequipped,1979,good,gas,201,5,8467,,true,,true,true,,4,6,,10/18/22
9953266,house,exceptionalproperty,980000,forsale,4000,installed,,good,gas,235,4,0,,true,,true,,,1,,,10/18/22
10111174,house,apartmentblock,985000,forsale,1050,notinstalled,1900,torenovate,gas,681,5,196,true,true,100,,true,,,,,10/18/22
10109511,house,villa,985000,forsale,1180,usahyperequipped,1920,asnew,gas,,6,700,,,,true,true,,,3,,10/18/22
10073285,house,mansion,995000,forsale,1050,,1922,asnew,gas,274,6,225,,true,,true,,,,,,10/18/22
10004408,house,apartmentblock,995000,forsale,1080,notinstalled,1930,good,gas,466,9,150,,true,,,,,,,,10/18/22
10010245,house,townhouse,995000,forsale,1150,usahyperequipped,1954,asnew,gas,193,4,250,,true,150,true,true,,1,1,,10/18/22
10122632,house,house,998000,forsale,1180,,1930,asnew,gas,209,4,190,,,,,true,,2,,,10/18/22
10158560,apartment,apartment,388750,forsale,9220,hyperequipped,2022,,,,3,,,,111,true,,,,1,1,10/18/22
10158557,house,house,289000,forsale,6870,installed,2022,,gas,,4,1324,,,,true,,,,2,1,10/18/22
10158554,house,house,295000,forsale,8820,,,,,588,4,483,,true,,true,true,,2,,,10/18/22
10158500,apartmentgroup,apartmentgroup,357500-547500,forsale,1420,,,,,15,,,,,,,,,2,,1,10/18/22
10158498,house,house,138000,forsale,7600,,,tobedoneup,,,3,0,,,,,,,,,,10/18/22
10158496,house,house,249000,forsale,4000,installed,,good,gas,298,3,0,,true,270,true,,,1,,,10/18/22
10158495,house,apartmentblock,660000,forsale,4000,installed,,good,gas,271,0,0,,true,,,,,,,,10/18/22
10158494,house,house,289000,forsale,6870,installed,2022,,gas,,4,1363,,,,,,,,2,1,10/18/22
9267057,house,mixedusebuilding,1000000,forsale,4000,installed,,asnew,gas,,3,80,,true,,,,,,,,10/18/22
10093516,house,house,1090000,forsale,1020,hyperequipped,1953,asnew,gas,186,6,541,true,,350,true,,,3,3,,10/18/22
10104076,house,house,1095000,forsale,1970,hyperequipped,1962,justrenovated,gas,193,4,590,,true,420,true,true,,2,1,,10/18/22
10077365,house,mixedusebuilding,1095000,forsale,3210,,1970,justrenovated,gas,261,5,0,,true,,true,true,,4,4,,10/18/22
10077362,house,villa,1095000,forsale,3210,,1970,justrenovated,gas,261,5,0,,true,,true,true,,4,4,,10/18/22
10112040,house,villa,1150000,forsale,1150,notinstalled,1935,torenovate,fueloil,505,5,792,,true,700,true,,,1,1,,10/18/22
10076656,house,mixedusebuilding,1150000,forsale,3210,,1974,,gas,315,4,2697,,,,true,true,,4,4,,10/18/22
10076654,house,villa,1150000,forsale,3210,,1974,,gas,315,4,2697,,,,true,true,,4,4,,10/18/22
9990980,house,apartmentblock,1195000,forsale,1060,installed,1900,good,gas,210,8,0,,,,true,,,,,,10/18/22
9863203,house,villa,1245000,forsale,1380,hyperequipped,1978,asnew,fueloil,243,5,2220,,,2220,true,true,,1,6,,10/18/22
10031113,house,villa,1380000,forsale,1410,installed,1990,tobedoneup,fueloil,195,6,1461,,,1461,true,,,2,8,,10/18/22
9921315,house,villa,1395000,forsale,1380,,1961,good,gas,287,6,3454,,true,,,true,true,1,,,10/18/22
9887134,house,house,1400000,forsale,1150,hyperequipped,1964,asnew,gas,236,5,830,,true,600,true,true,true,1,1,,10/18/22
9687898,house,house,1500000,forsale,6940,semiequipped,2009,,gas,113,14,4549,,,,true,,true,,,,10/18/22
9996706,house,house,1550000,forsale,1180,usahyperequipped,1925,good,gas,307,5,1465,,true,,true,true,,2,2,,10/18/22
9971414,house,house,1595000,forsale,1950,hyperequipped,1986,good,gas,73,6,1500,,true,800,true,,,4,3,,10/18/22
10103588,house,mansion,1675000,forsale,1180,hyperequipped,1912,asnew,gas,390,8,300,true,true,160,true,true,,2,,,10/18/22
9722809,house,mansion,1690000,forsale,1180,hyperequipped,1912,good,gas,390,8,307,,true,120,true,,,2,,,10/18/22
10100565,house,villa,1690000,forsale,1420,,1978,good,fueloil,278,5,3336,true,,,true,,true,2,,,10/18/22
9947198,house,house,1950000,forsale,1180,installed,1920,tobedoneup,gas,525,5,1500,,true,,,true,,,2,,10/18/22
9880873,house,exceptionalproperty,1980000,forsale,1040,hyperequipped,1900,torenovate,,603,7,0,,,35,true,,,2,1,,10/18/22
9169342,house,house,1980000,forsale,1180,installed,1900,torenovate,gas,485,6,1300,,,1000,true,true,,1,5,,10/18/22
10047432,house,house,2195000,forsale,8301,installed,1948,tobedoneup,gas,806,3,520,,true,,true,true,true,1,3,,10/18/22
10089035,house,house,2300000,forsale,1180,installed,1952,tobedoneup,gas,495,5,1921,,true,1538,true,,,2,2,,10/18/22
10054100,house,house,2300000,forsale,8300,hyperequipped,2001,asnew,gas,176,4,288,,true,288,true,true,,4,1,,10/18/22
10010768,house,house,2350000,forsale,1420,,1993,asnew,fueloil,197,5,7289,true,true,,true,true,true,1,12,,10/18/22
10063271,house,house,2390000,forsale,1640,hyperequipped,1961,asnew,gas,499,5,2590,true,true,1700,true,true,true,1,2,,10/18/22
9974411,house,villa,2450000,forsale,1180,installed,1964,tobedoneup,fueloil,554,5,2661,,true,,true,true,,2,4,,10/18/22
10023562,house,exceptionalproperty,2600000,forsale,4700,hyperequipped,2003,asnew,fueloil,146,7,10000,,true,,true,true,true,8,,,10/18/22
9698667,house,house,2650000,forsale,8500,usasemiequipped,1948,good,fueloil,535,10,7254,true,true,7254,true,true,,4,10,,10/18/22
10158560,apartment,apartment,388750,forsale,9220,hyperequipped,2022,,,,3,,,,111,true,,,,1,1,10/18/22
10158557,house,house,289000,forsale,6870,installed,2022,,gas,,4,1324,,,,true,,,,2,1,10/18/22
10158554,house,house,295000,forsale,8820,,,,,588,4,483,,true,,true,true,,2,,,10/18/22
10158500,apartmentgroup,apartmentgroup,357500-547500,forsale,1420,,,,,15,,,,,,,,,2,,1,10/18/22
10158498,house,house,138000,forsale,7600,,,tobedoneup,,,3,0,,,,,,,,,,10/18/22
10158496,house,house,249000,forsale,4000,installed,,good,gas,298,3,0,,true,270,true,,,1,,,10/18/22
10158495,house,apartmentblock,660000,forsale,4000,installed,,good,gas,271,0,0,,true,,,,,,,,10/18/22
10158494,house,house,289000,forsale,6870,installed,2022,,gas,,4,1363,,,,,,,,2,1,10/18/22
10111683,house,mixedusebuilding,2743000,forsale,9032,,1974,justrenovated,gas,110,0,298,,,,,,,,,,10/18/22
9953745,house,house,2750000,forsale,1050,installed,1904,good,gas,257,9,290,,true,,true,true,,2,,,10/18/22
9900633,house,apartmentblock,2800000,forsale,1150,hyperequipped,1986,good,gas,150,10,1988,,true,1500,true,,,3,4,,10/18/22
9888119,house,villa,2800000,forsale,1150,hyperequipped,1986,good,gas,150,10,1988,,true,1500,true,,,3,4,,10/18/22
9480365,house,villa,3200000,forsale,1380,installed,1971,asnew,fueloil,255,7,5300,true,true,,true,true,,6,10,,10/18/22
9791745,house,villa,3475000,forsale,1640,usauninstalled,1989,asnew,gas,169,6,3000,true,,,,true,true,3,,,10/18/22
10120836,house,house,3500000,forsale,1180,usahyperequipped,2013,asnew,gas,69,4,1400,,,1400,true,true,,1,3,,10/18/22
9893997,house,house,3500000,forsale,1180,hyperequipped,2000,asnew,gas,168,5,1370,true,true,1370,true,true,true,2,,,10/18/22
9947199,house,house,3525000,forsale,1180,installed,1920,tobedoneup,gas,525,5,3250,,true,,,true,,,2,,10/18/22
9950279,house,villa,3850000,forsale,8300,hyperequipped,,asnew,gas,197,5,570,,,,true,,,,4,,10/18/22
10010941,house,villa,4395000,forsale,8300,hyperequipped,,asnew,gas,168,6,664,,,541,true,,,1,5,,10/18/22
8390600,house,exceptionalproperty,4950000,forsale,1190,hyperequipped,1968,asnew,fueloil,484,6,4895,,true,,true,,true,3,10,,10/18/22
10021177,house,exceptionalproperty,5495000,forsale,8300,usahyperequipped,1989,asnew,gas,168,8,1174,,,1187,true,,true,2,4,,10/18/22
10157139,house,house,325000,forsale,9500,installed,1936,justrenovated,gas,170,4,266,,true,,true,,,,,,10/18/22
10157165,house,house,390000,forsale,3500,installed,1975,torenovate,electric,343,3,206,true,,,,,,2,,,10/18/22
10158270,house,house,450000,forsale,6700,installed,1966,good,fueloil,461,3,865,true,true,758,true,true,,1,3,,10/18/22
10157389,house,apartmentblock,885000,forsale,1200,installed,1956,torenovate,,,7,431,,true,313,true,,,,,,10/18/22
10157940,house,apartmentblock,1450000,forsale,2830,installed,1983,,gas,,20,1648,,true,,true,true,,,,,10/18/22
10132605,house,house,199900,forsale,6040,usahyperequipped,1899,justrenovated,gas,165,2,220,true,true,120,true,,,,,,10/18/22
10132759,house,house,239000,forsale,6700,notinstalled,1964,,fueloil,474,4,417,true,true,202,true,,,1,1,,10/18/22
10133151,house,house,529000,forsale,9160,hyperequipped,2021,asnew,electric,,2,441,,,250,true,true,,,2,,10/18/22
10132680,house,exceptionalproperty,780000,forsale,1490,installed,1991,good,gas,160,6,1252,,true,,true,true,,1,5,,10/18/22
10135558,house,house,99000,forsale,4100,semiequipped,,tobedoneup,gas,444,2,65,,true,,,,,,,,10/18/22
10134448,house,house,230000,forsale,5580,installed,,good,pellet,541,4,276,,true,,,,,,,,10/18/22
10134229,house,house,289000,forsale,8400,hyperequipped,,asnew,gas,295,3,98,true,,,true,,,1,1,,10/18/22
10134176,house,house,335000,forsale,8630,installed,,good,gas,362,2,764,,,,true,,,1,1,,10/18/22
10134683,house,villa,445000,forsale,8520,installed,,good,gas,228,3,565,true,true,,true,,,1,,,10/18/22
10135502,house,villa,749000,forsale,3500,installed,1969,good,gas,289,4,927,,,,,,,1,2,,10/18/22
10139177,house,house,135000,forsale,7860,,,,,697,2,224,,true,,true,,,,,,10/18/22
10139909,house,house,160000,forsale,8580,,,torenovate,electric,1163,2,0,,,,,,,1,,,10/18/22
10158560,apartment,apartment,388750,forsale,9220,hyperequipped,2022,,,,3,,,,111,true,,,,1,1,10/18/22
10158557,house,house,289000,forsale,6870,installed,2022,,gas,,4,1324,,,,true,,,,2,1,10/18/22
10158554,house,house,295000,forsale,8820,,,,,588,4,483,,true,,true,true,,2,,,10/18/22
10158500,apartmentgroup,apartmentgroup,357500-547500,forsale,1420,,,,,15,,,,,,,,,2,,1,10/18/22
10158498,house,house,138000,forsale,7600,,,tobedoneup,,,3,0,,,,,,,,,,10/18/22
10158496,house,house,249000,forsale,4000,installed,,good,gas,298,3,0,,true,270,true,,,1,,,10/18/22
10158495,house,apartmentblock,660000,forsale,4000,installed,,good,gas,271,0,0,,true,,,,,,,,10/18/22
10158494,house,house,289000,forsale,6870,installed,2022,,gas,,4,1363,,,,,,,,2,1,10/18/22
10138868,house,house,219500,forsale,8790,installed,,good,gas,512,3,171,true,true,,true,,,,,,10/18/22
10074375,house,house,299000,forsale,4837,installed,2022,,gas,90,3,268,,,150,,,,,1,1,10/18/22
10139378,house,house,305000,forsale,1457,installed,,torenovate,gas,329,2,351,,true,220,true,,,1,1,,10/18/22
10139404,house,house,325000,forsale,8820,installed,,good,fueloil,441,3,850,true,true,,true,,,1,1,,10/18/22
10048222,house,house,360000,forsale,6000,hyperequipped,2022,asnew,gas,80,4,700,,,800,true,,,1,1,1,10/18/22
10076871,house,house,360000,forsale,6001,hyperequipped,2022,asnew,gas,80,4,800,,,700,true,,,1,2,1,10/18/22
9382339,house,house,365000,forsale,1495,installed,2021,,gas,97,3,660,,,,,,,,3,1,10/18/22
10125066,house,house,449000,forsale,6792,notinstalled,2022,asnew,gas,86,4,666,,,,true,,,2,2,1,10/18/22
9799173,house,house,524500,forsale,9000,installed,2022,,,,4,180,,,,,true,,,,1,10/18/22
10140039,house,exceptionalproperty,559000,forsale,1180,semiequipped,,justrenovated,gas,420,3,0,,true,,,,,,,,10/18/22
10140038,house,house,559000,forsale,1180,semiequipped,,justrenovated,gas,420,3,0,,true,,,,,,,,10/18/22
10143944,house,house,165000,forsale,8820,semiequipped,1938,torenovate,gas,502,3,389,true,,220,true,true,,1,,,10/18/22
10143029,house,house,290000,forsale,1790,hyperequipped,1939,asnew,gas,206,2,130,,,,true,,,,2,,10/18/22
10143030,house,house,295000,forsale,1790,semiequipped,1964,torenovate,fueloil,1070,3,367,true,true,100,true,,,1,4,,10/18/22
10144063,house,house,319000,forsale,8000,hyperequipped,,asnew,gas,326,3,77,true,,,true,,,,,,10/18/22
10144461,house,house,500000,forsale,9052,hyperequipped,1959,justrenovated,gas,188,3,350,,,250,true,,,,,,10/18/22
10143942,house,house,549000,forsale,1180,usahyperequipped,,asnew,gas,567,3,140,,true,50,true,,,,,,10/18/22
10144653,house,house,695000,forsale,1180,installed,1930,good,gas,,4,1064,,,,true,,,2,,,10/18/22
10082822,house,mixedusebuilding,1490000,forsale,1050,,1935,asnew,gas,,0,0,,,,,,,,,,10/18/22
10144408,house,mansion,2475000,forsale,1050,hyperequipped,1925,good,gas,227,4,0,true,true,,true,,,1,,,10/18/22
10146322,house,house,625000,forsale,9420,,1975,asnew,gas,309,4,2416,,true,,true,,,1,,,10/18/22
10148912,house,house,169000,forsale,8501,notinstalled,1937,torenovate,gas,623,4,176,,true,,,,,,,,10/18/22
10149154,house,house,170000,forsale,4020,installed,,good,gas,211,2,104,,true,,true,true,,,,,10/18/22
10150516,house,house,349000,forsale,8300,installed,1939,good,gas,261,2,152,,,,,,,1,,,10/18/22
10148876,house,house,425000,forsale,3770,hyperequipped,1982,good,gas,166,3,576,,true,413,true,true,,2,4,,10/18/22
10149425,house,townhouse,485000,forsale,1400,usainstalled,2003,asnew,,242,3,315,,true,235,true,true,,2,2,,10/18/22
10092686,house,house,549000,forsale,2018,usahyperequipped,,good,gas,448,4,145,true,true,56,,true,,,,,10/18/22
10045984,house,house,225000,forsale,3300,installed,1941,good,,533,2,214,,true,72,,,,1,,,10/18/22
10154842,house,house,299000,forsale,9420,installed,1930,good,gas,187,4,191,,,,true,true,,,,,10/18/22
10156521,house,house,349000,forsale,2491,installed,2022,,,,4,801,,true,337,true,true,,,,,10/18/22
10158560,apartment,apartment,388750,forsale,9220,hyperequipped,2022,,,,3,,,,111,true,,,,1,1,10/18/22
10158557,house,house,289000,forsale,6870,installed,2022,,gas,,4,1324,,,,true,,,,2,1,10/18/22
10158554,house,house,295000,forsale,8820,,,,,588,4,483,,true,,true,true,,2,,,10/18/22
10158500,apartmentgroup,apartmentgroup,357500-547500,forsale,1420,,,,,15,,,,,,,,,2,,1,10/18/22
10158498,house,house,138000,forsale,7600,,,tobedoneup,,,3,0,,,,,,,,,,10/18/22
10158496,house,house,249000,forsale,4000,installed,,good,gas,298,3,0,,true,270,true,,,1,,,10/18/22
10158495,house,apartmentblock,660000,forsale,4000,installed,,good,gas,271,0,0,,true,,,,,,,,10/18/22
10158494,house,house,289000,forsale,6870,installed,2022,,gas,,4,1363,,,,,,,,2,1,10/18/22
10156519,house,house,449000,forsale,2491,installed,2022,,,,4,801,,true,,true,true,,,,,10/18/22
10155156,house,villa,565000,forsale,7730,hyperequipped,,asnew,gas,237,3,850,,,420,true,,true,2,6,,10/18/22
10156417,house,manorhouse,595000,forsale,8460,,2018,good,fueloil,541,2,2650,,,,true,,true,4,,,10/18/22
10156537,house,house,748000,forsale,1180,semiequipped,1932,torenovate,,424,5,430,,true,300,,,,,,,10/18/22
10143365,house,villa,895000,forsale,8300,hyperequipped,2022,asnew,,,5,442,true,,,true,,,1,,1,10/18/22
10155214,house,exceptionalproperty,1595000,forsale,1860,usahyperequipped,1941,asnew,gas,,4,1105,,true,875,true,true,,1,3,,10/18/22
10130899,house,house,145000,forsale,7971,installed,,justrenovated,gas,288,2,720,,,,true,,,,,,10/18/22
10131484,house,house,149000,forsale,9500,semiequipped,,tobedoneup,gas,620,3,120,true,true,25,true,,,,,,10/18/22
10132006,house,villa,459000,forsale,3071,usasemiequipped,2003,tobedoneup,gas,330,2,417,true,,300,,,,1,2,,10/18/22
10131854,house,house,499000,forsale,2590,installed,1999,,gas,214,3,986,,true,,true,true,,3,2,,10/18/22
10130849,house,house,645000,forsale,1030,usahyperequipped,1910,asnew,gas,432,4,120,,true,40,,,,,1,,10/18/22
10131911,house,mansion,849000,forsale,9000,usainstalled,1909,asnew,gas,274,3,75,true,true,,true,true,,,,,10/18/22
10131175,house,house,850000,forsale,1050,usahyperequipped,1880,asnew,gas,219,4,1,,true,95,true,true,,,,,10/18/22
10136773,house,house,185000,forsale,9690,semiequipped,,tobedoneup,fueloil,717,3,814,,true,,true,,,,,,10/18/22
10136816,house,house,195000,forsale,6043,installed,,justrenovated,gas,228,3,806,,true,,,,,,,,10/18/22
10137371,house,house,259000,forsale,9100,semiequipped,1986,good,gas,465,3,875,,true,,true,,,1,,,10/18/22
10137370,house,villa,259000,forsale,9100,semiequipped,1986,good,gas,465,3,875,,true,,true,,,1,,,10/18/22
10136520,house,house,285000,forsale,8820,installed,,good,gas,767,3,433,true,,,,,,,,,10/18/22
10136794,house,house,295000,forsale,9230,installed,,good,fueloil,352,4,450,true,,,true,,,1,1,,10/18/22
10136952,house,house,359000,forsale,9800,installed,1965,tobedoneup,,562,3,827,,,,,,,4,3,,10/18/22
9975567,house,house,430000,forsale,7500,installed,1910,torenovate,gas,320,5,253,,true,150,true,,,2,1,,10/18/22
10136240,house,house,695000,forsale,1300,hyperequipped,1899,good,gas,329,6,1277,true,true,1277,true,true,,1,4,,10/18/22
10136827,house,bungalow,739000,forsale,9100,installed,2000,good,,69,3,0,,true,,,,true,1,4,,10/18/22
10137306,house,villa,1685000,forsale,1831,usasemiequipped,1970,asnew,,390,4,4300,true,true,2000,true,true,,2,2,,10/18/22
10136448,house,villa,2250000,forsale,7322,hyperequipped,2017,asnew,,119,4,7165,true,true,6714,true,true,true,2,6,,10/18/22
9756357,house,apartmentblock,2250000,forsale,7380,installed,2003,asnew,electric,196,31,0,,true,,true,,,,,,10/18/22
10142078,house,villa,149000,forsale,8520,semiequipped,,tobedoneup,gas,656,3,141,true,true,,true,,,1,1,,10/18/22
10141554,house,house,195000,forsale,5560,installed,,good,fueloil,444,3,530,true,true,,true,,,1,1,,10/18/22
10141137,house,house,339000,forsale,9470,hyperequipped,1988,good,gas,345,3,480,true,,,true,true,,1,2,,10/18/22
10141887,house,house,365000,forsale,3300,installed,1936,good,gas,283,3,800,,true,202,true,,,1,2,,10/18/22
10158560,apartment,apartment,388750,forsale,9220,hyperequipped,2022,,,,3,,,,111,true,,,,1,1,10/18/22
10158557,house,house,289000,forsale,6870,installed,2022,,gas,,4,1324,,,,true,,,,2,1,10/18/22
10158554,house,house,295000,forsale,8820,,,,,588,4,483,,true,,true,true,,2,,,10/18/22
10158500,apartmentgroup,apartmentgroup,357500-547500,forsale,1420,,,,,15,,,,,,,,,2,,1,10/18/22
10158498,house,house,138000,forsale,7600,,,tobedoneup,,,3,0,,,,,,,,,,10/18/22
10158496,house,house,249000,forsale,4000,installed,,good,gas,298,3,0,,true,270,true,,,1,,,10/18/22
10158495,house,apartmentblock,660000,forsale,4000,installed,,good,gas,271,0,0,,true,,,,,,,,10/18/22
10158494,house,house,289000,forsale,6870,installed,2022,,gas,,4,1363,,,,,,,,2,1,10/18/22
10140362,house,house,419000,forsale,9050,installed,1946,justrenovated,gas,265,3,150,,,,true,,,,,,10/18/22
10142368,house,house,489000,forsale,8800,installed,2013,good,gas,103,4,601,,,269,,,true,1,,,10/18/22
10140905,house,exceptionalproperty,2245000,forsale,2500,hyperequipped,1994,,,319,4,49140,,true,,true,true,,,8,,10/18/22
10145175,house,house,260000,forsale,1480,installed,1980,good,gas,378,3,490,,true,400,true,,,1,,,10/18/22
10146130,house,house,310000,forsale,2500,,2017,asnew,gas,159,2,220,,true,115,true,,,,,,10/18/22
10145349,house,house,389000,forsale,9450,hyperequipped,1973,good,gas,465,3,652,true,true,,,,,,3,,10/18/22
10146180,house,villa,450000,forsale,1457,notinstalled,2002,good,gas,294,4,806,,,806,,true,,,5,,10/18/22
10145818,house,house,2900000,forsale,1000,,1933,asnew,gas,184,4,395,,true,,true,true,,2,1,,10/18/22
10145265,house,villa,4500000,forsale,8300,hyperequipped,2018,asnew,,71.13,5,930,,true,,true,true,true,2,,,10/18/22
10147727,house,house,145000,forsale,4420,notinstalled,,good,gas,444,3,390,,,180,true,,,,,,10/18/22
10146998,house,house,149000,forsale,4040,installed,,good,gas,328,2,60,true,true,,true,,,,,,10/18/22
10146999,house,house,229000,forsale,4420,installed,,tobedoneup,fueloil,420,3,841,true,,400,true,true,,1,,,10/18/22
10148324,house,house,250000,forsale,9340,installed,1967,asnew,gas,334,3,187,,,,,,,1,,,10/18/22
10125234,house,house,255000,forsale,8000,notinstalled,,,gas,461,3,61,,,28,true,,,,,,10/18/22
10146857,house,house,285000,forsale,4219,installed,,good,fueloil,313,4,487,true,true,222,true,true,,,5,,10/18/22
10147372,house,house,300000,forsale,5377,,1912,good,fueloil,252,4,694,true,true,1051,true,,,,2,,10/18/22
10137609,house,house,330000,forsale,3581,installed,2021,asnew,gas,20,4,335,,,,,,,,,1,10/18/22
10147504,house,house,398000,forsale,1731,installed,1935,,,656,4,417,,true,300,true,,,2,2,,10/18/22
10147503,house,exceptionalproperty,398000,forsale,1731,installed,1935,,,656,4,417,,true,300,true,,,2,2,,10/18/22
10147117,house,villa,725000,forsale,1410,hyperequipped,1956,good,gas,255,3,544,,true,,,true,true,1,2,,10/18/22
10147911,house,villa,2950000,forsale,1180,usainstalled,1920,good,,525,9,3250,true,true,,true,true,,6,6,,10/18/22
10010472,house,house,290000,forsale,8800,installed,1951,asnew,gas,239,3,280,,true,,,true,,,,,10/18/22
10152257,house,house,359000,forsale,2070,hyperequipped,,asnew,gas,209,3,215,true,true,,true,,,,,,10/18/22
10151501,house,house,569000,forsale,9160,installed,1975,asnew,,336,6,304,true,true,,true,true,,1,,,10/18/22
10151364,house,villa,585000,forsale,1420,,1976,good,gas,261,5,628,,,628,,true,,,,,10/18/22
10086263,house,house,675000,forsale,2550,hyperequipped,2012,justrenovated,gas,135,3,605,,,,,,,,3,,10/18/22
10152051,house,mixedusebuilding,850000,forsale,8510,usainstalled,1991,good,fueloil,221,4,1834,true,true,,true,true,,3,16,,10/18/22
10017440,house,house,25000,forsale,4500,installed,2010,good,,232,3,753,,true,,true,,,,2,,10/18/22
10070577,house,house,40000,forsale,4130,installed,,good,fueloil,360,3,1457,,true,,true,,,,,,10/18/22
10158560,apartment,apartment,388750,forsale,9220,hyperequipped,2022,,,,3,,,,111,true,,,,1,1,10/18/22
10158557,house,house,289000,forsale,6870,installed,2022,,gas,,4,1324,,,,true,,,,2,1,10/18/22
10158554,house,house,295000,forsale,8820,,,,,588,4,483,,true,,true,true,,2,,,10/18/22
10158500,apartmentgroup,apartmentgroup,357500-547500,forsale,1420,,,,,15,,,,,,,,,2,,1,10/18/22
10158498,house,house,138000,forsale,7600,,,tobedoneup,,,3,0,,,,,,,,,,10/18/22
10158496,house,house,249000,forsale,4000,installed,,good,gas,298,3,0,,true,270,true,,,1,,,10/18/22
10158495,house,apartmentblock,660000,forsale,4000,installed,,good,gas,271,0,0,,true,,,,,,,,10/18/22
10158494,house,house,289000,forsale,6870,installed,2022,,gas,,4,1363,,,,,,,,2,1,10/18/22
10076261,house,house,40000,forsale,4400,semiequipped,,torenovate,gas,415,2,110,,true,,,,,,,,10/18/22
9830619,house,house,50000,forsale,4100,installed,,asnew,fueloil,360,2,892,,,892,true,,,2,4,,10/18/22
9824384,house,house,65000,forsale,4570,notinstalled,,torenovate,,574,2,450,,,400,,,,,,,10/18/22
10128942,house,house,80000,forsale,5542,installed,,good,electric,844,1,41,,,,true,,,,,,10/18/22
10123756,house,house,83000,forsale,4020,semiequipped,,tobedoneup,gas,416,1,80,,true,,true,,,,,,10/18/22
10121515,house,house,94000,forsale,4032,notinstalled,,torenovate,gas,302,2,110,,true,,true,,,,,,10/18/22
10094453,house,house,95000,forsale,4680,,,torenovate,,1223,1,170,,true,89,,,,1,,,10/18/22
10105317,house,house,99000,forsale,4102,,,torenovate,gas,1036,4,369,,true,226,,,,,,,10/18/22
10124651,house,house,100000,forsale,6640,installed,1935,good,fueloil,456,3,706,true,true,486,true,,,1,,,10/18/22
9994325,house,house,109500,forsale,4560,installed,,good,,506,1,40,,,,,,,,,,10/18/22
9965744,house,house,110000,forsale,8940,semiequipped,,torenovate,gas,353,3,235,,,,true,,,,,,10/18/22
10086223,house,house,115000,forsale,4900,semiequipped,,justrenovated,gas,279,3,40,,,,,,,,,,10/18/22
9994744,house,house,115000,forsale,8930,installed,,good,gas,442,4,55,true,true,,true,,,,,,10/18/22
8850484,house,house,119000,forsale,6030,installed,,good,gas,475,4,85,true,,,,,,1,1,,10/18/22
9873103,house,house,119500,forsale,4100,semiequipped,1980,good,gas,387,3,75,,true,18,,,,,,,10/18/22
9983758,house,house,119999,forsale,6030,installed,1904,good,fueloil,374,3,70,true,true,,true,true,,,1,,10/18/22
9708792,house,house,119999,forsale,6150,semiequipped,1904,tobedoneup,,447,2,232,true,true,150,true,,,,,,10/18/22
10010631,house,house,120000,forsale,6020,installed,,good,,574,2,500,true,true,400,,,,,,,10/18/22
10017250,house,house,124999,forsale,6001,notinstalled,1951,torenovate,gas,328,3,380,true,true,219,,true,,1,2,,10/18/22
9897886,house,house,125000,forsale,7380,semiequipped,,good,,507,4,110,,true,,true,,,,,,10/18/22
10098086,house,house,130000,forsale,5542,hyperequipped,,asnew,electric,722,3,53,,,,true,,,,,,10/18/22
9555977,house,house,135000,forsale,7700,semiequipped,,justrenovated,electric,403,2,80,,true,22,true,,,,,,10/18/22
10002780,house,house,139000,forsale,4570,semiequipped,,good,fueloil,486,2,403,,true,213,true,,,1,,,10/18/22
10126498,house,house,139000,forsale,4800,semiequipped,,tobedoneup,gas,156,6,66,true,true,,,,,,,,10/18/22
9998987,house,house,139000,forsale,5580,notinstalled,,torestore,,470,4,357,true,,,true,,,2,,,10/18/22
9690339,house,house,139999,forsale,6200,installed,1948,good,,444,2,265,,,115,true,,,,,,10/18/22
9917021,house,house,142000,forsale,6060,notinstalled,,torestore,fueloil,513,3,430,,true,,true,,,,,,10/18/22
9627833,house,house,149000,forsale,4000,semiequipped,,tobedoneup,gas,320,2,171,true,true,70,true,,,,,,10/18/22
9979706,house,house,149000,forsale,9550,semiequipped,,torenovate,gas,1204,1,209,,,,true,,,,1,,10/18/22
10013088,house,house,149999,forsale,6061,installed,1900,good,gas,661,3,473,true,true,250,true,,,1,2,,10/18/22
10158560,apartment,apartment,388750,forsale,9220,hyperequipped,2022,,,,3,,,,111,true,,,,1,1,10/18/22
10158557,house,house,289000,forsale,6870,installed,2022,,gas,,4,1324,,,,true,,,,2,1,10/18/22
10158554,house,house,295000,forsale,8820,,,,,588,4,483,,true,,true,true,,2,,,10/18/22
10158500,apartmentgroup,apartmentgroup,357500-547500,forsale,1420,,,,,15,,,,,,,,,2,,1,10/18/22
10158498,house,house,138000,forsale,7600,,,tobedoneup,,,3,0,,,,,,,,,,10/18/22
10158496,house,house,249000,forsale,4000,installed,,good,gas,298,3,0,,true,270,true,,,1,,,10/18/22
10158495,house,apartmentblock,660000,forsale,4000,installed,,good,gas,271,0,0,,true,,,,,,,,10/18/22
10158494,house,house,289000,forsale,6870,installed,2022,,gas,,4,1363,,,,,,,,2,1,10/18/22
9867720,house,house,150000,forsale,6230,installed,1874,justrenovated,gas,368,2,200,,,140,,,,,,,10/18/22
10073072,house,house,155000,forsale,4102,installed,,good,gas,549,5,128,true,,,true,,,1,,,10/18/22
9931367,house,house,155000,forsale,9600,hyperequipped,1900,tobedoneup,gas,579,3,51,true,,,,,,,,,10/18/22
9936616,house,house,159000,forsale,4300,semiequipped,1940,tobedoneup,electric,709,2,60,,true,,,,,,,,10/18/22
10115098,house,house,164900,forsale,8930,semiequipped,,good,gas,653,3,167,true,true,,true,,,,,,10/18/22
10055333,house,house,165000,forsale,6224,semiequipped,,good,gas,503,2,1313,,true,,,,,,,,10/18/22
10071913,house,house,169000,forsale,4102,usainstalled,1980,good,gas,266,2,60,,true,,true,,,,,,10/18/22
9923198,house,house,169900,forsale,6183,installed,1900,good,gas,326,2,264,true,true,200,true,true,,,,,10/18/22
10107598,house,house,170000,forsale,4700,installed,1964,tobedoneup,gas,299,4,205,true,true,140,true,,,,,,10/18/22
10102402,house,house,172000,forsale,6240,installed,,good,,713,2,850,,true,,,,,1,,,10/18/22
9813622,house,house,172500,forsale,7100,semiequipped,1936,good,gas,435,2,299,true,true,,true,true,,1,1,,10/18/22
9996500,house,house,175000,forsale,6200,installed,1918,tobedoneup,gas,420,3,230,true,true,150,true,,,,,,10/18/22
9958835,house,countrycottage,175000,forsale,7950,semiequipped,,torenovate,fueloil,540,3,320,,true,,,,,1,,,10/18/22
9880891,house,house,179000,forsale,7170,installed,1900,good,gas,316,3,180,true,true,65,true,true,,,,,10/18/22
9712412,house,house,183000,forsale,8370,,1899,good,gas,558,2,50,,,,,,,,,,10/18/22
10053068,house,house,184000,forsale,1745,semiequipped,,good,gas,600,2,148,,true,,true,,,,1,,10/18/22
9856432,house,house,185000,forsale,4180,notinstalled,,torenovate,,407,6,142,,,,,,,,,,10/18/22
9962035,house,house,185000,forsale,7060,semiequipped,1931,good,gas,273,3,110,,true,,true,,,,,,10/18/22
10127164,house,house,185000,forsale,8980,semiequipped,,good,gas,846,3,873,,,,,,,,,,10/18/22
10094795,house,house,186000,forsale,7860,semiequipped,,justrenovated,gas,208,5,80,,true,,,,,,,,10/18/22
9926838,house,house,189500,forsale,4460,installed,2016,asnew,gas,78,3,130,,,22,true,,,,1,,10/18/22
9659617,house,house,189900,forsale,6044,semiequipped,1874,good,gas,509,4,580,,true,480,,,,2,1,,10/18/22
9973391,house,house,195000,forsale,3890,installed,1950,tobedoneup,fueloil,641,2,366,true,true,120,true,,,1,2,,10/18/22
9316561,house,house,195000,forsale,6150,installed,1970,tobedoneup,,703,3,123,,,,true,,,,,,10/18/22
10028337,house,house,195000,forsale,7110,installed,1934,good,gas,668,4,300,true,true,,true,true,,,,,10/18/22
10036607,house,house,195000,forsale,7830,semiequipped,,tobedoneup,fueloil,524,2,420,,true,,,,,3,,,10/18/22
9868131,house,house,199000,forsale,3800,installed,1930,torenovate,gas,341,4,90,true,true,,true,,,,,,10/18/22
9871005,house,house,199000,forsale,4000,semiequipped,,torestore,gas,394,3,125,,,79,,,,,,,10/18/22
9748087,house,mixedusebuilding,199000,forsale,4260,,,good,fueloil,543,3,510,,true,215,true,,,1,,,10/18/22
10118552,house,house,199000,forsale,4430,installed,,good,fueloil,374,3,175,,true,118,true,,,1,,,10/18/22
10158560,apartment,apartment,388750,forsale,9220,hyperequipped,2022,,,,3,,,,111,true,,,,1,1,10/18/22
10158557,house,house,289000,forsale,6870,installed,2022,,gas,,4,1324,,,,true,,,,2,1,10/18/22
10158554,house,house,295000,forsale,8820,,,,,588,4,483,,true,,true,true,,2,,,10/18/22
10158500,apartmentgroup,apartmentgroup,357500-547500,forsale,1420,,,,,15,,,,,,,,,2,,1,10/18/22
10158498,house,house,138000,forsale,7600,,,tobedoneup,,,3,0,,,,,,,,,,10/18/22
10158496,house,house,249000,forsale,4000,installed,,good,gas,298,3,0,,true,270,true,,,1,,,10/18/22
10158495,house,apartmentblock,660000,forsale,4000,installed,,good,gas,271,0,0,,true,,,,,,,,10/18/22
10158494,house,house,289000,forsale,6870,installed,2022,,gas,,4,1363,,,,,,,,2,1,10/18/22
9923947,house,house,199000,forsale,6180,installed,1950,justrenovated,gas,303,2,385,,true,210,true,,,,,,10/18/22
10003030,house,house,199000,forsale,9080,semiequipped,1950,torenovate,gas,809,3,260,true,,140,,,,,,,10/18/22
10121482,house,house,199000,forsale,9620,hyperequipped,,good,gas,394,2,95,,true,,,,,,,,10/18/22
10065887,house,house,199900,forsale,6183,semiequipped,1899,tobedoneup,pellet,501,4,400,true,true,250,true,,,,1,,10/18/22
10059488,house,house,199900,forsale,6238,semiequipped,1899,tobedoneup,gas,308,4,210,true,true,,true,true,,,,,10/18/22
9959544,house,house,199900,forsale,6238,installed,1971,good,fueloil,327,3,375,true,true,200,true,,,,,,10/18/22
10123926,house,apartmentblock,200000,forsale,6041,semiequipped,1900,tobedoneup,gas,220,5,115,true,,,true,,,,,,10/18/22
9981039,house,house,210000,forsale,1460,installed,1900,good,gas,403,3,270,true,true,200,true,,,,,,10/18/22
10029659,house,house,210000,forsale,6791,,1919,tobedoneup,fueloil,459,3,547,,true,,,,,,,,10/18/22
10011082,house,house,210000,forsale,7100,hyperequipped,,asnew,gas,230,3,403,true,true,350,true,,,1,1,,10/18/22
9899911,house,house,215000,forsale,4260,installed,1954,justrenovated,pellet,175,2,412,,,338,true,,,,1,,10/18/22
10094373,house,house,215000,forsale,4690,semiequipped,,tobedoneup,fueloil,347,2,125,true,true,,true,,,,,,10/18/22
9997732,house,house,219000,forsale,3770,semiequipped,1947,good,fueloil,514,2,1494,true,true,938,true,true,,1,1,,10/18/22
10079626,house,house,219000,forsale,9500,semiequipped,,torenovate,fueloil,679,4,1740,true,true,,,,,1,,,10/18/22
9973399,house,house,219500,forsale,4400,installed,1958,good,gas,356,3,270,,true,163,true,,,2,1,,10/18/22
10038348,house,apartmentblock,225000,forsale,1420,notinstalled,,torenovate,gas,337,3,95,true,true,,,,,1,,,10/18/22
10102037,house,house,225000,forsale,4101,installed,,good,gas,380,3,207,true,true,,true,,,,,,10/18/22
10117249,house,townhouse,225000,forsale,4420,installed,1978,asnew,gas,246,3,137,,,60,true,true,,1,1,,10/18/22
9804105,house,house,229000,forsale,4000,semiequipped,,good,gas,355,4,162,,true,50,true,,,,,,10/18/22
10081776,house,mixedusebuilding,229000,forsale,6890,semiequipped,,torenovate,fueloil,273,4,962,true,true,550,true,true,,,6,,10/18/22
10106474,house,house,229000,forsale,8500,semiequipped,,tobedoneup,fueloil,384,3,371,,,,true,,,,,,10/18/22
10125097,house,house,229000,forsale,8540,installed,,tobedoneup,fueloil,607,3,231,true,,,true,,,1,,,10/18/22
10090890,house,house,229900,forsale,1472,notinstalled,1900,tobedoneup,fueloil,600,2,475,true,true,300,true,,,,,,10/18/22
10048300,house,house,230000,forsale,6061,installed,,justrenovated,gas,287,3,171,,true,,true,,,1,,,10/18/22
9919710,house,house,230000,forsale,6700,notinstalled,1900,good,fueloil,359,2,756,true,,,,,,1,2,,10/18/22
9725118,house,house,230000,forsale,7040,installed,,good,gas,219,3,1667,true,,600,true,true,,1,6,,10/18/22
9974497,house,house,235000,forsale,2100,installed,1927,tobedoneup,gas,299,3,150,,,80,,,,,,,10/18/22
10024027,house,house,235000,forsale,4537,installed,,good,fueloil,500,2,350,,,250,true,,,1,,,10/18/22
10037075,house,house,239000,forsale,4121,installed,,good,fueloil,577,4,343,,,240,true,,,,,,10/18/22
10101793,house,house,239000,forsale,4280,installed,1930,good,gas,471,3,294,true,true,,true,true,,1,2,,10/18/22
10158584,apartment,apartment,110000,forsale,8600,,,good,,289,2,,,true,,,,,,,,10/18/22
10158582,house,house,305000,forsale,2340,installed,1967,tobedoneup,fueloil,790,3,595,,true,,,,,1,,,10/18/22
10158581,house,house,160000,forsale,6010,notinstalled,,torestore,gas,251,4,0,,true,,,,,,,,10/18/22
10158578,house,house,299000,forsale,1502,,1968,,,,5,1991,,,,,,,,,,10/18/22
10158572,house,house,289000,forsale,3500,semiequipped,1960,torenovate,fueloil,672,3,1337,,true,,,,,1,,,10/18/22
10158571,house,house,229000,forsale,3550,semiequipped,1950,torenovate,fueloil,864,3,281,,true,,true,,,,2,,10/18/22
10093588,apartment,duplex,250000,forsale,8370,,,asnew,gas,152,2,,,,,true,,,,,,10/18/22
10158570,house,house,295000,forsale,8530,,1950,asnew,gas,159,4,210,,true,,true,,,1,,,10/18/22
9930282,house,house,239000,forsale,4347,semiequipped,1930,tobedoneup,fueloil,366,5,408,true,true,283,true,true,,1,4,,10/18/22
10100225,house,house,239000,forsale,4500,installed,,asnew,gas,408,2,0,,,,true,true,,,,,10/18/22
9993897,house,house,239000,forsale,9320,semiequipped,,torenovate,electric,1123,3,281,true,,,true,,,1,1,,10/18/22
9989934,house,house,239000,forsale,9520,semiequipped,,tobedoneup,fueloil,505,3,416,true,true,,true,,,1,,,10/18/22
9941666,house,house,239000,forsale,9550,installed,,good,gas,518,2,300,true,true,115,true,,,,,,10/18/22
10100389,house,house,239000,forsale,9620,installed,,good,fueloil,270,4,100,true,,,true,,,,,,10/18/22
10049587,house,house,239900,forsale,4100,installed,1940,good,gas,331,4,177,true,true,35,true,,,1,,,10/18/22
10038607,house,house,241000,forsale,4000,installed,1830,justrenovated,pellet,122,2,48,,true,6,true,,,,,,10/18/22
10118683,house,house,245000,forsale,5590,semiequipped,,tobedoneup,fueloil,417,3,589,,,589,true,,,1,1,,10/18/22
10129593,house,house,248000,forsale,7700,installed,,good,gas,161,3,0,,true,,,,,,,,10/18/22
10100927,house,house,249000,forsale,1476,installed,2009,good,,284,2,4300,,,,true,,,,1,,10/18/22
10092236,house,house,249000,forsale,2660,installed,,asnew,,219,3,75,,,21,,,,,,,10/18/22
10086734,house,house,249000,forsale,4031,installed,,good,gas,412,4,165,,true,90,true,,,,,,10/18/22
10070100,house,house,249000,forsale,4920,semiequipped,,good,fueloil,367,2,1622,,true,984,true,,,,,,10/18/22
9292436,house,house,249000,forsale,7700,semiequipped,,torenovate,gas,529,6,270,,true,,true,,,,,,10/18/22
9964700,house,house,249000,forsale,8420,installed,,good,gas,402,6,170,,,,,,,,,,10/18/22
10015260,house,house,249000,forsale,9600,installed,,good,gas,245,2,480,true,true,350,true,,,,1,,10/18/22
10110276,house,house,249900,forsale,1030,notinstalled,1919,torenovate,gas,396,4,180,true,true,90,true,,,,,,10/18/22
9905154,house,house,249900,forsale,6041,installed,1918,good,gas,353,4,1155,true,true,1000,true,true,,1,4,,10/18/22
9917159,house,mansion,249900,forsale,6180,installed,1899,good,gas,439,5,1140,true,true,1040,true,,,1,2,,10/18/22
9688618,house,mansion,250000,forsale,6041,installed,1920,good,gas,287,3,350,true,true,250,true,,,,,,10/18/22
9995560,house,house,250000,forsale,6238,notinstalled,1874,tobedoneup,fueloil,442,3,735,true,true,545,true,,,1,2,,10/18/22
10097073,house,house,250000,forsale,6927,installed,,justrenovated,fueloil,954,3,888,,,,true,,,1,4,,10/18/22
10028613,house,house,255000,forsale,2850,hyperequipped,1918,tobedoneup,gas,710,4,128,,true,,true,true,,1,,,10/18/22
10092695,house,house,255000,forsale,7110,installed,1980,asnew,gas,626,3,388,true,true,,true,,,1,,,10/18/22
9915343,house,house,259000,forsale,2110,installed,1949,torenovate,gas,609,2,285,,true,200,,,,,,,10/18/22
10081973,house,house,265000,forsale,6200,installed,,justrenovated,gas,300,2,725,,true,,,,,1,2,,10/18/22
9967419,house,house,265000,forsale,9552,installed,,tobedoneup,fueloil,867,3,440,true,true,240,true,,,1,1,,10/18/22
9988822,house,house,269000,forsale,1790,installed,1938,torenovate,fueloil,801,3,1017,true,true,835,,,,1,3,,10/18/22
10105052,house,house,269000,forsale,4000,installed,,good,gas,219,2,530,,,426,true,,,1,1,,10/18/22
10158584,apartment,apartment,110000,forsale,8600,,,good,,289,2,,,true,,,,,,,,10/18/22
10158582,house,house,305000,forsale,2340,installed,1967,tobedoneup,fueloil,790,3,595,,true,,,,,1,,,10/18/22
10158581,house,house,160000,forsale,6010,notinstalled,,torestore,gas,251,4,0,,true,,,,,,,,10/18/22
10158578,house,house,299000,forsale,1502,,1968,,,,5,1991,,,,,,,,,,10/18/22
10158572,house,house,289000,forsale,3500,semiequipped,1960,torenovate,fueloil,672,3,1337,,true,,,,,1,,,10/18/22
10158571,house,house,229000,forsale,3550,semiequipped,1950,torenovate,fueloil,864,3,281,,true,,true,,,,2,,10/18/22
10093588,apartment,duplex,250000,forsale,8370,,,asnew,gas,152,2,,,,,true,,,,,,10/18/22
10158570,house,house,295000,forsale,8530,,1950,asnew,gas,159,4,210,,true,,true,,,1,,,10/18/22
9943797,house,townhouse,269000,forsale,4280,notinstalled,1963,tobedoneup,fueloil,501,4,1291,true,true,1220,true,true,,1,3,,10/18/22
9874761,house,apartmentblock,269000,forsale,4500,,,good,fueloil,238,5,55,,true,,true,,,,,,10/18/22
10029266,house,house,275000,forsale,1357,installed,1937,good,fueloil,333,3,1883,true,true,1788,true,,,,,,10/18/22
9906910,house,house,275000,forsale,4260,installed,1861,tobedoneup,fueloil,550,4,1308,true,true,1171,true,true,,2,2,,10/18/22
10001869,house,house,275000,forsale,4400,notinstalled,1899,good,gas,305,5,236,true,true,130,true,true,,,,,10/18/22
10106477,house,house,275000,forsale,5030,semiequipped,,good,gas,652,2,720,,true,,true,,,2,1,,10/18/22
10116495,house,house,275000,forsale,9600,,,tobedoneup,,503,4,406,,,,,,,4,,,10/18/22
9844564,house,house,275000,forsale,9910,installed,,good,gas,183,2,268,true,true,150,,,,,1,,10/18/22
10013176,house,house,279000,forsale,4432,installed,1964,good,fueloil,417,4,182,,,110,true,true,,2,2,,10/18/22
10125096,house,house,279000,forsale,8790,installed,,good,gas,486,3,396,true,,,,,,1,,,10/18/22
9905153,house,mansion,279900,forsale,6180,semiequipped,1918,torenovate,gas,612,3,2892,true,true,2500,true,true,,1,6,,10/18/22
10009614,house,house,279900,forsale,6238,installed,1899,good,gas,438,3,420,true,true,200,true,true,,,4,,10/18/22
9832430,house,house,280000,forsale,6700,installed,,torenovate,fueloil,477,3,385,,true,,true,,,3,,,10/18/22
10113534,house,house,280000,forsale,9400,installed,1963,tobedoneup,fueloil,932,3,1016,true,,,,,,1,4,,10/18/22
10083162,house,house,285000,forsale,2020,installed,1950,good,gas,275,2,129,,true,40,true,true,,,,,10/18/22
10059952,house,house,285000,forsale,3400,hyperequipped,1962,justrenovated,gas,350,2,252,true,true,120,true,,,,2,,10/18/22
10064484,house,house,285000,forsale,4280,hyperequipped,2016,good,electric,130,3,287,true,,231,true,,,,2,,10/18/22
10071906,house,house,285000,forsale,4287,semiequipped,1920,good,fueloil,700,3,543,true,true,354,true,,,1,3,,10/18/22
10124835,house,house,285000,forsale,9550,installed,,good,electric,440,3,295,,,,true,,,1,1,,10/18/22
9956155,house,house,286000,forsale,9000,installed,1958,good,gas,250,2,47,,,,,,,,,,10/18/22
10080348,house,house,289000,forsale,7100,semiequipped,1983,good,gas,317,3,1060,true,true,,true,true,,1,5,,10/18/22
10118554,house,house,289000,forsale,9400,semiequipped,,tobedoneup,fueloil,877,4,1300,true,true,1000,true,,,1,1,,10/18/22
9698945,house,house,289000,forsale,9520,installed,,good,fueloil,338,3,490,true,,155,true,,,,1,,10/18/22
9311163,house,house,295000,forsale,1390,installed,,tobedoneup,fueloil,615,3,1367,true,true,,true,,,2,2,,10/18/22
9976664,house,townhouse,295000,forsale,1790,hyperequipped,1990,good,gas,368,2,393,,true,250,true,,,1,3,,10/18/22
10094376,house,house,295000,forsale,9000,hyperequipped,1845,justrenovated,gas,153,2,38,,,,true,,,,,,10/18/22
9960482,house,house,298000,forsale,1840,usainstalled,1932,asnew,electric,545,2,164,,,20,true,,,1,2,,10/18/22
10119522,house,house,298000,forsale,8500,installed,1975,torenovate,gas,591,3,691,,,,true,,,,2,,10/18/22
10063410,house,house,299000,forsale,3940,installed,,good,fueloil,220,4,772,true,true,570,true,,,1,1,,10/18/22
10080825,house,house,299000,forsale,4500,installed,2017,,,82,4,400,,true,90,true,,,1,,,10/18/22
10158584,apartment,apartment,110000,forsale,8600,,,good,,289,2,,,true,,,,,,,,10/18/22
10158582,house,house,305000,forsale,2340,installed,1967,tobedoneup,fueloil,790,3,595,,true,,,,,1,,,10/18/22
10158581,house,house,160000,forsale,6010,notinstalled,,torestore,gas,251,4,0,,true,,,,,,,,10/18/22
10158578,house,house,299000,forsale,1502,,1968,,,,5,1991,,,,,,,,,,10/18/22
10158572,house,house,289000,forsale,3500,semiequipped,1960,torenovate,fueloil,672,3,1337,,true,,,,,1,,,10/18/22
10158571,house,house,229000,forsale,3550,semiequipped,1950,torenovate,fueloil,864,3,281,,true,,true,,,,2,,10/18/22
10093588,apartment,duplex,250000,forsale,8370,,,asnew,gas,152,2,,,,,true,,,,,,10/18/22
10158570,house,house,295000,forsale,8530,,1950,asnew,gas,159,4,210,,true,,true,,,1,,,10/18/22
10045302,house,house,299000,forsale,6141,installed,,justrenovated,gas,255,4,850,true,,750,true,,,,5,,10/18/22
10062021,house,house,299000,forsale,8450,installed,,good,gas,153,3,121,true,,,true,,,,,,10/18/22
10102699,house,house,299900,forsale,1367,notinstalled,1850,good,gas,891,4,1570,true,,1300,,true,,1,,,10/18/22
10085988,house,house,299900,forsale,6230,usainstalled,1899,good,fueloil,447,3,490,true,true,300,,true,,1,1,,10/18/22
10036601,house,mansion,305000,forsale,7890,semiequipped,,,gas,265,3,620,,true,,true,,,,,,10/18/22
9880511,house,house,310000,forsale,4280,installed,1928,good,pellet,392,3,2090,true,true,1910,true,true,,,1,,10/18/22
9967310,house,house,310000,forsale,8560,installed,2022,justrenovated,gas,258,3,205,true,true,105,true,,,1,2,,10/18/22
10073893,house,house,315000,forsale,9300,usahyperequipped,1949,good,gas,404,3,463,,true,200,true,true,,1,1,,10/18/22
10025741,house,house,319000,forsale,4340,hyperequipped,2009,asnew,gas,127,3,319,true,,175,true,,true,1,2,,10/18/22
10129894,house,house,322500,forsale,7830,semiequipped,1967,good,fueloil,399,3,1426,true,true,1426,true,,,,,,10/18/22
10092221,house,house,325000,forsale,2140,installed,,tobedoneup,,239,6,80,,true,10,,,,,,,10/18/22
9896287,house,bungalow,325000,forsale,3300,hyperequipped,1977,good,gas,277,3,459,true,,160,true,,,1,1,,10/18/22
10013803,house,house,325000,forsale,4000,installed,1990,good,gas,259,4,248,,,182,true,,,1,1,,10/18/22
10069370,house,house,328000,forsale,3300,hyperequipped,1962,justrenovated,gas,196,4,160,true,,80,true,,,,10,,10/18/22
9933465,house,house,329900,forsale,6230,usainstalled,1918,asnew,gas,284,5,515,true,true,250,true,,,1,,,10/18/22
9862499,house,house,330000,forsale,1600,semiequipped,1936,tobedoneup,gas,386,2,188,true,true,,true,true,,1,,,10/18/22
10017064,house,house,330000,forsale,6800,,1970,torenovate,,518,5,820,true,true,680,true,true,,1,1,,10/18/22
9833714,house,villa,335000,forsale,7170,semiequipped,1934,good,fueloil,598,4,1900,true,true,,true,true,,3,,,10/18/22
9999233,house,house,339000,forsale,3040,installed,1850,torenovate,electric,610,3,5543,true,,5375,true,true,,,,,10/18/22
10088626,house,house,339000,forsale,9300,hyperequipped,1900,good,gas,299,3,180,,,,true,,,,,,10/18/22
9899081,house,house,339000,forsale,9470,installed,1980,good,electric,357,4,184,,,10,true,,,,,,10/18/22
10103544,house,exceptionalproperty,340000,forsale,1770,installed,1948,torenovate,gas,407,4,314,,,130,true,,,,,,10/18/22
10112241,house,house,340000,forsale,4040,installed,1950,good,gas,169,4,256,,true,110,true,true,,1,2,,10/18/22
10055331,house,house,345000,forsale,9470,installed,,good,gas,288,3,304,true,,,true,,,1,1,,10/18/22
10097451,house,house,347000,forsale,8770,installed,1981,good,gas,271,3,542,true,,300,true,,,2,2,,10/18/22
10050649,house,house,349000,forsale,1350,semiequipped,1870,tobedoneup,fueloil,589,4,1722,true,true,852,true,true,,3,18,,10/18/22
10080956,house,villa,349000,forsale,1367,hyperequipped,1993,good,fueloil,269,3,1988,true,,1883,true,true,,1,4,,10/18/22
9797139,house,house,349000,forsale,1790,hyperequipped,1920,justrenovated,gas,351,6,220,,,,true,,,1,1,,10/18/22
10006432,house,house,349000,forsale,2600,notinstalled,,torenovate,,,4,67,,true,,true,,,,,,10/18/22
10120188,house,house,349000,forsale,2660,installed,,good,gas,286,3,170,true,true,90,true,,,,1,,10/18/22
10158584,apartment,apartment,110000,forsale,8600,,,good,,289,2,,,true,,,,,,,,10/18/22
10158582,house,house,305000,forsale,2340,installed,1967,tobedoneup,fueloil,790,3,595,,true,,,,,1,,,10/18/22
10158581,house,house,160000,forsale,6010,notinstalled,,torestore,gas,251,4,0,,true,,,,,,,,10/18/22
10158578,house,house,299000,forsale,1502,,1968,,,,5,1991,,,,,,,,,,10/18/22
10158572,house,house,289000,forsale,3500,semiequipped,1960,torenovate,fueloil,672,3,1337,,true,,,,,1,,,10/18/22
10158571,house,house,229000,forsale,3550,semiequipped,1950,torenovate,fueloil,864,3,281,,true,,true,,,,2,,10/18/22
10093588,apartment,duplex,250000,forsale,8370,,,asnew,gas,152,2,,,,,true,,,,,,10/18/22
10158570,house,house,295000,forsale,8530,,1950,asnew,gas,159,4,210,,true,,true,,,1,,,10/18/22
10128487,house,house,349000,forsale,4250,installed,1998,good,fueloil,235,3,2900,true,,2808,true,,,1,3,,10/18/22
10126271,house,house,349000,forsale,9090,usainstalled,1955,tobedoneup,gas,681,2,295,true,true,220,true,,,,2,,10/18/22
9966824,house,house,349000,forsale,9520,installed,,good,gas,336,3,732,true,,500,,,,1,1,,10/18/22
9829912,house,house,349000,forsale,9620,installed,,good,gas,333,3,3791,true,,3500,true,,,1,1,,10/18/22
9363147,house,house,349500,forsale,4920,notinstalled,2022,,gas,50,4,0,,,,true,,,,,,10/18/22
9914763,house,villa,349900,forsale,6230,installed,1976,tobedoneup,gas,574,3,1857,,true,1700,true,,,1,2,,10/18/22
10030776,house,house,350000,forsale,1600,hyperequipped,,asnew,gas,259,4,199,true,,50,true,,,,,,10/18/22
10024028,house,apartmentblock,350000,forsale,4537,notinstalled,,torenovate,,800,12,1500,,,,,,,,8,,10/18/22
9782942,house,house,350000,forsale,6224,semiequipped,,good,fueloil,304,6,1095,,,,,,,2,,,10/18/22
10075339,house,house,350000,forsale,6600,installed,2016,,,114,4,428,,true,,,,,1,,,10/18/22
10127444,house,house,354000,forsale,9000,installed,,tobedoneup,gas,396,4,90,,,,true,,,,,,10/18/22
9982516,house,house,355000,forsale,4000,hyperequipped,,good,gas,235,5,900,,true,650,true,true,,2,,,10/18/22
8606495,house,mixedusebuilding,355000,forsale,4760,,1999,good,fueloil,471,4,3852,,true,,,,,1,30,,10/18/22
10051462,house,house,355000,forsale,6700,notinstalled,,torenovate,,391,4,180,,true,,,,,,,,10/18/22
9845661,house,house,359000,forsale,1400,installed,1990,good,electric,457,3,289,,,,true,,,2,,,10/18/22
10038300,house,townhouse,359000,forsale,2180,installed,1970,good,gas,158,3,184,,,,,,,1,2,,10/18/22
9899983,house,house,359000,forsale,2300,installed,1956,asnew,gas,331,5,260,,true,72,true,true,,,,,10/18/22
9366734,house,mixedusebuilding,360000,forsale,6762,installed,,justrenovated,fueloil,555,4,130,,true,,true,,,,,,10/18/22
9366733,house,apartmentblock,360000,forsale,6762,installed,,justrenovated,fueloil,555,4,130,,true,,true,,,,,,10/18/22
10041901,house,house,360000,forsale,8340,installed,,good,gas,924,4,965,,,,,,,1,1,,10/18/22
9457705,house,house,365000,forsale,1370,installed,,justrenovated,fueloil,198,4,246,,true,,true,,,,1,,10/18/22
10112723,house,house,365000,forsale,8211,installed,,good,gas,286,3,445,true,,,true,,,1,,,10/18/22
10108102,house,mixedusebuilding,369000,forsale,1800,semiequipped,,good,gas,343,2,150,,true,,true,,,,,,10/18/22
10128605,house,house,369000,forsale,8790,installed,,asnew,gas,789,4,840,true,true,,,,,,1,,10/18/22
9782940,house,house,375000,forsale,1650,,,torenovate,gas,450,4,721,,,,,,,1,,,10/18/22
10065484,house,house,375000,forsale,4500,installed,1978,good,electric,638,5,1028,,true,864,true,true,,2,3,,10/18/22
10042114,house,house,375000,forsale,4537,,2012,,fueloil,125,4,1086,,true,,,,,1,2,,10/18/22
10125528,house,house,375000,forsale,7910,installed,,asnew,electric,332,3,1011,,,,,,,1,,,10/18/22
9939853,house,house,379000,forsale,4520,installed,,good,gas,335,5,1900,,true,900,true,,,,,,10/18/22
10158584,apartment,apartment,110000,forsale,8600,,,good,,289,2,,,true,,,,,,,,10/18/22
10158582,house,house,305000,forsale,2340,installed,1967,tobedoneup,fueloil,790,3,595,,true,,,,,1,,,10/18/22
10158581,house,house,160000,forsale,6010,notinstalled,,torestore,gas,251,4,0,,true,,,,,,,,10/18/22
10158578,house,house,299000,forsale,1502,,1968,,,,5,1991,,,,,,,,,,10/18/22
10158572,house,house,289000,forsale,3500,semiequipped,1960,torenovate,fueloil,672,3,1337,,true,,,,,1,,,10/18/22
10158571,house,house,229000,forsale,3550,semiequipped,1950,torenovate,fueloil,864,3,281,,true,,true,,,,2,,10/18/22
10093588,apartment,duplex,250000,forsale,8370,,,asnew,gas,152,2,,,,,true,,,,,,10/18/22
10158570,house,house,295000,forsale,8530,,1950,asnew,gas,159,4,210,,true,,true,,,1,,,10/18/22
9996143,house,house,379000,forsale,8000,installed,2021,justrenovated,gas,236,4,184,true,,100,true,true,,,,,10/18/22
10120899,house,house,379000,forsale,8540,installed,1962,justrenovated,gas,148,3,464,,true,150,true,,,2,2,,10/18/22
9960674,house,villa,380000,forsale,1370,semiequipped,1994,good,fueloil,212,3,1090,true,,1090,true,,,1,2,,10/18/22
10000971,house,house,380000,forsale,6747,installed,1976,torenovate,fueloil,388,5,1260,,true,,,true,,1,2,,10/18/22
10001238,house,house,380000,forsale,6792,installed,,good,pellet,160,5,0,,,,,true,,,,,10/18/22
9989931,house,house,380000,forsale,8800,hyperequipped,1986,asnew,gas,214,4,360,true,,150,true,,,1,1,,10/18/22
9944904,house,house,385000,forsale,1083,notinstalled,1954,torenovate,,281,2,240,,true,,true,true,,3,1,,10/18/22
9727370,house,mansion,385000,forsale,1390,notinstalled,1905,torenovate,fueloil,507,4,960,true,true,,true,,,,3,,10/18/22
10074759,house,house,385000,forsale,1785,installed,1966,good,fueloil,484,3,309,,,,,,,1,3,,10/18/22
10114619,house,countrycottage,385000,forsale,7760,semiequipped,,,fueloil,303,5,1533,,,,true,,,,,,10/18/22
10095118,house,villa,385000,forsale,8310,installed,1960,torenovate,fueloil,1191,3,647,true,true,389,true,,,2,1,,10/18/22
9439590,house,house,385000,forsale,8790,installed,2021,good,,,3,400,,,,true,,,,2,,10/18/22
9439589,house,house,385000,forsale,8790,installed,2021,good,,,3,400,,,,true,,,,2,,10/18/22
10097028,house,house,385000,forsale,9940,usahyperequipped,2010,asnew,gas,92,4,279,true,,,true,,,1,2,,10/18/22
9956013,house,house,389000,forsale,9550,installed,,good,gas,250,3,748,true,true,525,true,,,1,1,,10/18/22
10081918,house,house,392000,forsale,9620,installed,,asnew,gas,388,3,603,true,true,,true,,,1,1,,10/18/22
10068762,house,house,394000,forsale,1790,installed,1970,good,fueloil,436,3,369,true,true,170,true,,,1,5,,10/18/22
10126209,house,house,395000,forsale,1420,usahyperequipped,1930,good,gas,251,3,260,true,true,157,true,,,,,,10/18/22
10122049,house,house,395000,forsale,5060,installed,,good,fueloil,403,3,2368,,true,,true,,,4,4,,10/18/22
10067810,house,apartmentblock,395000,forsale,9040,installed,1955,good,gas,372,4,125,,true,,true,true,,,,,10/18/22
10117257,house,villa,395000,forsale,9260,hyperequipped,1973,tobedoneup,fueloil,705,3,649,true,true,,true,true,,2,4,,10/18/22
9865825,house,house,395000,forsale,9450,hyperequipped,,asnew,gas,217,4,638,true,true,300,,,,1,,,10/18/22
10112932,house,house,395000,forsale,9550,installed,,good,gas,146,4,308,true,true,60,,,,1,1,,10/18/22
10106908,house,house,398000,forsale,3271,installed,2002,asnew,gas,133,3,388,true,,148,true,,,1,1,,10/18/22
10006632,house,house,399000,forsale,2560,semiequipped,1960,justrenovated,gas,149,3,482,,true,240,true,,,1,,,10/18/22
10045805,house,house,399000,forsale,2590,hyperequipped,1955,justrenovated,gas,223,2,650,true,true,450,true,true,,,2,,10/18/22
9945378,house,house,399000,forsale,2620,usainstalled,1980,justrenovated,gas,186,3,147,,true,28,,,,,,,10/18/22
9588210,house,house,399000,forsale,3300,installed,1965,tobedoneup,fueloil,522,2,1140,true,true,980,,,,1,2,,10/18/22
10114084,house,villa,399000,forsale,4500,,,good,fueloil,286,8,5100,,true,5000,true,,,1,,,10/18/22
9855225,house,house,399000,forsale,7742,usahyperequipped,1900,asnew,pellet,190,6,605,true,,250,true,,,2,1,,10/18/22
10158584,apartment,apartment,110000,forsale,8600,,,good,,289,2,,,true,,,,,,,,10/18/22
10158582,house,house,305000,forsale,2340,installed,1967,tobedoneup,fueloil,790,3,595,,true,,,,,1,,,10/18/22
10158581,house,house,160000,forsale,6010,notinstalled,,torestore,gas,251,4,0,,true,,,,,,,,10/18/22
10158578,house,house,299000,forsale,1502,,1968,,,,5,1991,,,,,,,,,,10/18/22
10158572,house,house,289000,forsale,3500,semiequipped,1960,torenovate,fueloil,672,3,1337,,true,,,,,1,,,10/18/22
10158571,house,house,229000,forsale,3550,semiequipped,1950,torenovate,fueloil,864,3,281,,true,,true,,,,2,,10/18/22
10093588,apartment,duplex,250000,forsale,8370,,,asnew,gas,152,2,,,,,true,,,,,,10/18/22
10158570,house,house,295000,forsale,8530,,1950,asnew,gas,159,4,210,,true,,true,,,1,,,10/18/22
10098211,house,house,399000,forsale,8020,hyperequipped,,good,gas,135,3,333,,,,,,,1,1,,10/18/22
10036771,house,house,399000,forsale,8420,hyperequipped,,asnew,electric,348,2,358,true,,,true,,,1,1,,10/18/22
8992291,house,apartmentblock,400000,forsale,9300,semiequipped,1964,tobedoneup,gas,755,4,200,,,,true,,,,,,10/18/22
9936506,house,countrycottage,415000,forsale,1367,installed,1960,torenovate,fueloil,347,3,1055,,true,83,true,,,2,4,,10/18/22
10118551,house,house,415000,forsale,5336,hyperequipped,,asnew,fueloil,198,5,1285,true,true,1285,true,,,,1,,10/18/22
10121407,house,house,415000,forsale,5580,usainstalled,,good,fueloil,273,4,1504,true,,,true,,,2,2,,10/18/22
10094388,house,house,415000,forsale,9400,installed,1967,asnew,gas,367,4,660,,true,331,true,,,,2,,10/18/22
10011233,house,house,419000,forsale,2300,hyperequipped,1968,justrenovated,fueloil,350,3,430,true,true,200,true,,,,,,10/18/22
10107085,house,house,420000,forsale,2920,installed,1910,asnew,gas,291,3,820,true,true,820,true,,,,4,,10/18/22
9811687,house,house,420000,forsale,5300,notinstalled,1903,torenovate,fueloil,508,7,960,true,true,600,true,true,,1,3,,10/18/22
10070436,house,apartmentblock,420000,forsale,6750,installed,,torenovate,fueloil,303,5,763,,true,,,,,1,,,10/18/22
10070432,house,mixedusebuilding,420000,forsale,6750,installed,,torenovate,fueloil,303,5,763,,true,,,,,1,,,10/18/22
10093009,house,house,420000,forsale,6760,installed,1918,asnew,fueloil,350,3,671,true,true,350,true,true,,1,2,,10/18/22
10122341,house,house,424000,forsale,1350,installed,2012,asnew,pellet,161,4,3233,true,,2956,true,true,,1,60,,10/18/22
10098934,house,bungalow,425000,forsale,1340,installed,1972,good,,235,3,882,,,,true,,,,5,,10/18/22
10097148,house,bungalow,425000,forsale,1341,installed,1972,good,,235,3,882,,,,true,,,,5,,10/18/22
10085019,house,house,425000,forsale,1350,installed,1870,good,fueloil,329,5,1840,true,true,1657,true,,,2,6,,10/18/22
9926351,house,villa,425000,forsale,1495,,1989,asnew,electric,352,3,950,true,,820,true,,,1,2,,10/18/22
10060035,house,villa,425000,forsale,4050,installed,1983,good,gas,227,4,1255,,true,,true,true,true,,6,,10/18/22
10096195,house,townhouse,429000,forsale,2100,installed,1953,good,gas,198,3,199,,,120,true,,,1,,,10/18/22
10010839,house,house,429000,forsale,2950,installed,2008,asnew,gas,134,3,200,,,29,,true,,1,2,,10/18/22
9969327,house,house,430000,forsale,1880,installed,1918,good,wood,547,5,559,true,true,300,true,,,1,,,10/18/22
10065666,house,villa,434000,forsale,1410,installed,1961,tobedoneup,fueloil,387,3,436,,true,,,,,2,1,,10/18/22
10027694,house,house,435000,forsale,8490,installed,,good,gas,263,4,641,true,,,,,,1,,,10/18/22
9820024,house,house,439000,forsale,9550,hyperequipped,,asnew,gas,124,4,298,true,,198,true,,,1,1,,10/18/22
10127451,house,villa,440000,forsale,7900,hyperequipped,2008,asnew,gas,163,3,1085,,true,825,true,true,,1,6,,10/18/22
10121625,house,house,440000,forsale,9450,hyperequipped,2011,good,gas,202,4,370,,,,true,,,1,2,,10/18/22
10121097,house,villa,445000,forsale,3210,installed,1967,good,fueloil,386,3,490,true,,370,true,true,,1,1,,10/18/22
10122000,house,townhouse,449000,forsale,1800,installed,1969,,fueloil,303,3,256,,,135,true,true,,2,,,10/18/22
10007038,house,house,449000,forsale,1981,hyperequipped,1950,justrenovated,gas,236,3,816,true,true,703,true,,,,6,,10/18/22
10158584,apartment,apartment,110000,forsale,8600,,,good,,289,2,,,true,,,,,,,,10/18/22
10158582,house,house,305000,forsale,2340,installed,1967,tobedoneup,fueloil,790,3,595,,true,,,,,1,,,10/18/22
10158581,house,house,160000,forsale,6010,notinstalled,,torestore,gas,251,4,0,,true,,,,,,,,10/18/22
10158578,house,house,299000,forsale,1502,,1968,,,,5,1991,,,,,,,,,,10/18/22
10158572,house,house,289000,forsale,3500,semiequipped,1960,torenovate,fueloil,672,3,1337,,true,,,,,1,,,10/18/22
10158571,house,house,229000,forsale,3550,semiequipped,1950,torenovate,fueloil,864,3,281,,true,,true,,,,2,,10/18/22
10093588,apartment,duplex,250000,forsale,8370,,,asnew,gas,152,2,,,,,true,,,,,,10/18/22
10158570,house,house,295000,forsale,8530,,1950,asnew,gas,159,4,210,,true,,true,,,1,,,10/18/22
9915339,house,townhouse,449000,forsale,2150,installed,1983,asnew,gas,219,3,252,,,138,true,,,1,2,,10/18/22
10064259,house,house,450000,forsale,2530,hyperequipped,2016,asnew,gas,84,3,137,,,50,true,,,,,,10/18/22
10028358,house,house,450000,forsale,3090,installed,1968,good,gas,392,3,751,,true,350,true,,,2,3,,10/18/22
10042112,house,house,450000,forsale,8200,semiequipped,,tobedoneup,gas,275,6,440,true,true,,,,,1,,,10/18/22
10047078,house,exceptionalproperty,450000,forsale,9260,installed,1933,torenovate,fueloil,1032,3,1017,true,true,1017,true,true,,1,4,,10/18/22
9948696,house,mansion,450000,forsale,9450,hyperequipped,1933,torenovate,fueloil,348,6,1169,true,true,1000,true,true,,1,5,,10/18/22
10094532,house,house,465000,forsale,9000,installed,,good,gas,150,3,156,,true,,,,,1,,,10/18/22
10111275,house,house,475000,forsale,1050,installed,,tobedoneup,gas,429,3,74,,,15,true,,,,,,10/18/22
10116522,house,house,475000,forsale,1140,hyperequipped,,good,gas,471,5,0,,true,,true,,,,,,10/18/22
10124908,house,house,475000,forsale,1170,hyperequipped,1900,asnew,gas,217,3,56,,true,,,true,,,,,10/18/22
10028937,house,house,475000,forsale,2170,hyperequipped,1973,asnew,gas,274,4,288,true,,100,true,true,,1,1,,10/18/22
10096612,house,house,485000,forsale,1731,hyperequipped,1990,asnew,gas,165,3,511,true,,200,true,,,2,2,,10/18/22
10094808,house,house,490000,forsale,6832,installed,,good,fueloil,451,5,4820,true,true,753,true,,,,1,,10/18/22
9975738,house,villa,495000,forsale,1350,installed,1990,asnew,fueloil,206,3,2700,,,2700,true,true,,1,4,,10/18/22
10105223,house,mixedusebuilding,495000,forsale,1800,installed,1918,tobedoneup,gas,376,4,263,,,,true,,,2,,,10/18/22
9751897,house,apartmentblock,495000,forsale,4102,semiequipped,,tobedoneup,fueloil,471,10,334,,true,174,,,,,,,10/18/22
10094395,house,mixedusebuilding,495000,forsale,5002,semiequipped,1900,good,gas,202,6,606,,true,86,true,true,,,,,10/18/22
9631210,house,otherproperty,495000,forsale,5370,,1899,good,fueloil,297,4,1520,,,,,true,,,,,10/18/22
10105055,house,mansion,495000,forsale,9770,,,torenovate,,851,3,699,,true,,true,,,,,,10/18/22
10089670,house,house,499000,forsale,2640,installed,1953,good,gas,190,4,240,true,true,114,true,,,,,,10/18/22
10114082,house,villa,499000,forsale,4500,,,good,fueloil,286,8,6345,,true,5000,true,,,1,,,10/18/22
10095639,house,house,499000,forsale,8700,installed,1997,,gas,,3,380,,,,,true,,,,,10/18/22
10031752,house,house,520000,forsale,5630,hyperequipped,2010,,gas,129,3,1091,,,,true,,true,3,4,,10/18/22
10101066,house,villa,520000,forsale,7860,installed,2000,asnew,gas,235,3,5062,,true,,,,,,,,10/18/22
10101065,house,house,520000,forsale,7860,installed,2000,asnew,gas,235,3,5062,,true,,,,,,,,10/18/22
10092379,house,house,520000,forsale,7860,installed,2000,asnew,gas,235,3,5062,,true,,,,,,,,10/18/22
10095406,house,house,520000,forsale,8790,installed,,asnew,gas,268,4,115,,,,true,,,,,,10/18/22
9787883,house,mixedusebuilding,529000,forsale,1880,installed,1950,good,gas,277,5,343,true,true,100,true,,,1,,,10/18/22
10092831,house,house,529000,forsale,3360,usainstalled,2015,asnew,gas,90,4,295,true,,,true,,,3,2,,10/18/22
10069154,house,house,545000,forsale,1435,hyperequipped,2019,asnew,gas,69,5,204,true,,123,true,true,,1,1,,10/18/22
10158584,apartment,apartment,110000,forsale,8600,,,good,,289,2,,,true,,,,,,,,10/18/22
10158582,house,house,305000,forsale,2340,installed,1967,tobedoneup,fueloil,790,3,595,,true,,,,,1,,,10/18/22
10158581,house,house,160000,forsale,6010,notinstalled,,torestore,gas,251,4,0,,true,,,,,,,,10/18/22
10158578,house,house,299000,forsale,1502,,1968,,,,5,1991,,,,,,,,,,10/18/22
10158572,house,house,289000,forsale,3500,semiequipped,1960,torenovate,fueloil,672,3,1337,,true,,,,,1,,,10/18/22
10158571,house,house,229000,forsale,3550,semiequipped,1950,torenovate,fueloil,864,3,281,,true,,true,,,,2,,10/18/22
10093588,apartment,duplex,250000,forsale,8370,,,asnew,gas,152,2,,,,,true,,,,,,10/18/22
10158570,house,house,295000,forsale,8530,,1950,asnew,gas,159,4,210,,true,,true,,,1,,,10/18/22
10105218,house,house,548000,forsale,2220,installed,,,gas,526,3,2435,,true,1625,,,,1,4,,10/18/22
9985954,house,house,549000,forsale,1840,hyperequipped,1976,asnew,fueloil,251,3,945,,true,775,true,,,1,2,,10/18/22
9942324,house,house,549000,forsale,2050,installed,1974,good,gas,312,3,360,true,true,200,true,,,1,1,,10/18/22
9866430,house,house,550000,forsale,1490,semiequipped,1850,tobedoneup,fueloil,313,4,2170,,true,,,,,3,8,,10/18/22
10097064,house,exceptionalproperty,550000,forsale,6230,usahyperequipped,,good,fueloil,181,6,3225,true,true,2882,true,true,,3,,,10/18/22
9828531,house,house,550000,forsale,9550,hyperequipped,,,fueloil,457,3,949,,true,,true,true,,2,,,10/18/22
9985814,house,house,550000,forsale,9770,installed,2022,justrenovated,gas,231,4,762,true,true,500,true,true,,1,4,,10/18/22
10107272,house,exceptionalproperty,555555,forsale,2390,installed,1991,good,gas,247,3,1059,,,700,true,true,,2,5,,10/18/22
10124047,house,house,565000,forsale,1820,installed,1997,good,fueloil,136,4,1292,true,,1050,true,true,,,6,,10/18/22
10123031,house,apartmentblock,575000,forsale,1060,installed,1898,good,gas,500,3,80,,,5,,,,,,,10/18/22
10008998,house,house,575000,forsale,1360,usahyperequipped,2019,asnew,gas,113,5,579,true,,360,true,true,,1,3,,10/18/22
10106936,house,house,575000,forsale,1850,hyperequipped,1998,asnew,gas,215,2,683,,,1,true,,,,,,10/18/22
9949968,house,house,579000,forsale,2600,installed,1910,asnew,gas,91,4,136,,true,40,true,,,,,,10/18/22
10120493,house,house,585000,forsale,1082,usahyperequipped,1949,good,gas,283,4,209,true,true,100,true,true,,2,1,,10/18/22
10000405,house,house,585000,forsale,2560,installed,2020,asnew,gas,75,4,276,,,130,,true,,1,3,,10/18/22
10062139,house,villa,589000,forsale,1760,installed,1994,good,fueloil,182,4,1261,,,,true,true,,2,4,,10/18/22
10110791,house,house,595000,forsale,1180,hyperequipped,,good,gas,338,3,0,,true,,true,true,,,,,10/18/22
9445519,house,exceptionalproperty,595000,forsale,1330,semiequipped,1934,torenovate,fueloil,548,4,1826,,true,,,,,,5,,10/18/22
10097076,house,mixedusebuilding,595000,forsale,6680,hyperequipped,,good,fueloil,639,9,5200,true,true,4200,true,true,,3,10,,10/18/22
10112610,house,mixedusebuilding,595000,forsale,6900,hyperequipped,,good,fueloil,639,9,5200,true,true,4200,true,true,,3,10,,10/18/22
10046489,house,apartmentblock,599000,forsale,1000,installed,,tobedoneup,,342,7,147,,true,,true,,,,,,10/18/22
9821234,house,mixedusebuilding,599000,forsale,4280,semiequipped,2011,good,fueloil,215,5,916,true,,723,true,true,,,10,,10/18/22
10120279,house,villa,599000,forsale,9030,semiequipped,1977,tobedoneup,gas,378,4,0,,true,,,,,2,2,,10/18/22
9857439,house,farmhouse,600000,forsale,1404,installed,1985,torenovate,fueloil,460,4,10000,,,,true,,,6,,,10/18/22
9680386,house,house,605000,forsale,1160,hyperequipped,1939,good,gas,239,5,0,true,true,,,,,1,,,10/18/22
9995500,house,apartmentblock,610000,forsale,1785,semiequipped,1990,good,electric,262,5,287,,,,true,,,2,,,10/18/22
10011344,house,apartmentblock,624000,forsale,1030,semiequipped,,torenovate,gas,389,4,330,,true,245,,,,,,,10/18/22
10080199,house,exceptionalproperty,630000,forsale,1742,hyperequipped,,asnew,gas,365,4,2519,,,2066,true,true,,2,4,,10/18/22
10107123,house,house,630000,forsale,2530,installed,2008,asnew,gas,162,4,340,true,true,177,true,true,,1,1,,10/18/22
10090969,house,house,635000,forsale,2160,usahyperequipped,2005,asnew,gas,130,4,441,true,,190,true,true,,1,4,,10/18/22
10158584,apartment,apartment,110000,forsale,8600,,,good,,289,2,,,true,,,,,,,,10/18/22
10158582,house,house,305000,forsale,2340,installed,1967,tobedoneup,fueloil,790,3,595,,true,,,,,1,,,10/18/22
10158581,house,house,160000,forsale,6010,notinstalled,,torestore,gas,251,4,0,,true,,,,,,,,10/18/22
10158578,house,house,299000,forsale,1502,,1968,,,,5,1991,,,,,,,,,,10/18/22
10158572,house,house,289000,forsale,3500,semiequipped,1960,torenovate,fueloil,672,3,1337,,true,,,,,1,,,10/18/22
10158571,house,house,229000,forsale,3550,semiequipped,1950,torenovate,fueloil,864,3,281,,true,,true,,,,2,,10/18/22
10093588,apartment,duplex,250000,forsale,8370,,,asnew,gas,152,2,,,,,true,,,,,,10/18/22
10158570,house,house,295000,forsale,8530,,1950,asnew,gas,159,4,210,,true,,true,,,1,,,10/18/22
10112052,house,house,637000,forsale,1180,installed,,good,gas,257,4,0,,true,30,true,,,1,1,,10/18/22
10067760,house,house,645000,forsale,1180,installed,,good,gas,232,3,279,,true,120,true,,,,,,10/18/22
9474750,house,villa,645000,forsale,1470,installed,2008,good,,105,4,1412,,true,,true,true,,2,8,,10/18/22
10082568,house,house,645000,forsale,1560,usahyperequipped,1930,good,fueloil,489,6,921,true,true,540,true,true,,1,3,,10/18/22
10112272,house,villa,650000,forsale,3600,hyperequipped,1963,good,fueloil,198,7,2383,,true,,true,true,,2,10,,10/18/22
9924188,house,house,650000,forsale,9000,installed,,tobedoneup,gas,366,5,192,,true,,,,,1,,,10/18/22
10093340,house,house,660000,forsale,1190,hyperequipped,1992,asnew,gas,217,5,455,,,300,true,,,1,2,,10/18/22
10037349,house,mixedusebuilding,660000,forsale,3020,installed,2004,asnew,gas,240,2,856,true,,746,true,,,,6,,10/18/22
9925800,house,exceptionalproperty,669000,forsale,6890,installed,,,fueloil,233,6,4089,true,,3800,true,true,true,1,6,,10/18/22
10031989,house,house,675000,forsale,1700,installed,,tobedoneup,gas,612,5,2024,,,,true,true,,6,4,,10/18/22
9973111,house,villa,675000,forsale,3620,hyperequipped,2009,asnew,gas,133,3,1003,,true,838,true,,,2,13,,10/18/22
9948859,house,villa,690000,forsale,1420,usahyperequipped,1980,good,gas,172,5,2877,,,2603,true,,,1,3,,10/18/22
10122083,house,house,695000,forsale,1850,installed,,good,,512,5,1265,,true,,true,,,9,,,10/18/22
10119210,house,villa,698000,forsale,9850,installed,1993,,,235,4,1129,,,,,,,,,,10/18/22
10109427,house,exceptionalproperty,720000,forsale,1933,usasemiequipped,1955,tobedoneup,,854,5,4200,true,true,4000,true,true,,2,5,,10/18/22
9969093,house,villa,735000,forsale,7830,hyperequipped,2010,good,,100,4,799,,true,,true,true,,3,3,,10/18/22
10107597,house,villa,749000,forsale,8200,installed,1932,asnew,gas,308,4,1315,true,true,1164,true,true,,1,3,,10/18/22
10050813,house,house,750000,forsale,1150,installed,1954,good,,219,3,191,,true,95,true,true,,,,,10/18/22
10097943,house,house,750000,forsale,9550,installed,1900,good,gas,233,4,1291,,true,93,true,true,,4,10,,10/18/22
10020604,house,mixedusebuilding,765000,forsale,1070,semiequipped,1898,good,gas,353,8,83,,true,,,,,,,,10/18/22
9991497,house,house,775000,forsale,1150,installed,1959,tobedoneup,,499,3,263,true,,135,true,,,1,2,,10/18/22
10039450,house,house,780000,forsale,1150,hyperequipped,1962,torenovate,gas,246,4,215,,,120,true,,,1,,,10/18/22
9607514,house,house,789000,forsale,8000,installed,1957,tobedoneup,,725,2,79,,,,,,,,2,,10/18/22
10102294,house,apartmentblock,795000,forsale,1030,hyperequipped,1905,good,gas,200,5,156,,true,61,true,,,,,,10/18/22
9906709,house,house,795000,forsale,1050,usainstalled,1950,torenovate,,346,4,74,true,true,,true,,,1,,,10/18/22
10120880,house,mansion,795000,forsale,3500,installed,1938,good,gas,137,6,270,,true,,,,,,,,10/18/22
9691796,house,mixedusebuilding,799000,forsale,1140,hyperequipped,1937,good,gas,210,5,250,true,,,,,,,,,10/18/22
9155868,house,exceptionalproperty,820000,forsale,7804,usahyperequipped,1950,justrenovated,fueloil,234,6,6000,true,true,5600,true,true,,2,12,,10/18/22
10084652,house,townhouse,850000,forsale,1780,hyperequipped,2004,asnew,gas,61153,5,384,true,true,150,true,true,,2,1,,10/18/22
9877559,house,manorhouse,850000,forsale,2360,installed,,good,fueloil,260,3,20000,,,,,,,2,10,,10/18/22
10158584,apartment,apartment,110000,forsale,8600,,,good,,289,2,,,true,,,,,,,,10/18/22
10158582,house,house,305000,forsale,2340,installed,1967,tobedoneup,fueloil,790,3,595,,true,,,,,1,,,10/18/22
10158581,house,house,160000,forsale,6010,notinstalled,,torestore,gas,251,4,0,,true,,,,,,,,10/18/22
10158578,house,house,299000,forsale,1502,,1968,,,,5,1991,,,,,,,,,,10/18/22
10158572,house,house,289000,forsale,3500,semiequipped,1960,torenovate,fueloil,672,3,1337,,true,,,,,1,,,10/18/22
10158571,house,house,229000,forsale,3550,semiequipped,1950,torenovate,fueloil,864,3,281,,true,,true,,,,2,,10/18/22
10093588,apartment,duplex,250000,forsale,8370,,,asnew,gas,152,2,,,,,true,,,,,,10/18/22
10158570,house,house,295000,forsale,8530,,1950,asnew,gas,159,4,210,,true,,true,,,1,,,10/18/22
10075939,house,villa,850000,forsale,8670,hyperequipped,1968,justrenovated,fueloil,524,5,12301,,true,10959,true,true,,1,4,,10/18/22
9985738,house,house,867000,forsale,3090,installed,1987,good,fueloil,371,4,5200,,true,5200,true,true,,2,5,,10/18/22
10123717,house,house,870000,forsale,1040,hyperequipped,1904,good,gas,343,4,110,true,true,,true,,,,1,,10/18/22
10097890,house,house,875000,forsale,1180,usahyperequipped,1990,asnew,,149,5,537,,true,299,true,true,,,1,,10/18/22
10072775,house,house,875000,forsale,1180,usainstalled,1927,tobedoneup,gas,269,4,0,,true,100,true,true,,1,,,10/18/22
9890303,house,mansion,880000,forsale,1190,semiequipped,1906,torenovate,,432,6,175,,,90,true,,,,,,10/18/22
10080814,house,villa,925000,forsale,3920,hyperequipped,2012,asnew,gas,129,3,782,,true,1,true,true,true,,4,,10/18/22
10060513,house,villa,945000,forsale,1330,installed,2004,,gas,137,3,1110,,,500,true,true,true,,2,,10/18/22
10121106,house,house,950000,forsale,1547,installed,,justrenovated,gas,357,3,3229,,,,true,,,4,,,10/18/22
9965299,house,house,1000000,forsale,4051,installed,1900,torenovate,fueloil,625,8,10275,true,true,586,true,true,,,6,,10/18/22
10074633,house,apartmentblock,1080000,forsale,2000,installed,,good,gas,253,8,103,,true,,true,,,,,,10/18/22
9280019,house,house,1090000,forsale,1640,hyperequipped,1970,good,gas,554,4,1262,,,,true,,,1,3,,10/18/22
10029381,house,villa,1095000,forsale,1410,hyperequipped,1990,asnew,,218,4,2785,true,,1950,true,,true,2,3,,10/18/22
9988306,house,house,1095000,forsale,1831,hyperequipped,2010,asnew,gas,136,7,976,true,true,830,true,true,,2,5,,10/18/22
9993317,house,apartmentblock,1100000,forsale,1050,semiequipped,,tobedoneup,gas,242,5,150,true,true,55,,,,1,1,,10/18/22
9748652,house,mixedusebuilding,1145000,forsale,1800,usasemiequipped,,tobedoneup,gas,398,6,246,,true,,true,,,,1,,10/18/22
9953375,house,apartmentblock,1150000,forsale,1050,usasemiequipped,1896,good,,246,8,144,true,true,,true,true,,,,,10/18/22
10122633,house,house,1195000,forsale,1180,,1982,good,gas,239,6,947,,,,true,true,,1,,,10/18/22
10099611,house,exceptionalproperty,1250000,forsale,1180,usahyperequipped,,asnew,gas,222,5,400,,,,true,true,,,2,,10/18/22
10081817,house,villa,1275000,forsale,1470,installed,1974,asnew,fueloil,318,4,5433,true,true,5433,true,true,,2,3,,10/18/22
10128539,house,house,1325000,forsale,1180,usahyperequipped,1928,good,gas,582,5,430,,true,,true,true,,,,,10/18/22
9963351,house,mixedusebuilding,1350000,forsale,1000,usainstalled,1837,,gas,407,6,76,,,,true,true,,,,,10/18/22
10125917,house,house,1550000,forsale,1150,semiequipped,,torenovate,fueloil,413,9,396,,true,267,true,,,2,2,,10/18/22
10080214,house,apartmentblock,1550000,forsale,1150,semiequipped,,torenovate,fueloil,413,9,396,,true,267,true,,,2,2,,10/18/22
9997155,house,villa,1550000,forsale,2580,installed,2015,,gas,180,4,27956,,,,true,true,,1,6,,10/18/22
9810260,house,apartmentblock,1650000,forsale,4040,,,,gas,330,13,1548,,true,,true,,,36,,,10/18/22
10037079,house,house,1690000,forsale,1420,hyperequipped,1978,good,fueloil,278,5,3336,true,true,,true,true,true,2,6,,10/18/22
10005620,house,mansion,1700000,forsale,1150,hyperequipped,1938,good,gas,231,6,450,,true,300,true,true,,2,,,10/18/22
10063006,house,house,1700000,forsale,1150,hyperequipped,1938,good,gas,231,6,450,,true,,true,true,,2,,,10/18/22
9944036,house,house,1795000,forsale,1180,hyperequipped,,asnew,gas,,4,215,,true,,true,true,true,1,1,,10/18/22
10158584,apartment,apartment,110000,forsale,8600,,,good,,289,2,,,true,,,,,,,,10/18/22
10158582,house,house,305000,forsale,2340,installed,1967,tobedoneup,fueloil,790,3,595,,true,,,,,1,,,10/18/22
10158581,house,house,160000,forsale,6010,notinstalled,,torestore,gas,251,4,0,,true,,,,,,,,10/18/22
10158578,house,house,299000,forsale,1502,,1968,,,,5,1991,,,,,,,,,,10/18/22
10158572,house,house,289000,forsale,3500,semiequipped,1960,torenovate,fueloil,672,3,1337,,true,,,,,1,,,10/18/22
10158571,house,house,229000,forsale,3550,semiequipped,1950,torenovate,fueloil,864,3,281,,true,,true,,,,2,,10/18/22
10093588,apartment,duplex,250000,forsale,8370,,,asnew,gas,152,2,,,,,true,,,,,,10/18/22
10158570,house,house,295000,forsale,8530,,1950,asnew,gas,159,4,210,,true,,true,,,1,,,10/18/22
10078397,house,exceptionalproperty,1795000,forsale,3040,usahyperequipped,1919,asnew,gas,161,5,11000,true,true,,true,true,true,1,10,,10/18/22
10104279,house,house,1850000,forsale,1190,hyperequipped,1930,good,,325,4,575,true,true,450,true,true,,1,,,10/18/22
9624686,house,mansion,1850000,forsale,1200,installed,1930,asnew,fueloil,309,5,673,true,true,,true,true,,2,,,10/18/22
10091128,house,villa,1850000,forsale,1970,installed,1965,tobedoneup,,438,6,3138,true,true,2000,true,,true,2,4,,10/18/22
9389469,house,house,1950000,forsale,1000,notinstalled,1941,torenovate,,560,4,213,true,true,50,true,true,,1,,,10/18/22
9180859,house,house,1950000,forsale,1150,hyperequipped,1939,good,gas,290,6,513,,true,513,true,true,,1,1,,10/18/22
10126685,house,mansion,1960000,forsale,1050,,1890,good,gas,128,6,310,,true,,true,true,,1,,,10/18/22
9826993,house,house,1990000,forsale,1400,usahyperequipped,1850,asnew,gas,267,7,18000,,true,,true,,,4,120,,10/18/22
9872679,house,house,2000000,forsale,9000,usahyperequipped,1927,good,gas,386,5,927,true,true,927,true,true,,1,3,,10/18/22
10045808,house,villa,2125000,forsale,1780,hyperequipped,2004,asnew,gas,119,5,1408,,,1195,true,,,2,2,,10/18/22
10051361,house,house,2250000,forsale,8000,installed,,tobedoneup,gas,381,5,496,,,,,,,,,,10/18/22
8728817,house,villa,2450000,forsale,1380,installed,2004,good,fueloil,236,8,3000,,,,,,true,,,,10/18/22
9064209,house,house,2495000,forsale,1180,usahyperequipped,2004,good,gas,197,4,1050,,,,true,,,3,,,10/18/22
9947477,house,villa,2950000,forsale,1180,,1968,torenovate,fueloil,493,5,3237,,true,,true,,,3,3,,10/18/22
9600073,house,house,3950000,forsale,1730,installed,,good,fueloil,594,14,153030,,true,150000,true,true,,8,10,,10/18/22
9960460,house,exceptionalproperty,3995000,forsale,8300,hyperequipped,1928,good,gas,484,5,925,,,,true,,,1,5,,10/18/22
9880874,house,mansion,4500000,forsale,1050,hyperequipped,1930,asnew,gas,197,6,857,,,500,true,true,,1,1,,10/18/22
10076210,house,house,4875000,forsale,2950,usahyperequipped,2011,asnew,gas,199,6,7823,true,true,7828,true,true,true,2,5,,10/18/22
9294472,house,house,4950000,forsale,1190,installed,1968,asnew,fueloil,260,5,0,,,,,true,true,1,,,10/18/22
9432010,house,villa,4950000,forsale,3080,hyperequipped,1976,good,fueloil,291,6,20000,true,true,,true,true,true,,,,10/18/22
7710166,house,house,5850000,forsale,2950,hyperequipped,2015,asnew,,61,5,9312,,true,9000,true,true,true,4,,,10/18/22
10157667,house,mansion,239000,forsale,6540,notinstalled,,tobedoneup,fueloil,331,3,580,,true,400,,,,2,,,10/18/22
10092674,house,house,245000,forsale,9280,hyperequipped,,good,gas,188,3,270,true,,,true,,,1,,,10/18/22
10157738,house,house,399000,forsale,1300,semiequipped,1979,good,gas,250,4,235,true,true,235,true,,,1,2,,10/18/22
10157271,house,house,525000,forsale,9160,installed,1989,good,fueloil,297,4,600,,,600,,,,2,3,,10/18/22
10158359,house,house,750000,forsale,1030,,1930,tobedoneup,gas,560,6,282,,true,110,true,,,1,1,,10/18/22
10157666,house,countrycottage,750000,forsale,6140,installed,,good,fueloil,238,4,29000,true,,30000,,true,,5,10,,10/18/22
10157126,house,exceptionalproperty,1250000,forsale,2610,hyperequipped,1936,asnew,gas,172,3,564,,true,,true,true,true,1,1,,10/18/22
10145985,house,villa,3250000,forsale,8300,hyperequipped,2013,asnew,gas,120,4,249,,true,,true,,true,,1,1,10/18/22
10133209,house,house,281000,forsale,8400,hyperequipped,,asnew,gas,208,4,168,true,true,,,,,,1,,10/18/22
10158584,apartment,apartment,110000,forsale,8600,,,good,,289,2,,,true,,,,,,,,10/18/22
10158582,house,house,305000,forsale,2340,installed,1967,tobedoneup,fueloil,790,3,595,,true,,,,,1,,,10/18/22
10158581,house,house,160000,forsale,6010,notinstalled,,torestore,gas,251,4,0,,true,,,,,,,,10/18/22
10158578,house,house,299000,forsale,1502,,1968,,,,5,1991,,,,,,,,,,10/18/22
10158572,house,house,289000,forsale,3500,semiequipped,1960,torenovate,fueloil,672,3,1337,,true,,,,,1,,,10/18/22
10158571,house,house,229000,forsale,3550,semiequipped,1950,torenovate,fueloil,864,3,281,,true,,true,,,,2,,10/18/22
10093588,apartment,duplex,250000,forsale,8370,,,asnew,gas,152,2,,,,,true,,,,,,10/18/22
10158570,house,house,295000,forsale,8530,,1950,asnew,gas,159,4,210,,true,,true,,,1,,,10/18/22
10132280,house,countrycottage,1275000,forsale,1840,semiequipped,1995,tobedoneup,fueloil,325,6,17000,,true,,,,,2,2,,10/18/22
10135290,house,house,135000,forsale,7700,notinstalled,,torenovate,,628,1,302,,true,140,,,,1,,,10/18/22
10134285,house,house,305000,forsale,8940,installed,,asnew,gas,204,3,344,true,,67,,,,1,1,,10/18/22
10134754,house,house,375000,forsale,1320,usainstalled,2013,asnew,gas,124,3,0,,,,,true,,,3,,10/18/22
10134364,house,house,435000,forsale,1082,hyperequipped,1952,good,gas,226,3,72,,,,true,,,1,,,10/18/22
10135548,house,house,449000,forsale,6661,installed,2014,,fueloil,97,3,2016,,true,,,,,2,,,10/18/22
10135636,house,house,449900,forsale,9810,,1982,asnew,pellet,392,4,852,,,,true,,,1,,,10/18/22
10134756,house,house,650000,forsale,1332,semiequipped,1950,asnew,gas,344,4,406,,true,,true,true,,1,2,,10/18/22
10135245,house,villa,680000,forsale,1410,,1974,torenovate,fueloil,500,5,0,,true,,true,,,2,,,10/18/22
10139168,house,chalet,265000,forsale,6637,,1992,,electric,528,2,1650,,,,true,,,,,,10/18/22
10140105,house,house,289000,forsale,8850,installed,1998,good,gas,609,4,978,,true,500,,,,1,3,,10/18/22
10139145,house,house,290000,forsale,8400,hyperequipped,,good,gas,132,3,182,,,96,true,,,,,,10/18/22
10116664,house,house,295000,forsale,2450,installed,2022,,gas,,3,162,,,,true,,,,1,1,10/18/22
10116663,house,house,295000,forsale,2450,installed,2022,,gas,,3,162,,,,true,,,,1,1,10/18/22
10139041,house,house,299900,forsale,6230,installed,1875,good,,268,6,410,true,true,190,true,,,1,,,10/18/22
10116666,house,house,318000,forsale,2450,installed,2022,,gas,,3,270,,,,true,,,,1,1,10/18/22
10139923,house,house,320000,forsale,9300,installed,,good,gas,153,2,147,true,,,true,,,1,,,10/18/22
10116665,house,house,327000,forsale,2450,installed,2022,,gas,,3,387,,,,true,,,,1,1,10/18/22
10138123,house,house,370000,forsale,1120,,,good,gas,198,3,120,,,,,,,,,,10/18/22
9786383,house,house,384000,forsale,3770,installed,2021,asnew,,41,3,419,,true,,true,,,,,1,10/18/22
10063357,house,house,392200,forsale,8310,installed,2022,asnew,gas,,5,490,true,,420,true,true,,1,1,1,10/18/22
10143014,house,house,355000,forsale,9000,installed,,,gas,371,3,70,,,,true,,,,,,10/18/22
10144710,house,house,375000,forsale,2660,installed,,torenovate,,287,4,260,,true,141,,,,,,,10/18/22
10144433,house,house,399000,forsale,1082,,1918,tobedoneup,gas,526,4,100,,,,true,,,,,,10/18/22
10144055,house,house,399000,forsale,2930,,2012,asnew,gas,99,3,186,,,,true,,,,,,10/18/22
10144315,house,house,499000,forsale,1850,installed,,good,,653,5,860,,,,true,,,,1,,10/18/22
10146724,house,house,449000,forsale,2100,hyperequipped,1955,good,gas,188,3,216,,,95,true,true,,,,,10/18/22
10146351,house,villa,650000,forsale,1470,hyperequipped,1971,justrenovated,gas,129,5,1134,,true,,true,true,true,1,4,,10/18/22
10146350,house,villa,650000,forsale,1476,hyperequipped,1971,justrenovated,gas,129,5,1134,,true,,true,true,true,1,4,,10/18/22
10150598,house,house,180000,forsale,3300,installed,1890,torenovate,,269,2,171,,true,67,true,,,,,,10/18/22
10158584,apartment,apartment,110000,forsale,8600,,,good,,289,2,,,true,,,,,,,,10/18/22
10158582,house,house,305000,forsale,2340,installed,1967,tobedoneup,fueloil,790,3,595,,true,,,,,1,,,10/18/22
10158581,house,house,160000,forsale,6010,notinstalled,,torestore,gas,251,4,0,,true,,,,,,,,10/18/22
10158578,house,house,299000,forsale,1502,,1968,,,,5,1991,,,,,,,,,,10/18/22
10158572,house,house,289000,forsale,3500,semiequipped,1960,torenovate,fueloil,672,3,1337,,true,,,,,1,,,10/18/22
10158571,house,house,229000,forsale,3550,semiequipped,1950,torenovate,fueloil,864,3,281,,true,,true,,,,2,,10/18/22
10093588,apartment,duplex,250000,forsale,8370,,,asnew,gas,152,2,,,,,true,,,,,,10/18/22
10158570,house,house,295000,forsale,8530,,1950,asnew,gas,159,4,210,,true,,true,,,1,,,10/18/22
10150425,house,house,265000,forsale,3300,installed,1850,good,,279,3,95,,true,,true,true,,,,,10/18/22
10137954,house,house,269000,forsale,9140,,2018,,gas,161,2,67,,,,,,,,,,10/18/22
10150454,house,house,398000,forsale,8720,installed,2020,good,,48,3,435,,,180,true,,,,4,,10/18/22
10149328,house,house,445000,forsale,2620,installed,2001,good,gas,166,4,180,,true,,,,,,,,10/18/22
10151162,house,house,790000,forsale,1060,installed,,good,gas,,4,0,,true,,true,,,,,,10/18/22
10149248,house,house,875000,forsale,1200,hyperequipped,1955,asnew,gas,,4,200,,true,135,true,true,,1,1,,10/18/22
10155199,house,mixedusebuilding,109999,forsale,7130,notinstalled,,good,gas,449,2,85,true,true,,,true,,,,,10/18/22
10071759,house,house,149000,forsale,9340,semiequipped,1925,tobedoneup,gas,456,3,65,true,,,true,,,,,,10/18/22
10155574,house,house,150000,forsale,4030,installed,,tobedoneup,fueloil,232,3,98,,true,,,,,,,,10/18/22
10156791,house,townhouse,275000,forsale,4100,semiequipped,,tobedoneup,gas,279,3,286,,true,100,true,,,3,2,,10/18/22
10155837,house,mixedusebuilding,420000,forsale,6791,notinstalled,,good,fueloil,417,2,0,,,,,,,4,,,10/18/22
10155836,house,apartmentblock,420000,forsale,6791,notinstalled,,good,fueloil,417,2,0,,,,,,,4,,,10/18/22
10155833,house,house,420000,forsale,6791,notinstalled,,good,fueloil,417,2,0,,,,,,,4,,,10/18/22
10156829,house,house,449000,forsale,1081,,1895,,gas,225,4,0,,true,70,true,true,,,,,10/18/22
10154832,house,house,537000,forsale,2230,installed,1962,justrenovated,gas,344,3,919,,,,true,,,,4,,10/18/22
10155799,house,house,550000,forsale,1495,installed,,good,gas,150,7,0,,true,,,,,,,,10/18/22
10156423,house,house,590000,forsale,1020,,1963,good,gas,8698102,4,943,,,250,true,,,,,,10/18/22
10156820,house,exceptionalproperty,599000,forsale,2460,installed,,,gas,108,3,436,,,,,,,1,2,,10/18/22
10154537,house,house,649000,forsale,2018,hyperequipped,,justrenovated,gas,371,2,0,,true,,true,,,1,,,10/18/22
10155758,house,mixedusebuilding,650000,forsale,1030,installed,1929,good,gas,500,0,168,,,,,,,,,,10/18/22
10155757,house,apartmentblock,650000,forsale,1030,installed,1929,good,gas,500,0,168,,,,,,,,,,10/18/22
10130983,house,house,280000,forsale,9940,,1935,,electric,801,2,246,,,,,,,,,,10/18/22
10131611,house,house,339000,forsale,8400,installed,,good,electric,252,4,151,true,,,true,,,,,,10/18/22
10131225,house,house,515000,forsale,3053,installed,,good,fueloil,662,3,1675,true,true,,true,,,1,1,,10/18/22
10130693,house,farmhouse,559000,forsale,9400,installed,,good,gas,348,4,1122,true,true,800,true,,,1,,,10/18/22
10131136,house,villa,699000,forsale,2980,hyperequipped,,asnew,gas,122,3,1865,,,,true,,,1,1,,10/18/22
10133841,house,house,399000,forsale,2650,semiequipped,1962,good,gas,417,3,400,,true,172,true,,,1,2,,10/18/22
10133676,house,villa,700000,forsale,7890,hyperequipped,2001,asnew,,175,7,2895,true,,2350,true,true,,2,8,,10/18/22
10149629,house,house,365000,forsale,9040,installed,2023,asnew,,,2,250,,,98,true,true,,1,1,1,10/18/22
10149625,house,house,365000,forsale,9040,installed,2023,asnew,,,2,246,,,94,true,true,,1,1,1,10/18/22
10158584,apartment,apartment,110000,forsale,8600,,,good,,289,2,,,true,,,,,,,,10/18/22
10158582,house,house,305000,forsale,2340,installed,1967,tobedoneup,fueloil,790,3,595,,true,,,,,1,,,10/18/22
10158581,house,house,160000,forsale,6010,notinstalled,,torestore,gas,251,4,0,,true,,,,,,,,10/18/22
10158578,house,house,299000,forsale,1502,,1968,,,,5,1991,,,,,,,,,,10/18/22
10158572,house,house,289000,forsale,3500,semiequipped,1960,torenovate,fueloil,672,3,1337,,true,,,,,1,,,10/18/22
10158571,house,house,229000,forsale,3550,semiequipped,1950,torenovate,fueloil,864,3,281,,true,,true,,,,2,,10/18/22
10093588,apartment,duplex,250000,forsale,8370,,,asnew,gas,152,2,,,,,true,,,,,,10/18/22
10158570,house,house,295000,forsale,8530,,1950,asnew,gas,159,4,210,,true,,true,,,1,,,10/18/22
10149624,house,house,450000,forsale,9040,installed,2023,asnew,,,4,153,,,65,true,true,,1,1,1,10/18/22
10149628,house,house,460000,forsale,9040,installed,2023,asnew,,,4,153,,,67,true,true,,1,1,1,10/18/22
10149627,house,house,480000,forsale,9040,installed,2023,asnew,,,4,153,,,56,true,true,,1,1,1,10/18/22
10149631,house,house,555000,forsale,9040,installed,2023,asnew,,,4,153,,,242,true,true,,1,1,1,10/18/22
10136501,house,house,215000,forsale,4700,installed,1971,good,gas,381,2,182,,,50,true,,,1,1,,10/18/22
10137279,house,house,255000,forsale,8310,installed,1931,torenovate,gas,597,4,336,true,true,220,true,true,,,,,10/18/22
10098205,house,house,375000,forsale,8000,installed,,good,gas,315,2,91,,,,true,,,1,,,10/18/22
10136497,house,house,380000,forsale,8400,installed,,good,gas,330,6,215,,,,true,,,1,1,,10/18/22
10136495,house,house,380000,forsale,8400,installed,,good,gas,330,6,215,,,,true,,,1,1,,10/18/22
10136634,house,villa,475000,forsale,8490,installed,,good,fueloil,306,3,1868,true,true,,,,,1,,,10/18/22
10136481,house,house,520000,forsale,1140,,1930,,gas,332,6,90,,true,250,true,true,,,,,10/18/22
10136472,house,villa,665000,forsale,5003,installed,,good,fueloil,219,5,1415,,true,,true,,true,1,1,,10/18/22
10137943,house,exceptionalproperty,670000,forsale,9140,installed,1758,asnew,gas,345,3,1200,true,true,1000,true,,,1,3,,10/18/22
10136506,house,apartmentblock,707000,forsale,1020,,1964,,gas,149,0,180,,,,,,,,,,10/18/22
10137698,house,otherproperty,1295000,forsale,9700,,,torenovate,,465,4,4269,,true,,,,,,,,10/18/22
10137682,house,manorhouse,1295000,forsale,9700,,,torenovate,,465,4,4269,,true,,,,,,,,10/18/22
10136023,house,exceptionalproperty,1330000,forsale,2600,usahyperequipped,1900,asnew,,131,4,205,,true,94,,true,,,,,10/18/22
10142275,house,house,158000,forsale,9600,semiequipped,,,gas,,3,100,,,,true,,,,,,10/18/22
10140603,house,house,225000,forsale,9240,usahyperequipped,1930,tobedoneup,gas,246,3,150,true,true,,true,true,,,,,10/18/22
10140381,house,house,349000,forsale,3550,installed,2013,asnew,gas,108,5,132,,,,,,,2,,,10/18/22
10142318,house,house,375000,forsale,2610,installed,1927,justrenovated,gas,,2,66,,,,true,,,1,1,,10/18/22
10142278,house,apartmentblock,395000,forsale,1090,,1899,torenovate,gas,206,3,95,,true,,true,,,,,,10/18/22
10140829,house,mansion,419000,forsale,9000,hyperequipped,1923,asnew,gas,248,5,103,true,true,,true,true,,1,,,10/18/22
10140382,house,exceptionalproperty,574000,forsale,3945,installed,1992,good,fueloil,243,4,4000,,,2000,,,,2,10,,10/18/22
10141803,house,villa,675000,forsale,1410,installed,1974,good,fueloil,429,5,860,true,true,,true,,,1,,,10/18/22
10145301,house,house,219000,forsale,4040,installed,,good,gas,686,2,192,,true,98,true,,,1,,,10/18/22
10145538,house,house,279000,forsale,3320,semiequipped,1961,torenovate,fueloil,739,3,386,true,true,200,true,true,,1,1,,10/18/22
10147097,house,house,120000,forsale,7803,notinstalled,,torenovate,,830,2,307,,,,,,,,,,10/18/22
10148316,house,house,479000,forsale,7890,,1978,asnew,fueloil,,4,2000,,true,,true,true,true,1,,,10/18/22
10152783,house,house,150000,forsale,4031,notinstalled,,tobedoneup,gas,267,2,70,true,true,30,,,,,,,10/18/22
10158584,apartment,apartment,110000,forsale,8600,,,good,,289,2,,,true,,,,,,,,10/18/22
10158582,house,house,305000,forsale,2340,installed,1967,tobedoneup,fueloil,790,3,595,,true,,,,,1,,,10/18/22
10158581,house,house,160000,forsale,6010,notinstalled,,torestore,gas,251,4,0,,true,,,,,,,,10/18/22
10158578,house,house,299000,forsale,1502,,1968,,,,5,1991,,,,,,,,,,10/18/22
10158572,house,house,289000,forsale,3500,semiequipped,1960,torenovate,fueloil,672,3,1337,,true,,,,,1,,,10/18/22
10158571,house,house,229000,forsale,3550,semiequipped,1950,torenovate,fueloil,864,3,281,,true,,true,,,,2,,10/18/22
10093588,apartment,duplex,250000,forsale,8370,,,asnew,gas,152,2,,,,,true,,,,,,10/18/22
10158570,house,house,295000,forsale,8530,,1950,asnew,gas,159,4,210,,true,,true,,,1,,,10/18/22
10154260,house,house,180000,forsale,5190,usainstalled,,good,fueloil,433,3,149,,,,true,,,,,,10/18/22
10153142,house,house,199000,forsale,4480,semiequipped,,good,fueloil,334,3,124,,true,56,true,,,1,,,10/18/22
10153339,house,villa,270000,forsale,5660,installed,1993,,electric,283,3,567,,,170,true,,,1,2,,10/18/22
10152878,house,exceptionalproperty,272000,forsale,9041,usainstalled,,asnew,gas,1026,2,110,,,,,,,,,,10/18/22
10153759,house,house,279000,forsale,3300,installed,1948,good,gas,399,3,734,true,true,1,true,,,1,,,10/18/22
10153131,house,house,299000,forsale,8480,installed,,,electric,536,2,882,,,,,,,1,,,10/18/22
9892250,house,house,309000,forsale,7712,,2010,,gas,173,3,374,,,,,,true,1,2,,10/18/22
10152857,house,house,345000,forsale,7090,installed,,,electric,389,4,1122,,,,true,,,2,,,10/18/22
10151409,house,house,390000,forsale,9000,installed,1930,torenovate,gas,649,4,177,,,,true,,,1,,,10/18/22
10028802,house,countrycottage,395000,forsale,9700,,1978,,fueloil,554,4,2195,true,true,,true,,,1,,,10/18/22
10123152,house,house,395000,forsale,9700,,1978,,fueloil,554,4,2195,true,true,,true,,,1,,,10/18/22
10153221,house,house,485000,forsale,2275,installed,2022,,,,3,330,,,,true,,,,,,10/18/22
10153396,house,exceptionalproperty,499000,forsale,9040,installed,,asnew,fueloil,325,4,1165,,,,,true,,2,,,10/18/22
10153397,house,exceptionalproperty,499000,forsale,9041,installed,,asnew,fueloil,325,4,1165,,,,,true,,2,,,10/18/22
10151988,house,house,525000,forsale,2800,usainstalled,1849,tobedoneup,gas,289,2,430,,,,true,,,,,,10/18/22
10152569,house,villa,550000,forsale,1982,,1976,good,,489,3,1135,,,1006,true,,true,1,5,,10/18/22
10094374,house,villa,45000,forsale,5640,installed,,good,fueloil,200,2,567,true,,250,true,,,1,1,,10/18/22
10079777,house,house,60000,forsale,6687,notinstalled,,torenovate,,706,3,266,,true,,,,,,,,10/18/22
10006220,house,house,99000,forsale,4480,semiequipped,,torenovate,gas,381,2,70,,,,,,,,,,10/18/22
10102925,house,house,119500,forsale,9600,semiequipped,,,gas,345,1,110,,,,,true,,1,,,10/18/22
9597984,house,house,120000,forsale,4050,semiequipped,,torenovate,fueloil,309,3,274,true,true,,true,,,,,,10/18/22
9963100,house,house,130000,forsale,6181,installed,,asnew,gas,326,2,70,,true,,,,,,,,10/18/22
10088319,house,house,135000,forsale,5550,semiequipped,,tobedoneup,electric,495,4,190,true,true,135,true,,,,,,10/18/22
10095603,house,house,140000,forsale,7600,,2022,asnew,,,3,343,true,,,true,,,,,,10/18/22
9585500,house,house,149000,forsale,4800,installed,,torenovate,gas,186,7,145,true,,,true,,,,,,10/18/22
10019709,house,house,155000,forsale,8630,semiequipped,,tobedoneup,gas,594,2,50,true,true,,,,,,,,10/18/22
10076262,house,house,159000,forsale,8400,hyperequipped,,asnew,gas,586,4,100,true,,,,,,,1,,10/18/22
9854349,house,house,159000,forsale,8650,semiequipped,,tobedoneup,gas,1042,2,626,true,true,,,,,,,,10/18/22
10095602,house,house,160000,forsale,7600,,2022,asnew,,,3,343,true,,,true,,,,,,10/18/22
10094654,house,house,165000,forsale,6900,semiequipped,,tobedoneup,fueloil,573,2,161,true,true,161,,,,,,,10/18/22
10158584,apartment,apartment,110000,forsale,8600,,,good,,289,2,,,true,,,,,,,,10/18/22
10158582,house,house,305000,forsale,2340,installed,1967,tobedoneup,fueloil,790,3,595,,true,,,,,1,,,10/18/22
10158581,house,house,160000,forsale,6010,notinstalled,,torestore,gas,251,4,0,,true,,,,,,,,10/18/22
10158578,house,house,299000,forsale,1502,,1968,,,,5,1991,,,,,,,,,,10/18/22
10158572,house,house,289000,forsale,3500,semiequipped,1960,torenovate,fueloil,672,3,1337,,true,,,,,1,,,10/18/22
10158571,house,house,229000,forsale,3550,semiequipped,1950,torenovate,fueloil,864,3,281,,true,,true,,,,2,,10/18/22
10093588,apartment,duplex,250000,forsale,8370,,,asnew,gas,152,2,,,,,true,,,,,,10/18/22
10158570,house,house,295000,forsale,8530,,1950,asnew,gas,159,4,210,,true,,true,,,1,,,10/18/22
9773394,house,house,168000,forsale,8870,installed,,good,electric,440,3,160,true,,,true,,,,,,10/18/22
9877416,house,house,169000,forsale,4031,notinstalled,,torenovate,gas,418,2,208,,true,120,true,,,1,,,10/18/22
9866617,house,house,169000,forsale,4540,,,good,fueloil,252,2,269,,true,150,,,,1,,,10/18/22
9226527,house,house,175000,forsale,6061,semiequipped,,tobedoneup,fueloil,392,4,202,true,true,89,true,,,,,,10/18/22
10113194,house,house,179000,forsale,4801,,,tobedoneup,gas,,3,104,,true,45,,,,,,,10/18/22
9907034,house,house,195000,forsale,9700,,,good,fueloil,579,3,142,,true,,,,,,,,10/18/22
10126409,house,house,199000,forsale,4020,hyperequipped,,good,gas,141,2,150,true,true,,,,,,,,10/18/22
9928387,house,house,199000,forsale,4540,,,,gas,258,3,800,,,650,true,,,1,,,10/18/22
10011695,house,house,199000,forsale,8600,semiequipped,,tobedoneup,gas,745,4,296,true,true,,true,,,,,,10/18/22
10116327,house,house,200000,forsale,1601,semiequipped,1870,tobedoneup,gas,,2,29,,,,,,,,,,10/18/22
9827594,house,house,200000,forsale,1950,,,torestore,gas,872,3,90,,true,,true,,,,,,10/18/22
10082667,house,house,209000,forsale,9870,installed,1933,tobedoneup,fueloil,646,4,550,true,true,385,true,,,1,,,10/18/22
9775301,house,villa,210000,forsale,4990,semiequipped,,tobedoneup,fueloil,359,4,1250,,true,900,true,,,,,,10/18/22
10098652,house,house,210000,forsale,8940,installed,,good,gas,170,3,69,,,,true,,,,,,10/18/22
10110523,house,house,215000,forsale,8000,installed,,good,gas,307,2,89,true,,,,,,,,,10/18/22
10088381,house,villa,219000,forsale,5600,installed,,tobedoneup,fueloil,544,3,1013,true,,1013,,,,1,,,10/18/22
10063577,house,house,219000,forsale,9300,hyperequipped,,good,gas,328,2,220,true,,150,true,,,,,,10/18/22
10053169,house,house,219000,forsale,9320,hyperequipped,,good,gas,328,2,220,true,,150,true,,,,,,10/18/22
10012296,house,house,219000,forsale,9620,semiequipped,,good,fueloil,454,3,384,true,,202,true,,,1,1,,10/18/22
10078551,house,house,225000,forsale,3401,installed,,good,fueloil,432,3,400,true,true,,true,,,,,,10/18/22
10064077,house,house,225000,forsale,4910,notinstalled,1959,torestore,,,2,834,,true,834,,,,1,3,,10/18/22
10089627,house,house,229000,forsale,8480,semiequipped,,justrenovated,gas,443,3,354,,,,,,,1,,,10/18/22
9993246,house,house,230000,forsale,3320,,1983,,gas,223,4,370,,,,,,,,,,10/18/22
10113074,house,house,230000,forsale,5500,hyperequipped,,asnew,gas,291,3,70,,true,,true,,,,,,10/18/22
9999521,house,house,230000,forsale,8691,installed,,good,gas,223,5,176,true,,,true,,,,,,10/18/22
9913094,house,house,235000,forsale,3401,installed,,good,fueloil,432,3,400,true,true,,true,,,,,,10/18/22
10047862,house,house,235000,forsale,4100,hyperequipped,,good,gas,625,3,164,,,100,true,,,1,,,10/18/22
10104147,house,mansion,235000,forsale,8310,installed,,tobedoneup,gas,294,2,66,true,,,,,,,,,10/18/22
10062176,house,house,235000,forsale,8400,installed,,good,gas,231,3,110,true,,,true,,,,,,10/18/22
10158584,apartment,apartment,110000,forsale,8600,,,good,,289,2,,,true,,,,,,,,10/18/22
10158582,house,house,305000,forsale,2340,installed,1967,tobedoneup,fueloil,790,3,595,,true,,,,,1,,,10/18/22
10158581,house,house,160000,forsale,6010,notinstalled,,torestore,gas,251,4,0,,true,,,,,,,,10/18/22
10158578,house,house,299000,forsale,1502,,1968,,,,5,1991,,,,,,,,,,10/18/22
10158572,house,house,289000,forsale,3500,semiequipped,1960,torenovate,fueloil,672,3,1337,,true,,,,,1,,,10/18/22
10158571,house,house,229000,forsale,3550,semiequipped,1950,torenovate,fueloil,864,3,281,,true,,true,,,,2,,10/18/22
10093588,apartment,duplex,250000,forsale,8370,,,asnew,gas,152,2,,,,,true,,,,,,10/18/22
10158570,house,house,295000,forsale,8530,,1950,asnew,gas,159,4,210,,true,,true,,,1,,,10/18/22
10026038,house,house,239500,forsale,9500,hyperequipped,,asnew,gas,148,2,236,true,,,true,,,1,,,10/18/22
10061938,house,house,240000,forsale,4000,installed,,good,gas,400,4,143,,true,41,true,,,1,,,10/18/22
10107749,house,house,240000,forsale,5590,installed,,good,gas,337,3,147,true,true,147,,,,,,,10/18/22
10106287,house,house,249000,forsale,1367,semiequipped,,good,fueloil,461,2,735,true,true,,,,,1,,,10/18/22
9787805,house,house,249000,forsale,4350,,1909,good,fueloil,644,4,527,,true,,,,,1,,,10/18/22
10124079,house,house,249000,forsale,5310,installed,,good,fueloil,288,3,176,,,176,true,,,,,,10/18/22
10076442,house,house,249000,forsale,8000,hyperequipped,,asnew,gas,382,2,58,,,,,,,,,,10/18/22
10008787,house,house,250000,forsale,4000,notinstalled,,torenovate,gas,,4,0,,true,,true,,,,,,10/18/22
9928582,house,house,250000,forsale,4102,semiequipped,,torenovate,,425,5,721,,true,,true,,,1,,,10/18/22
10121552,house,house,250000,forsale,9620,installed,,tobedoneup,fueloil,1096,4,1562,,true,,true,,,1,1,,10/18/22
10085181,house,house,252702,forsale,8540,installed,,good,gas,,2,559,,,,true,,,,,,10/18/22
10096150,house,house,259000,forsale,8400,hyperequipped,,asnew,electric,444,3,100,,,,,,,,,,10/18/22
10076299,house,house,259000,forsale,8400,hyperequipped,,asnew,gas,99,2,80,,,,,,,,1,,10/18/22
9994330,house,house,259000,forsale,8860,semiequipped,,tobedoneup,gas,482,3,792,true,,,true,,,1,,,10/18/22
10112682,house,villa,265000,forsale,5580,installed,,good,fueloil,401,2,884,,true,884,true,,,1,,,10/18/22
10110811,house,house,265000,forsale,8620,installed,,good,gas,321,4,81,true,,,true,,,,,,10/18/22
10100387,house,villa,275000,forsale,6900,semiequipped,,tobedoneup,fueloil,520,5,626,,true,626,,,,1,,,10/18/22
10115043,house,house,275000,forsale,8700,installed,,good,gas,347,4,417,true,true,280,true,,,,,,10/18/22
9926831,house,house,279000,forsale,9300,installed,,good,gas,329,3,120,,true,,true,,,,,,10/18/22
10100437,house,house,279000,forsale,9500,installed,,good,electric,536,3,700,true,true,,true,,,1,1,,10/18/22
10100436,house,house,279000,forsale,9506,installed,,good,electric,536,3,700,true,true,,true,,,1,1,,10/18/22
10121521,house,house,279000,forsale,9620,installed,,good,gas,275,3,290,true,true,,true,,,1,,,10/18/22
9990221,house,house,280000,forsale,6700,semiequipped,,torenovate,fueloil,576,3,1318,,true,,,,,1,,,10/18/22
10122764,house,house,283000,forsale,9550,installed,,good,gas,90,2,200,true,,110,,,,,,,10/18/22
9915032,house,house,289000,forsale,8560,hyperequipped,,asnew,gas,172,3,602,,true,420,,,,,,,10/18/22
10037954,house,house,289000,forsale,8920,hyperequipped,,asnew,gas,142,2,261,true,true,,,,,1,,,10/18/22
10003046,house,house,289000,forsale,9506,hyperequipped,,good,gas,376,3,331,true,,175,true,,,1,1,,10/18/22
9843354,house,house,289000,forsale,9980,semiequipped,,tobedoneup,electric,826,3,1500,true,true,1300,,,,1,1,,10/18/22
10044385,house,house,290000,forsale,8630,installed,,good,fueloil,535,4,360,true,,,true,,,1,,,10/18/22
10097317,house,house,295000,forsale,3360,semiequipped,,torenovate,fueloil,894,3,900,true,,,true,,,,,,10/18/22
10158584,apartment,apartment,110000,forsale,8600,,,good,,289,2,,,true,,,,,,,,10/18/22
10158582,house,house,305000,forsale,2340,installed,1967,tobedoneup,fueloil,790,3,595,,true,,,,,1,,,10/18/22
10158581,house,house,160000,forsale,6010,notinstalled,,torestore,gas,251,4,0,,true,,,,,,,,10/18/22
10158578,house,house,299000,forsale,1502,,1968,,,,5,1991,,,,,,,,,,10/18/22
10158572,house,house,289000,forsale,3500,semiequipped,1960,torenovate,fueloil,672,3,1337,,true,,,,,1,,,10/18/22
10158571,house,house,229000,forsale,3550,semiequipped,1950,torenovate,fueloil,864,3,281,,true,,true,,,,2,,10/18/22
10093588,apartment,duplex,250000,forsale,8370,,,asnew,gas,152,2,,,,,true,,,,,,10/18/22
10158570,house,house,295000,forsale,8530,,1950,asnew,gas,159,4,210,,true,,true,,,1,,,10/18/22
10110215,house,house,295000,forsale,4500,semiequipped,,asnew,gas,,1,311,,,,true,,,,,,10/18/22
10124166,house,house,298000,forsale,3400,installed,,good,fueloil,346,3,340,,,,true,,,,,,10/18/22
9594505,house,house,299000,forsale,4400,installed,,good,fueloil,613,3,1656,,true,,true,,,,,,10/18/22
10115042,house,house,299000,forsale,8000,installed,,good,gas,570,3,302,true,,,true,,,1,1,,10/18/22
10126566,house,house,299500,forsale,4000,semiequipped,,good,gas,306,4,90,true,true,,true,,,,,,10/18/22
10124219,house,house,300000,forsale,5030,installed,,good,fueloil,505,3,646,true,true,,true,,,1,,,10/18/22
10120464,house,house,310000,forsale,8400,hyperequipped,,good,gas,238,3,183,true,,,true,,,,,,10/18/22
9961286,house,house,319000,forsale,8400,installed,,good,gas,729,3,269,true,,,true,,,1,,,10/18/22
10085178,house,house,323756,forsale,8540,installed,,good,gas,,3,559,,,,true,,,1,,,10/18/22
10043910,house,house,325000,forsale,3320,installed,,good,gas,410,5,1095,true,true,,true,,,,,,10/18/22
10106288,house,house,325000,forsale,3370,semiequipped,,torenovate,electric,538,3,600,true,,,true,,,1,1,,10/18/22
10107635,house,house,325000,forsale,7812,semiequipped,,good,fueloil,651,4,1061,,,,,,,1,,,10/18/22
10127482,house,house,329000,forsale,2547,semiequipped,,torenovate,gas,585,4,480,,true,320,true,,,1,,,10/18/22
9930117,house,house,329000,forsale,9340,installed,,good,gas,499,4,107,true,true,,true,,,1,,,10/18/22
10085182,house,house,329023,forsale,8540,installed,,good,gas,,3,413,,,,true,,,,,,10/18/22
10114638,house,house,330000,forsale,1080,notinstalled,1920,torenovate,gas,,4,105,true,true,32,true,true,,,,,10/18/22
10124267,house,house,335000,forsale,2070,installed,,good,gas,210,3,314,true,,,true,,,,,,10/18/22
9702939,house,villa,335000,forsale,4300,,1976,good,fueloil,373,4,1841,,true,,true,,,3,,,10/18/22
9970839,house,house,337000,forsale,9300,hyperequipped,,good,gas,207,5,281,true,true,100,true,,,1,,,10/18/22
9942075,house,house,337000,forsale,9320,hyperequipped,,good,gas,207,5,281,true,true,100,true,,,1,,,10/18/22
10123001,house,house,337500,forsale,8570,installed,1992,good,gas,,3,311,true,,1,true,,,1,3,,10/18/22
9759636,house,villa,339000,forsale,4140,semiequipped,,good,electric,544,4,1027,,,900,true,,,,,,10/18/22
10104749,house,villa,339000,forsale,5500,installed,,asnew,gas,163,4,1362,true,,1362,true,,,1,1,,10/18/22
10004234,house,house,339000,forsale,8434,installed,,good,gas,263,3,295,,true,,true,,,1,,,10/18/22
10126990,house,house,339000,forsale,8450,installed,,good,gas,181,3,261,true,,,true,,,1,,,10/18/22
10079110,house,house,340000,forsale,8501,hyperequipped,,asnew,gas,268,5,787,true,,500,true,,,1,,,10/18/22
10085179,house,house,341839,forsale,8540,installed,,good,gas,,3,470,,,,true,,,,,,10/18/22
10101363,house,house,345000,forsale,1020,,1930,asnew,pellet,290,3,0,,,,true,,,,,,10/18/22
10061559,house,house,345000,forsale,9300,installed,,good,gas,277,3,498,true,,300,true,,,1,1,,10/18/22
10061441,house,house,345000,forsale,9320,installed,,good,gas,277,3,498,true,,300,true,,,1,1,,10/18/22
10158584,apartment,apartment,110000,forsale,8600,,,good,,289,2,,,true,,,,,,,,10/18/22
10158582,house,house,305000,forsale,2340,installed,1967,tobedoneup,fueloil,790,3,595,,true,,,,,1,,,10/18/22
10158581,house,house,160000,forsale,6010,notinstalled,,torestore,gas,251,4,0,,true,,,,,,,,10/18/22
10158578,house,house,299000,forsale,1502,,1968,,,,5,1991,,,,,,,,,,10/18/22
10158572,house,house,289000,forsale,3500,semiequipped,1960,torenovate,fueloil,672,3,1337,,true,,,,,1,,,10/18/22
10158571,house,house,229000,forsale,3550,semiequipped,1950,torenovate,fueloil,864,3,281,,true,,true,,,,2,,10/18/22
10093588,apartment,duplex,250000,forsale,8370,,,asnew,gas,152,2,,,,,true,,,,,,10/18/22
10158570,house,house,295000,forsale,8530,,1950,asnew,gas,159,4,210,,true,,true,,,1,,,10/18/22
10109125,house,house,349000,forsale,2250,installed,,good,gas,302,3,714,true,true,,true,,,1,,,10/18/22
9987721,house,house,349000,forsale,4031,installed,,good,gas,488,6,438,,true,,true,,,,,,10/18/22
9773621,house,house,349000,forsale,8470,hyperequipped,,asnew,gas,470,5,348,,true,,,,,1,1,,10/18/22
10102036,house,house,357000,forsale,5500,installed,,good,gas,341,7,148,,true,148,true,,,1,,,10/18/22
9891844,house,house,359000,forsale,9550,installed,,good,gas,321,3,1091,true,true,760,true,,,1,,,10/18/22
9818331,house,house,359000,forsale,9550,installed,,good,gas,132,4,361,true,,160,,,,1,1,,10/18/22
10125244,house,house,374000,forsale,2500,installed,,good,gas,286,3,450,true,true,,true,,,1,,,10/18/22
10092224,house,house,375000,forsale,2610,installed,,asnew,,328,3,112,,true,38,,,,1,,,10/18/22
10088248,house,house,375000,forsale,5575,installed,,good,fueloil,321,2,1895,,true,1800,true,,,,1,,10/18/22
10093816,house,house,375000,forsale,6700,notinstalled,,justrenovated,,277,3,620,,true,,,,,1,,,10/18/22
10008478,house,apartmentblock,380000,forsale,3050,semiequipped,,torenovate,fueloil,1026,2,719,,,,,,,2,,,10/18/22
10040233,house,house,385000,forsale,9320,hyperequipped,,asnew,gas,147,3,455,true,,,true,,,1,1,,10/18/22
9981693,house,house,395000,forsale,2540,installed,,good,gas,376,3,156,,true,,true,,,,,,10/18/22
10088147,house,house,395000,forsale,5575,installed,,good,fueloil,327,7,944,true,true,875,true,,,1,1,,10/18/22
10056309,house,villa,395000,forsale,8630,installed,,tobedoneup,gas,478,4,772,,,,true,,,1,,,10/18/22
9716561,house,house,399000,forsale,4000,notinstalled,,good,,254,5,0,,true,,true,,,,,,10/18/22
10024369,house,villa,399000,forsale,4317,hyperequipped,,asnew,electric,473,3,1292,,true,800,true,,,,,,10/18/22
10112764,house,house,399000,forsale,8000,hyperequipped,,asnew,gas,154,3,120,,,,true,,,,,,10/18/22
10129208,house,house,399000,forsale,8900,installed,,good,gas,335,5,780,true,,410,true,,,,,,10/18/22
10028051,house,house,399000,forsale,9220,installed,,torenovate,gas,532,6,1180,,,,true,,,4,,,10/18/22
10027732,house,house,399000,forsale,9220,installed,,torenovate,gas,532,6,970,,,,true,,,4,,,10/18/22
10027725,house,house,399000,forsale,9220,installed,,torenovate,gas,532,6,970,,,,true,,,4,,,10/18/22
10124338,house,house,409000,forsale,8460,hyperequipped,,asnew,gas,256,2,705,true,true,,,,,1,1,,10/18/22
10110872,house,house,410000,forsale,8400,hyperequipped,,good,gas,179,5,412,true,,,true,,,,,,10/18/22
10110572,house,house,425000,forsale,2980,installed,,good,gas,371,4,943,true,true,,true,,,1,1,,10/18/22
10118092,house,house,425000,forsale,3400,installed,,good,fueloil,579,7,380,true,true,,true,,,1,1,,10/18/22
10089733,house,house,425000,forsale,6724,,1968,,fueloil,381,4,1150,,true,,,,,,,,10/18/22
10095125,house,house,425000,forsale,7973,installed,,good,fueloil,350,4,11699,,true,,true,true,,51,,,10/18/22
9967283,house,house,425000,forsale,9320,installed,,good,gas,235,4,259,,,90,true,,,,,,10/18/22
10104060,house,house,429000,forsale,2980,installed,,good,gas,255,2,787,true,,,true,,,,1,,10/18/22
10158584,apartment,apartment,110000,forsale,8600,,,good,,289,2,,,true,,,,,,,,10/18/22
10158582,house,house,305000,forsale,2340,installed,1967,tobedoneup,fueloil,790,3,595,,true,,,,,1,,,10/18/22
10158581,house,house,160000,forsale,6010,notinstalled,,torestore,gas,251,4,0,,true,,,,,,,,10/18/22
10158578,house,house,299000,forsale,1502,,1968,,,,5,1991,,,,,,,,,,10/18/22
10158572,house,house,289000,forsale,3500,semiequipped,1960,torenovate,fueloil,672,3,1337,,true,,,,,1,,,10/18/22
10158571,house,house,229000,forsale,3550,semiequipped,1950,torenovate,fueloil,864,3,281,,true,,true,,,,2,,10/18/22
10093588,apartment,duplex,250000,forsale,8370,,,asnew,gas,152,2,,,,,true,,,,,,10/18/22
10158570,house,house,295000,forsale,8530,,1950,asnew,gas,159,4,210,,true,,true,,,1,,,10/18/22
9947206,house,villa,439000,forsale,8420,installed,,good,electric,567,3,612,true,,,,,,1,1,,10/18/22
9947722,house,house,445000,forsale,1210,,,torenovate,fueloil,350,4,104,,true,40,,,,,,,10/18/22
10053309,house,house,449000,forsale,8000,hyperequipped,,asnew,gas,233,2,92,,,,,,,,,,10/18/22
9984303,house,house,449000,forsale,9420,hyperequipped,,asnew,gas,258,4,734,,,400,true,,,1,1,,10/18/22
10128703,house,house,450000,forsale,8460,hyperequipped,,asnew,gas,747,3,1427,true,true,,true,,,1,1,,10/18/22
9878935,house,house,459000,forsale,9050,hyperequipped,,asnew,gas,112,3,130,true,true,40,true,,,,,,10/18/22
10057834,house,house,475000,forsale,2980,installed,,good,electric,445,2,1149,true,true,800,true,,,1,1,,10/18/22
10119173,house,house,479500,forsale,3010,installed,,asnew,,216,3,206,,true,137,,,,,,,10/18/22
9962844,house,house,485000,forsale,8000,installed,,good,gas,426,3,120,true,,,,,,,,,10/18/22
10015846,house,house,489000,forsale,8310,hyperequipped,,good,gas,316,3,162,,,,true,,,1,,,10/18/22
9859930,house,countrycottage,490000,forsale,7830,,1900,torestore,fueloil,366,5,959,,true,,,true,,1,,,10/18/22
10081856,house,apartmentblock,495000,forsale,1300,usainstalled,2022,torenovate,gas,93,0,135,,,,,,,,,,10/18/22
10115097,house,house,495000,forsale,3078,installed,,good,gas,367,4,1079,,,,true,,,,1,,10/18/22
10095560,house,house,499000,forsale,8490,hyperequipped,,asnew,electric,434,5,1068,true,true,,true,,,,1,,10/18/22
9645473,house,villa,515000,forsale,1640,usahyperequipped,1965,good,,400,3,559,true,true,400,true,,true,1,6,,10/18/22
10033777,house,house,525000,forsale,1160,installed,1950,asnew,gas,328,3,120,true,true,,,true,,,,,10/18/22
10124721,house,house,525000,forsale,2180,installed,1962,good,gas,232,3,407,,,190,true,,true,,,,10/18/22
9928063,house,house,525000,forsale,9000,semiequipped,,tobedoneup,gas,286,5,0,,true,75,,,,,,,10/18/22
10111562,house,villa,532000,forsale,3120,installed,,good,gas,,3,606,,,,,,,,3,,10/18/22
10117879,house,house,545000,forsale,8000,hyperequipped,,good,gas,149,3,113,,true,,true,,,1,,,10/18/22
10107753,house,house,549000,forsale,2018,installed,,good,gas,329,5,87,true,true,,,,,,,,10/18/22
9863563,house,farmhouse,550000,forsale,9500,semiequipped,,tobedoneup,gas,429,4,2078,true,true,,,,,1,1,,10/18/22
9862153,house,farmhouse,550000,forsale,9506,semiequipped,,tobedoneup,gas,429,4,2078,true,true,,,,,1,1,,10/18/22
10091494,house,villa,555000,forsale,5004,installed,,good,gas,384,5,1000,true,true,800,true,,,1,1,,10/18/22
9969482,house,villa,555000,forsale,9450,installed,,good,electric,269,4,3025,true,true,2750,,,,1,1,,10/18/22
9775394,house,house,559000,forsale,8434,hyperequipped,,good,gas,119,4,1282,true,,,true,,,,,,10/18/22
9976975,house,house,565000,forsale,6960,,1998,,fueloil,189,4,4376,,true,,true,true,true,,,,10/18/22
10122556,house,villa,569000,forsale,9420,hyperequipped,,good,fueloil,343,4,1560,true,true,,true,,,1,1,,10/18/22
9916875,house,house,575000,forsale,1370,hyperequipped,2014,asnew,,90,3,8000,,true,,,,,,7,,10/18/22
10129261,house,villa,579000,forsale,8020,hyperequipped,,asnew,gas,161,4,492,true,,,true,,,1,,,10/18/22
10158584,apartment,apartment,110000,forsale,8600,,,good,,289,2,,,true,,,,,,,,10/18/22
10158582,house,house,305000,forsale,2340,installed,1967,tobedoneup,fueloil,790,3,595,,true,,,,,1,,,10/18/22
10158581,house,house,160000,forsale,6010,notinstalled,,torestore,gas,251,4,0,,true,,,,,,,,10/18/22
10158578,house,house,299000,forsale,1502,,1968,,,,5,1991,,,,,,,,,,10/18/22
10158572,house,house,289000,forsale,3500,semiequipped,1960,torenovate,fueloil,672,3,1337,,true,,,,,1,,,10/18/22
10158571,house,house,229000,forsale,3550,semiequipped,1950,torenovate,fueloil,864,3,281,,true,,true,,,,2,,10/18/22
10093588,apartment,duplex,250000,forsale,8370,,,asnew,gas,152,2,,,,,true,,,,,,10/18/22
10158570,house,house,295000,forsale,8530,,1950,asnew,gas,159,4,210,,true,,true,,,1,,,10/18/22
10051957,house,house,589000,forsale,1081,installed,1925,asnew,gas,315,4,0,,true,35,true,,,,,,10/18/22
10127400,house,mixedusebuilding,595000,forsale,1080,semiequipped,,tobedoneup,gas,,10,100,,true,,,,,,,,10/18/22
10127399,house,house,595000,forsale,1080,semiequipped,,tobedoneup,gas,,10,100,,true,,,,,,,,10/18/22
10092499,house,house,595000,forsale,6700,installed,,good,gas,231,6,342,,true,,,,,2,,,10/18/22
9984421,house,house,595000,forsale,9700,hyperequipped,,good,gas,193,6,670,,,,true,true,,,,,10/18/22
9884736,house,house,595000,forsale,9700,hyperequipped,,good,gas,193,6,670,,,,true,true,,,,,10/18/22
10027728,house,mansion,598000,forsale,9240,,1952,tobedoneup,,527,6,311,,true,,,true,,4,,,10/18/22
10027691,house,mansion,598000,forsale,9240,,1952,tobedoneup,,527,6,311,,true,,,true,,4,,,10/18/22
10108200,house,house,599000,forsale,4340,installed,,good,fueloil,137,4,900,true,,284,,,true,1,,,10/18/22
10115531,house,villa,599000,forsale,8670,installed,,good,gas,241,5,1563,,true,1600,true,,,1,1,,10/18/22
10036788,house,house,619000,forsale,8420,installed,,good,gas,314,10,215,,true,,true,,,,,,10/18/22
10129553,house,villa,625000,forsale,7890,,1987,,electric,405,3,2796,,,,,,,,,,10/18/22
10094810,house,villa,625000,forsale,9520,installed,,good,fueloil,539,4,6203,true,true,6203,true,,,1,1,,10/18/22
10113078,house,house,629000,forsale,2980,installed,,good,gas,213,3,720,true,,,true,,,1,1,,10/18/22
10070880,house,house,629000,forsale,9300,installed,,asnew,gas,310,5,287,,true,100,true,,,1,1,,10/18/22
10006274,house,villa,629000,forsale,9420,installed,,good,fueloil,273,3,2244,,,,true,,,1,,,10/18/22
10039025,house,mansion,645000,forsale,9620,hyperequipped,,asnew,gas,217,5,567,true,true,,true,,,1,,,10/18/22
10124187,house,house,689000,forsale,3118,hyperequipped,,asnew,fueloil,244,6,2039,true,true,,true,,,1,1,,10/18/22
9774615,house,mansion,690000,forsale,8434,installed,,good,gas,479,7,279,true,true,,,,,1,,,10/18/22
10079170,house,villa,690000,forsale,8480,hyperequipped,,asnew,gas,192,3,1164,true,true,,true,,,1,,,10/18/22
10116894,house,house,695000,forsale,1180,,1933,,gas,332,4,110,,,55,true,true,,,,,10/18/22
10038971,house,villa,699000,forsale,9860,installed,,good,gas,268,4,1680,true,true,,true,,,1,1,,10/18/22
9646189,house,house,700000,forsale,2640,installed,,good,gas,223,4,119,,,,true,,,,,,10/18/22
9847900,house,house,700000,forsale,8300,installed,1929,good,,353,2,471,,,,true,,,1,,,10/18/22
10114352,house,house,720000,forsale,1180,,,torenovate,fueloil,295,3,250,,true,,true,true,,,,,10/18/22
9931935,house,house,745000,forsale,8000,hyperequipped,,asnew,gas,117,3,101,true,,,true,,,,,,10/18/22
10097933,house,villa,749000,forsale,1700,installed,,good,gas,285,8,940,true,true,174,true,,,,,,10/18/22
9914483,house,apartmentblock,750000,forsale,2860,semiequipped,1987,good,gas,195,6,730,,true,,true,true,,12,,,10/18/22
10084638,house,villa,750000,forsale,2980,installed,,good,gas,336,4,2750,,,,true,,,,,,10/18/22
9974712,house,villa,775000,forsale,9860,hyperequipped,,asnew,fueloil,210,3,2018,true,,,true,,,1,1,,10/18/22
10158584,apartment,apartment,110000,forsale,8600,,,good,,289,2,,,true,,,,,,,,10/18/22
10158582,house,house,305000,forsale,2340,installed,1967,tobedoneup,fueloil,790,3,595,,true,,,,,1,,,10/18/22
10158581,house,house,160000,forsale,6010,notinstalled,,torestore,gas,251,4,0,,true,,,,,,,,10/18/22
10158578,house,house,299000,forsale,1502,,1968,,,,5,1991,,,,,,,,,,10/18/22
10158572,house,house,289000,forsale,3500,semiequipped,1960,torenovate,fueloil,672,3,1337,,true,,,,,1,,,10/18/22
10158571,house,house,229000,forsale,3550,semiequipped,1950,torenovate,fueloil,864,3,281,,true,,true,,,,2,,10/18/22
10093588,apartment,duplex,250000,forsale,8370,,,asnew,gas,152,2,,,,,true,,,,,,10/18/22
10158570,house,house,295000,forsale,8530,,1950,asnew,gas,159,4,210,,true,,true,,,1,,,10/18/22
9951675,house,villa,790000,forsale,7890,,2003,,fueloil,258,2,23323,,true,,,,,,,,10/18/22
10115096,house,house,799000,forsale,3212,hyperequipped,,asnew,fueloil,266,4,1912,,true,,true,,,1,1,,10/18/22
9968424,house,house,845000,forsale,1050,semiequipped,,tobedoneup,gas,370,6,141,true,true,,true,,,1,,,10/18/22
10104031,house,house,849000,forsale,3053,installed,,good,fueloil,552,4,1575,true,true,,true,,,1,1,,10/18/22
9827878,house,villa,849000,forsale,9400,installed,,good,fueloil,340,4,7670,true,true,7200,,,,1,1,,10/18/22
10094780,house,house,850000,forsale,6900,hyperequipped,,asnew,fueloil,247,20,2800,true,true,,true,,,,,,10/18/22
10124672,house,villa,869000,forsale,2980,hyperequipped,,asnew,gas,195,5,1432,true,,,true,,,1,1,,10/18/22
10127149,house,countrycottage,875000,forsale,7090,hyperequipped,1999,good,fueloil,173,5,6347,true,true,,true,true,true,2,6,,10/18/22
10121588,house,countrycottage,875000,forsale,7190,hyperequipped,1999,good,fueloil,173,5,6347,true,true,,true,true,true,2,6,,10/18/22
10107644,house,villa,885000,forsale,9400,hyperequipped,,asnew,gas,58,5,3073,true,,2800,true,,,,1,,10/18/22
10070227,house,house,895000,forsale,3080,,1997,,fueloil,192,7,700,,true,,,,,,,,10/18/22
9820680,house,house,925000,forsale,2275,installed,1981,torenovate,fueloil,385,5,0,,true,,,,,1,,,10/18/22
10108541,house,house,985000,forsale,9860,semiequipped,,tobedoneup,gas,653,7,4938,true,true,,true,,,,1,,10/18/22
10025167,house,villa,990000,forsale,1640,usahyperequipped,1968,asnew,gas,268,5,1400,,,1684,true,,,,2,,10/18/22
10120670,house,apartmentblock,1149000,forsale,1950,installed,1973,good,gas,,7,0,,true,,true,,,2,,,10/18/22
10077707,house,house,1150000,forsale,1081,installed,,good,gas,372,8,660,true,true,300,true,,,,1,,10/18/22
10064310,house,farmhouse,1150000,forsale,8670,hyperequipped,,asnew,gas,404,10,8852,true,,,true,,,,1,,10/18/22
10070038,house,villa,1150000,forsale,9551,hyperequipped,,asnew,gas,93,6,1154,true,,930,true,,true,1,1,,10/18/22
10073327,house,apartmentblock,1280000,forsale,1630,installed,1930,good,gas,,4,1064,,,,true,,,2,,,10/18/22
9990241,house,mixedusebuilding,1280000,forsale,1630,installed,1930,good,gas,,4,1064,,,,true,,,2,,,10/18/22
9920761,house,apartmentblock,1300000,forsale,1000,usasemiequipped,1862,justrenovated,gas,182,4,50,,true,,,,,,,,10/18/22
10049887,house,exceptionalproperty,1475000,forsale,2812,,,good,gas,994,10,4827,,true,,,,,2,15,,10/18/22
10022529,house,villa,1500000,forsale,1950,,1930,asnew,gas,371,0,4852,,,,,,,,,,10/18/22
9947481,house,villa,1650000,forsale,1640,,2011,good,,104,6,1363,,,,true,true,true,2,2,,10/18/22
10102259,house,house,1675000,forsale,2970,hyperequipped,,asnew,gas,257,5,3627,true,true,,true,,true,1,1,,10/18/22
9879792,house,villa,1850000,forsale,1180,,1955,torenovate,gas,519,5,2697,,true,,true,,,2,4,,10/18/22
9645637,house,house,1990000,forsale,1180,usahyperequipped,1920,asnew,gas,174,4,325,,,200,true,true,,,,,10/18/22
9970172,house,villa,2250000,forsale,1560,,1938,good,gas,455,13,10002,,true,,,true,true,1,,,10/18/22
9831961,house,house,2350000,forsale,1640,usainstalled,1994,good,fueloil,171,6,3360,true,true,,true,true,true,3,4,,10/18/22
10106276,house,villa,2350000,forsale,3090,,1967,asnew,gas,259,4,1907,true,true,,true,true,true,,,,10/18/22
10158584,apartment,apartment,110000,forsale,8600,,,good,,289,2,,,true,,,,,,,,10/18/22
10158582,house,house,305000,forsale,2340,installed,1967,tobedoneup,fueloil,790,3,595,,true,,,,,1,,,10/18/22
10158581,house,house,160000,forsale,6010,notinstalled,,torestore,gas,251,4,0,,true,,,,,,,,10/18/22
10158578,house,house,299000,forsale,1502,,1968,,,,5,1991,,,,,,,,,,10/18/22
10158572,house,house,289000,forsale,3500,semiequipped,1960,torenovate,fueloil,672,3,1337,,true,,,,,1,,,10/18/22
10158571,house,house,229000,forsale,3550,semiequipped,1950,torenovate,fueloil,864,3,281,,true,,true,,,,2,,10/18/22
10093588,apartment,duplex,250000,forsale,8370,,,asnew,gas,152,2,,,,,true,,,,,,10/18/22
10158570,house,house,295000,forsale,8530,,1950,asnew,gas,159,4,210,,true,,true,,,1,,,10/18/22
10060515,house,villa,2375000,forsale,1380,installed,1999,,,165,6,5136,,true,,true,true,,3,,,10/18/22
9947475,house,house,2495000,forsale,1180,,2004,asnew,,197,4,1049,,,,true,,,3,,,10/18/22
9355818,house,house,2600000,forsale,1640,hyperequipped,1977,torenovate,fueloil,314,5,5000,,true,4100,true,true,true,3,5,,10/18/22
10017158,house,house,2850000,forsale,8000,usahyperequipped,1850,asnew,gas,270,6,1850,true,true,,,true,,,4,,10/18/22
9522218,house,mixedusebuilding,3200000,forsale,1000,installed,1900,good,fueloil,,1,500,true,true,100,true,true,,,,,10/18/22
9545077,house,mixedusebuilding,3200000,forsale,1050,installed,1900,good,fueloil,,1,500,true,true,100,true,true,,,,,10/18/22
10005618,house,house,4250000,forsale,3080,,1990,good,gas,134,7,5887,true,true,,true,true,true,5,6,,10/18/22
10157178,house,house,219000,forsale,8793,installed,1964,tobedoneup,gas,742,3,215,true,true,105,,,,2,,,10/18/22
10157982,house,house,610000,forsale,9052,installed,1977,torenovate,,502,3,1359,,,1150,true,true,,2,4,,10/18/22
10132288,house,house,325000,forsale,5300,usainstalled,2016,asnew,gas,129,3,161,,,35,true,,,,1,,10/18/22
10133277,house,house,340000,forsale,1080,semiequipped,,good,gas,258,4,0,,true,,true,,,,,,10/18/22
10132454,house,house,379000,forsale,9100,usahyperequipped,1986,good,gas,274,3,381,,,170,true,,,1,2,,10/18/22
10132461,house,house,469000,forsale,1861,usahyperequipped,1998,good,fueloil,260,3,684,true,true,,true,true,,1,,,10/18/22
10132764,house,bungalow,469000,forsale,9160,installed,1980,tobedoneup,fueloil,840,2,1202,true,true,1000,true,,,2,4,,10/18/22
10133137,house,villa,475000,forsale,1380,semiequipped,1957,torenovate,fueloil,395,3,1142,,true,900,true,true,,2,3,,10/18/22
10133351,house,house,648000,forsale,1850,installed,1992,,gas,171,4,1019,true,,580,true,,true,3,3,,10/18/22
10132611,house,house,680000,forsale,7500,hyperequipped,2011,asnew,gas,115,4,160,,,,true,true,,1,3,,10/18/22
10132925,house,mansion,695000,forsale,9300,hyperequipped,1930,asnew,gas,116,4,260,true,true,160,,true,,1,,,10/18/22
10141024,housegroup,housegroup,439242-445281,forsale,7180,,,,,,,,,,,,,,,,1,10/18/22
10140679,housegroup,housegroup,1895000-1995000,forsale,1150,,,,,45,,,,,,,,,1,1,1,10/18/22
10134851,house,mansion,889000,forsale,8020,installed,,good,gas,274,3,3279,true,,,,,,,,,10/18/22
10135373,house,house,1750000,forsale,9000,,,asnew,gas,244,3,303,,true,,,,,,,,10/18/22
10151661,house,villa,1895000,forsale,1150,usahyperequipped,2022,asnew,,45,4,0,,true,323,true,,,1,2,1,10/18/22
10140033,house,otherproperty,36000,forsale,5540,installed,2005,,gas,,2,245,,,218,,,,,,,10/18/22
9159679,house,house,209000,forsale,7170,notinstalled,2021,,gas,99,3,323,true,,230,true,,,1,1,1,10/18/22
9159678,house,house,209000,forsale,7170,notinstalled,2021,,gas,99,3,323,true,,230,true,,,1,1,1,10/18/22
9145022,house,house,295000,forsale,6840,hyperequipped,2020,asnew,gas,83,3,1375,true,,1300,true,,,1,2,1,10/18/22
10139890,house,house,325000,forsale,8500,installed,1875,asnew,gas,,3,170,,true,90,,,,,,,10/18/22
10109594,house,house,332199,forsale,4121,installed,2022,asnew,gas,105,4,0,,,,true,,,1,,1,10/18/22
10067851,house,house,342500,forsale,2250,hyperequipped,2021,,gas,,3,0,,,170,true,,,,1,1,10/18/22
10158584,apartment,apartment,110000,forsale,8600,,,good,,289,2,,,true,,,,,,,,10/18/22
10158582,house,house,305000,forsale,2340,installed,1967,tobedoneup,fueloil,790,3,595,,true,,,,,1,,,10/18/22
10158581,house,house,160000,forsale,6010,notinstalled,,torestore,gas,251,4,0,,true,,,,,,,,10/18/22
10158578,house,house,299000,forsale,1502,,1968,,,,5,1991,,,,,,,,,,10/18/22
10158572,house,house,289000,forsale,3500,semiequipped,1960,torenovate,fueloil,672,3,1337,,true,,,,,1,,,10/18/22
10158571,house,house,229000,forsale,3550,semiequipped,1950,torenovate,fueloil,864,3,281,,true,,true,,,,2,,10/18/22
10093588,apartment,duplex,250000,forsale,8370,,,asnew,gas,152,2,,,,,true,,,,,,10/18/22
10158570,house,house,295000,forsale,8530,,1950,asnew,gas,159,4,210,,true,,true,,,1,,,10/18/22
10048290,house,house,345000,forsale,7500,usahyperequipped,2022,justrenovated,gas,,5,200,true,true,,true,true,,,,1,10/18/22
10116513,house,house,486000,forsale,2820,installed,2022,,,,3,304,,,203,true,,,1,1,1,10/18/22
9888775,house,house,519000,forsale,9000,,2021,,,,4,168,,true,,true,,,,,1,10/18/22
10080722,house,house,745000,forsale,1301,usahyperequipped,2022,asnew,gas,85,4,618,,true,618,true,,,2,2,1,10/18/22
10118067,house,villa,755000,forsale,1410,installed,2023,asnew,gas,86,4,511,,,511,true,true,,1,,1,10/18/22
10139276,house,mansion,985000,forsale,1420,hyperequipped,1890,asnew,gas,259,5,800,true,true,600,true,,,2,,,10/18/22
10158048,house,house,343750,forsale,3450,usainstalled,2023,asnew,solar,,3,517,true,,324,,,,,3,1,10/18/22
10143374,house,house,179000,forsale,7100,installed,1950,good,,328,2,132,,true,70,true,true,,,,,10/18/22
10143094,house,house,199900,forsale,6230,semiequipped,1899,good,gas,231,3,111,true,,,true,true,,,1,,10/18/22
10143074,house,house,225000,forsale,4030,hyperequipped,,good,gas,315,2,473,,,30,true,true,,1,1,,10/18/22
10143100,house,house,259000,forsale,6720,notinstalled,,torenovate,pellet,463,5,530,true,,300,true,,,1,2,,10/18/22
10143031,house,house,262000,forsale,9470,installed,1965,torenovate,fueloil,459,3,236,true,true,85,true,,,1,3,,10/18/22
10143246,house,house,275000,forsale,6180,semiequipped,,good,gas,210,6,580,true,true,450,true,true,,1,,,10/18/22
10143754,house,house,285000,forsale,8501,,2007,good,gas,100,3,302,,,,,,true,1,2,,10/18/22
10143499,house,house,325000,forsale,9000,installed,,good,gas,183,1,47,,,,,,,,,,10/18/22
10143666,house,house,388000,forsale,9050,hyperequipped,,asnew,gas,212,3,94,,true,16,true,,,,,,10/18/22
10144516,house,house,580000,forsale,1410,installed,1975,justrenovated,gas,326,3,760,,true,,true,,,1,4,,10/18/22
10144515,house,house,580000,forsale,1420,installed,1975,justrenovated,gas,326,3,760,,true,,true,,,1,4,,10/18/22
10143027,house,villa,600000,forsale,1320,,1970,torenovate,,259,5,2000,,,,true,true,,2,2,,10/18/22
10146384,house,house,255000,forsale,8690,installed,1890,good,,296,3,151,,true,79,,,,1,,,10/18/22
10146413,house,house,309000,forsale,9940,installed,1933,good,,259,2,283,,,200,true,,,,2,,10/18/22
10146786,house,villa,479000,forsale,7890,,1978,asnew,fueloil,,4,2000,,true,,true,true,true,1,,,10/18/22
10148776,house,house,114500,forsale,4800,semiequipped,,torenovate,gas,300,2,135,true,true,,true,,,,,,10/18/22
10148862,house,house,229000,forsale,9450,semiequipped,1964,torenovate,fueloil,334,3,752,true,true,600,true,,,1,2,,10/18/22
10150912,house,house,245000,forsale,6044,installed,1955,asnew,gas,304,3,1016,,true,850,true,true,,1,4,,10/18/22
10150890,house,house,374500,forsale,3980,,1958,justrenovated,gas,205,3,455,,,,,,,,,,10/18/22
10151198,house,house,495000,forsale,3271,installed,2022,,,,4,715,,true,,true,true,,2,4,,10/18/22
10151140,house,house,548000,forsale,2040,usahyperequipped,2007,good,gas,,3,382,true,,180,,,,1,2,,10/18/22
10150479,house,house,575000,forsale,8800,installed,1938,asnew,,228,4,1057,,true,,true,true,true,1,5,,10/18/22
10148502,house,villa,935000,forsale,9160,hyperequipped,1979,asnew,gas,242,4,2274,,,2274,,,,,,,10/18/22
10158604,apartment,groundfloor,220000,forsale,1180,,,good,gas,56,1,,,true,,,true,,,,,10/18/22
10158603,apartment,apartment,225000,forsale,1083,semiequipped,,tobedoneup,gas,916,2,,,true,,true,,,,,,10/18/22
10158601,apartment,apartment,159000,forsale,2100,notinstalled,1974,torenovate,gas,242,2,,,true,,true,,,1,,,10/18/22
10158600,house,townhouse,349000,forsale,2100,semiequipped,,good,gas,333,3,122,,,56,,,,1,,,10/18/22
10158596,house,house,219000,forsale,8650,,,good,gas,429,3,826,true,,,,,,,1,,10/18/22
10158591,housegroup,housegroup,755000-755000,forsale,1410,,,,,86,,,,,,,,,1,,1,10/18/22
10158588,apartmentgroup,apartmentgroup,365000-365000,forsale,1410,,,,,86,,,,,,,,,1,,1,10/18/22
10158584,apartment,apartment,110000,forsale,8600,,,good,,289,2,,,true,,,,,,,,10/18/22
10154482,house,house,275000,forsale,9140,installed,,tobedoneup,gas,528,3,0,true,true,145,,,,,,,10/18/22
10155752,house,house,350000,forsale,1430,installed,2010,good,gas,150,4,160,,,,true,,,1,1,,10/18/22
10156993,house,mansion,379000,forsale,9300,installed,,justrenovated,gas,219,3,90,,true,,,,,,,,10/18/22
10155604,house,mixedusebuilding,460000,forsale,7880,,,,gas,,5,390,,true,,,,,,,,10/18/22
10155963,house,exceptionalproperty,466000,forsale,9940,usahyperequipped,2022,justrenovated,gas,149,2,420,,,,true,true,,,3,,10/18/22
10130679,house,villa,279999,forsale,6250,installed,1972,good,wood,511,2,1000,,true,580,true,,,1,2,,10/18/22
10131293,house,house,395000,forsale,1673,installed,1964,tobedoneup,fueloil,318,4,1596,true,true,,true,,,1,1,,10/18/22
10131745,house,villa,495000,forsale,1300,installed,2018,,gas,87,3,384,,,,true,,,1,1,,10/18/22
10131829,house,house,535000,forsale,1030,semiequipped,,torenovate,gas,582,4,195,,true,100,,,,,,,10/18/22
10133442,house,house,335000,forsale,3290,hyperequipped,1966,asnew,gas,327,3,377,,true,267,true,,,1,,,10/18/22
10136153,house,house,349000,forsale,2180,usahyperequipped,1932,good,gas,130,4,380,,,,true,true,true,,,,10/18/22
10136476,house,house,369000,forsale,8470,installed,,asnew,,304,5,450,,,,true,,,,1,,10/18/22
10137782,house,house,395000,forsale,6987,installed,1950,good,fueloil,382,6,1706,,true,,true,,,1,,,10/18/22
10137217,house,house,489000,forsale,9860,hyperequipped,,asnew,gas,,3,675,,true,,true,,,,1,,10/18/22
10136338,house,house,535000,forsale,7730,hyperequipped,2010,asnew,gas,166,5,820,,true,350,true,true,true,2,2,,10/18/22
10137354,house,house,595000,forsale,1325,installed,,good,,159,7,1460,,true,1460,true,,true,1,,,10/18/22
10137678,house,house,669000,forsale,9850,hyperequipped,1992,justrenovated,fueloil,207,3,940,true,,700,true,true,,1,2,,10/18/22
10141268,house,house,120000,forsale,5542,hyperequipped,,asnew,,321,2,42,,,,true,,,,,,10/18/22
10142523,house,house,239000,forsale,9900,installed,1981,good,gas,290,2,190,,,,,,,,,,10/18/22
10081129,house,house,269000,forsale,8820,,1967,tobedoneup,fueloil,638,4,520,,,,,,,1,,,10/18/22
10140333,house,house,529000,forsale,9050,installed,,asnew,gas,184,4,130,,,,,,,,,,10/18/22
10120217,house,house,380000,forsale,2500,hyperequipped,1959,asnew,gas,,2,230,,,120,true,,,1,1,,10/18/22
10012517,house,house,935000,forsale,3110,installed,2003,,fueloil,172,7,1769,,true,900,true,,,1,,,10/18/22
10148313,house,house,189250,forsale,9620,,,asnew,pellet,555,3,60,,true,,true,,,1,,,10/18/22
10147444,house,house,199000,forsale,5580,installed,1899,,fueloil,377,5,285,,true,,true,,,1,1,,10/18/22
10148106,house,countrycottage,320000,forsale,8870,,1993,good,electric,431,3,669,,,,,,,,,,10/18/22
10147010,house,house,475000,forsale,1800,,1999,good,gas,170,4,488,true,,,true,true,,,,,10/18/22
10147980,house,house,490000,forsale,2500,installed,,asnew,gas,346,3,155,true,,70,,true,,,,,10/18/22
10147421,house,house,550000,forsale,6221,installed,,good,gas,150,7,0,,true,,,,,,,,10/18/22
10148225,house,house,735000,forsale,1470,,2003,asnew,,170,6,1335,,,950,true,,,2,4,,10/18/22
10158604,apartment,groundfloor,220000,forsale,1180,,,good,gas,56,1,,,true,,,true,,,,,10/18/22
10158603,apartment,apartment,225000,forsale,1083,semiequipped,,tobedoneup,gas,916,2,,,true,,true,,,,,,10/18/22
10158601,apartment,apartment,159000,forsale,2100,notinstalled,1974,torenovate,gas,242,2,,,true,,true,,,1,,,10/18/22
10158600,house,townhouse,349000,forsale,2100,semiequipped,,good,gas,333,3,122,,,56,,,,1,,,10/18/22
10158596,house,house,219000,forsale,8650,,,good,gas,429,3,826,true,,,,,,,1,,10/18/22
10158591,housegroup,housegroup,755000-755000,forsale,1410,,,,,86,,,,,,,,,1,,1,10/18/22
10158588,apartmentgroup,apartmentgroup,365000-365000,forsale,1410,,,,,86,,,,,,,,,1,,1,10/18/22
10158584,apartment,apartment,110000,forsale,8600,,,good,,289,2,,,true,,,,,,,,10/18/22
10148221,house,house,735000,forsale,1495,,2003,asnew,,170,6,1335,,,950,true,,,2,4,,10/18/22
10147136,house,townhouse,985000,forsale,1180,usahyperequipped,1929,asnew,gas,,4,100,,true,25,true,,,,,,10/18/22
10147362,house,house,1800000,forsale,1380,,1973,asnew,fueloil,290,5,8000,,true,,true,true,,,6,,10/18/22
10153722,house,house,220000,forsale,6900,installed,1974,asnew,fueloil,239,4,640,,,,true,true,,1,2,,10/18/22
10153210,house,house,249000,forsale,8800,installed,1969,tobedoneup,fueloil,450,3,469,,,,,,,1,,,10/18/22
10152933,house,house,350000,forsale,9660,,1971,asnew,fueloil,212,3,2670,,true,,,true,,1,,,10/18/22
10085590,house,villa,475000,forsale,8610,usainstalled,1957,asnew,gas,232,4,1188,,true,,true,true,,2,1,,10/18/22
10153253,house,exceptionalproperty,498000,forsale,2660,installed,1966,good,fueloil,,4,726,true,,700,true,true,,2,2,,10/18/22
10153111,house,villa,1060000,forsale,1547,hyperequipped,2008,,,152,4,1254,,true,,true,true,,3,2,,10/18/22
10152079,house,exceptionalproperty,2450000,forsale,1150,installed,1900,tobedoneup,,330,5,781,true,true,600,true,,,4,2,,10/18/22
9969504,house,house,49999,forsale,6061,semiequipped,1893,torenovate,wood,1148,2,1470,,,1100,true,,,,1,,10/18/22
9985966,house,house,59999,forsale,6040,notinstalled,,tobedoneup,gas,624,2,61,,,,true,,,,1,,10/18/22
10013087,house,townhouse,69999,forsale,6061,notinstalled,1908,tobedoneup,gas,806,1,141,true,true,200,true,true,,1,2,,10/18/22
8759095,house,house,79000,forsale,6030,notinstalled,1900,torenovate,gas,693,4,130,true,true,,true,true,,,,,10/18/22
9857716,house,house,79000,forsale,7100,notinstalled,1900,good,gas,477,2,31,true,true,,,true,,,,,10/18/22
9973502,house,house,79000,forsale,7140,semiequipped,1900,torenovate,gas,584,2,170,true,,80,true,,,,,,10/18/22
9870390,house,house,79000,forsale,7140,semiequipped,1900,tobedoneup,gas,451,1,60,true,true,,,,,,,,10/18/22
10023258,house,farmhouse,99900,forsale,6890,,,torenovate,,317,1,207,,,46,,,,1,1,,10/18/22
10110016,house,house,99999,forsale,6061,notinstalled,,torenovate,gas,447,2,770,true,true,,true,,,,,,10/18/22
10115728,house,house,100000,forsale,5350,semiequipped,,torenovate,wood,630,2,359,,true,4,,,,,1,,10/18/22
9947679,house,house,115000,forsale,4032,,,torenovate,gas,531,3,0,,,68,true,,,1,,,10/18/22
10085722,house,house,115000,forsale,4540,,,asnew,gas,,3,1076,true,,850,true,true,,1,,,10/18/22
10120708,house,house,119000,forsale,4040,notinstalled,,tobedoneup,gas,522,3,0,,true,322,true,,,,,,10/18/22
9924289,house,house,119000,forsale,4430,,,tobedoneup,gas,402,2,0,,true,,,,,,,,10/18/22
9839015,house,house,119000,forsale,7140,installed,1900,tobedoneup,fueloil,428,3,90,true,true,,true,,,,,,10/18/22
9905467,house,mixedusebuilding,119000,forsale,7170,installed,1900,torenovate,gas,468,0,155,true,true,25,true,,,,,,10/18/22
9891518,house,house,119900,forsale,6030,notinstalled,1899,torenovate,gas,565,4,460,true,true,20,true,,,1,1,,10/18/22
9958439,house,house,119999,forsale,6060,notinstalled,1931,good,gas,448,3,190,true,,200,true,,,,1,,10/18/22
10032694,house,house,119999,forsale,6182,semiequipped,,tobedoneup,gas,283,3,260,true,,70,true,,,,,,10/18/22
10104294,house,house,120000,forsale,6690,installed,1936,tobedoneup,fueloil,367,4,521,true,true,521,,,,,3,,10/18/22
10158604,apartment,groundfloor,220000,forsale,1180,,,good,gas,56,1,,,true,,,true,,,,,10/18/22
10158603,apartment,apartment,225000,forsale,1083,semiequipped,,tobedoneup,gas,916,2,,,true,,true,,,,,,10/18/22
10158601,apartment,apartment,159000,forsale,2100,notinstalled,1974,torenovate,gas,242,2,,,true,,true,,,1,,,10/18/22
10158600,house,townhouse,349000,forsale,2100,semiequipped,,good,gas,333,3,122,,,56,,,,1,,,10/18/22
10158596,house,house,219000,forsale,8650,,,good,gas,429,3,826,true,,,,,,,1,,10/18/22
10158591,housegroup,housegroup,755000-755000,forsale,1410,,,,,86,,,,,,,,,1,,1,10/18/22
10158588,apartmentgroup,apartmentgroup,365000-365000,forsale,1410,,,,,86,,,,,,,,,1,,1,10/18/22
10158584,apartment,apartment,110000,forsale,8600,,,good,,289,2,,,true,,,,,,,,10/18/22
9352547,house,house,124999,forsale,6200,semiequipped,,good,fueloil,592,3,83,true,true,,true,,,,,,10/18/22
10118235,house,house,125000,forsale,7973,semiequipped,,torenovate,,482,3,160,,,86,true,,,,,,10/18/22
9874671,house,house,129000,forsale,6830,semiequipped,,torenovate,fueloil,371,6,0,,true,,true,,,,,,10/18/22
9570130,house,mixedusebuilding,129000,forsale,7160,semiequipped,,tobedoneup,gas,757,5,330,true,true,85,true,true,,,,,10/18/22
9570129,house,house,129000,forsale,7160,semiequipped,,tobedoneup,gas,757,5,330,true,true,85,true,true,,,,,10/18/22
9983760,house,house,129999,forsale,6040,semiequipped,1900,tobedoneup,gas,557,5,170,true,true,100,true,true,,,,,10/18/22
9905466,house,apartmentblock,129999,forsale,6040,semiequipped,,good,gas,464,1,156,,,51,,,,1,,,10/18/22
9905465,house,house,129999,forsale,6040,semiequipped,,good,gas,464,1,156,,,51,,,,1,,,10/18/22
9911609,house,house,135000,forsale,6660,installed,,good,fueloil,568,3,796,,,,,,,,,,10/18/22
10128475,house,house,139000,forsale,6850,semiequipped,,torenovate,fueloil,424,3,123,,true,,true,,,2,1,,10/18/22
10126665,house,house,140000,forsale,6220,semiequipped,,good,fueloil,377,4,0,,true,,,,,1,,,10/18/22
9893071,house,house,145000,forsale,6060,semiequipped,,tobedoneup,electric,925,3,0,,,,true,true,,1,,,10/18/22
10075177,house,house,145500,forsale,4032,installed,,tobedoneup,gas,827,3,138,,true,25,true,,,,,,10/18/22
10120706,house,house,149000,forsale,4040,notinstalled,,torenovate,gas,215,3,0,,true,,,,,,2,,10/18/22
10013584,house,house,149000,forsale,4040,semiequipped,,good,gas,,3,100,,true,,true,,,,,,10/18/22
10036327,house,house,149999,forsale,6061,installed,1902,good,gas,499,3,380,,,380,true,,,,1,,10/18/22
10095604,house,house,150000,forsale,5031,semiequipped,1979,justrenovated,gas,242,4,1108,,,,,true,,,,,10/18/22
9866828,house,house,150000,forsale,6640,notinstalled,,,fueloil,582,3,2746,,true,,,,,,,,10/18/22
9951390,house,house,150000,forsale,6660,,,tobedoneup,,,2,996,,true,996,,true,,,1,,10/18/22
10054547,house,house,152000,forsale,6031,semiequipped,1900,asnew,gas,330,2,200,,,200,true,true,,,,,10/18/22
9893706,house,house,155000,forsale,1440,semiequipped,,tobedoneup,gas,,2,60,,true,,true,,,,,,10/18/22
9910736,house,house,158000,forsale,8540,installed,,good,gas,494,2,357,true,true,258,true,,,,1,,10/18/22
9867929,house,house,159000,forsale,7100,installed,1985,good,gas,462,3,126,true,true,32,true,true,,,1,,10/18/22
9622700,house,house,159000,forsale,7170,installed,,good,gas,421,3,220,true,true,120,true,,,,,,10/18/22
10127737,house,house,159000,forsale,9600,,1971,torenovate,gas,606,3,220,true,true,,true,,,,,,10/18/22
9964438,house,house,159999,forsale,6030,usainstalled,1968,good,gas,284,3,230,true,true,70,true,true,,1,1,,10/18/22
9754000,house,house,159999,forsale,6030,installed,1950,asnew,gas,401,4,300,true,true,140,true,,,,1,,10/18/22
9973503,house,house,159999,forsale,7100,installed,1971,good,gas,361,3,140,true,true,47,true,,,,,,10/18/22
10019977,house,house,160000,forsale,5540,semiequipped,,torenovate,fueloil,307,4,897,,true,897,true,,,1,1,,10/18/22
9991023,house,house,160000,forsale,6790,notinstalled,1938,torenovate,fueloil,627,3,324,,true,215,,,,1,2,,10/18/22
10158604,apartment,groundfloor,220000,forsale,1180,,,good,gas,56,1,,,true,,,true,,,,,10/18/22
10158603,apartment,apartment,225000,forsale,1083,semiequipped,,tobedoneup,gas,916,2,,,true,,true,,,,,,10/18/22
10158601,apartment,apartment,159000,forsale,2100,notinstalled,1974,torenovate,gas,242,2,,,true,,true,,,1,,,10/18/22
10158600,house,townhouse,349000,forsale,2100,semiequipped,,good,gas,333,3,122,,,56,,,,1,,,10/18/22
10158596,house,house,219000,forsale,8650,,,good,gas,429,3,826,true,,,,,,,1,,10/18/22
10158591,housegroup,housegroup,755000-755000,forsale,1410,,,,,86,,,,,,,,,1,,1,10/18/22
10158588,apartmentgroup,apartmentgroup,365000-365000,forsale,1410,,,,,86,,,,,,,,,1,,1,10/18/22
10158584,apartment,apartment,110000,forsale,8600,,,good,,289,2,,,true,,,,,,,,10/18/22
10077095,house,house,165000,forsale,6687,installed,1850,good,fueloil,415,1,900,,,,,,,,,,10/18/22
10070155,house,house,166000,forsale,4100,,1918,tobedoneup,gas,544,3,276,,true,195,true,,,,,,10/18/22
10096534,house,apartmentblock,169000,forsale,4032,notinstalled,,torenovate,,,4,335,true,true,,,,,1,3,,10/18/22
10055874,house,house,169000,forsale,4430,semiequipped,1910,good,gas,451,3,323,true,true,135,true,,,,,,10/18/22
9899174,house,house,169000,forsale,8510,semiequipped,,torenovate,gas,1090,3,580,true,,322,,,,,,,10/18/22
10078093,house,house,175000,forsale,1480,installed,1899,tobedoneup,gas,397,3,135,true,true,,true,,,,,,10/18/22
9910737,house,house,178000,forsale,8540,installed,,good,gas,371,2,431,true,,,true,,,,1,,10/18/22
10108202,house,house,179000,forsale,4460,installed,,good,gas,344,3,244,true,,,true,,,,,,10/18/22
10055480,house,house,179000,forsale,4500,usainstalled,,good,gas,226,3,0,,true,,true,,,,,,10/18/22
10114946,house,house,179000,forsale,7170,hyperequipped,1900,good,gas,318,2,175,true,true,11,true,true,,,,,10/18/22
9960992,house,house,179900,forsale,6230,installed,1874,good,fueloil,483,2,290,true,true,50,true,,,1,,,10/18/22
10034465,house,house,179999,forsale,6040,notinstalled,1964,torenovate,fueloil,846,3,1169,true,,810,true,,,1,1,,10/18/22
10086110,house,house,179999,forsale,6061,installed,1960,tobedoneup,gas,467,3,680,true,true,530,true,true,,,,,10/18/22
10111673,house,house,180000,forsale,7080,semiequipped,1926,tobedoneup,fueloil,560,3,520,true,true,,true,true,,1,6,,10/18/22
9806048,house,house,180000,forsale,8430,installed,1990,good,electric,904,2,0,,,,,,,,,,10/18/22
9795818,house,house,189000,forsale,4800,semiequipped,,torenovate,electric,395,5,151,true,true,,true,,,,,,10/18/22
10072038,house,apartmentblock,189000,forsale,6150,installed,1923,good,gas,112,4,90,true,,,,,,,,,10/18/22
10072035,house,house,189000,forsale,6150,installed,1923,good,gas,112,4,90,true,,,,,,,,,10/18/22
9954507,house,house,189000,forsale,8930,installed,,good,gas,264,3,160,true,true,,true,,,,,,10/18/22
10048896,house,apartmentblock,189500,forsale,4040,semiequipped,,good,gas,337,4,550,,,220,true,,,2,,,10/18/22
10048895,house,house,189500,forsale,4040,semiequipped,,good,gas,337,4,550,,,220,true,,,2,,,10/18/22
9273158,house,house,189999,forsale,6183,semiequipped,,tobedoneup,gas,502,2,370,true,true,180,,true,,2,,,10/18/22
10100613,house,house,190000,forsale,4020,installed,1953,torenovate,fueloil,318,2,177,,true,77,,true,,1,1,,10/18/22
10100731,house,house,195000,forsale,7060,semiequipped,,good,fueloil,316,4,260,,true,,true,,,,,,10/18/22
10042113,house,house,199000,forsale,4250,,,torenovate,fueloil,665,4,1044,,,,,,,,4,,10/18/22
9896989,house,house,199000,forsale,4801,,1956,good,gas,457,3,110,true,true,120,true,,,1,1,,10/18/22
10064263,house,house,199000,forsale,5002,semiequipped,1957,torenovate,fueloil,407,4,494,,true,,true,,,,,,10/18/22
9366241,house,house,199000,forsale,6042,installed,,good,fueloil,433,5,241,true,,,true,,,3,1,,10/18/22
9848311,house,house,199000,forsale,7134,semiequipped,1900,tobedoneup,gas,462,5,1117,true,true,800,true,true,,1,3,,10/18/22
10069070,house,house,199000,forsale,7170,installed,1950,good,fueloil,453,2,475,,true,328,true,,,1,,,10/18/22
10158604,apartment,groundfloor,220000,forsale,1180,,,good,gas,56,1,,,true,,,true,,,,,10/18/22
10158603,apartment,apartment,225000,forsale,1083,semiequipped,,tobedoneup,gas,916,2,,,true,,true,,,,,,10/18/22
10158601,apartment,apartment,159000,forsale,2100,notinstalled,1974,torenovate,gas,242,2,,,true,,true,,,1,,,10/18/22
10158600,house,townhouse,349000,forsale,2100,semiequipped,,good,gas,333,3,122,,,56,,,,1,,,10/18/22
10158596,house,house,219000,forsale,8650,,,good,gas,429,3,826,true,,,,,,,1,,10/18/22
10158591,housegroup,housegroup,755000-755000,forsale,1410,,,,,86,,,,,,,,,1,,1,10/18/22
10158588,apartmentgroup,apartmentgroup,365000-365000,forsale,1410,,,,,86,,,,,,,,,1,,1,10/18/22
10158584,apartment,apartment,110000,forsale,8600,,,good,,289,2,,,true,,,,,,,,10/18/22
9884444,house,house,200000,forsale,6600,semiequipped,,,fueloil,622,3,22014,,true,,,,,,,,10/18/22
9798619,house,house,200000,forsale,6660,installed,1950,good,fueloil,211,4,241,,true,,,,,,,,10/18/22
10090069,house,house,200000,forsale,9850,semiequipped,,tobedoneup,gas,1150,2,621,,,,,,,,,,10/18/22
10107841,house,house,205000,forsale,7370,usainstalled,2020,,gas,86,3,230,,,,true,,,1,1,,10/18/22
10088402,house,house,206000,forsale,7801,semiequipped,,justrenovated,gas,286,3,340,,true,,,,,,,,10/18/22
9660863,house,house,210000,forsale,6860,semiequipped,,good,fueloil,396,3,1191,,true,,,,,1,,,10/18/22
9944733,house,countrycottage,215000,forsale,4400,,,good,fueloil,365,4,329,,true,,,,,1,2,,10/18/22
10129143,house,house,219000,forsale,8610,installed,,good,gas,271,2,411,,,,,,,,,,10/18/22
10124386,house,house,220000,forsale,8500,semiequipped,,torenovate,gas,628,3,240,true,,,true,,,1,,,10/18/22
10055875,house,house,225000,forsale,4030,installed,1910,asnew,gas,411,2,137,,true,70,true,true,,,,,10/18/22
10126671,house,house,225000,forsale,6220,semiequipped,,good,fueloil,491,4,0,,true,,true,true,,1,,,10/18/22
9942665,house,house,225000,forsale,6660,semiequipped,,torenovate,gas,606,3,3982,,true,,,,,,,,10/18/22
10061434,house,house,225000,forsale,7500,semiequipped,,good,fueloil,281,3,403,,true,,true,,,,2,,10/18/22
10094882,house,house,225000,forsale,7890,,2008,,gas,242,2,0,,true,,true,,,1,,,10/18/22
9841603,house,house,228000,forsale,4101,hyperequipped,,justrenovated,gas,231,3,0,,true,97,true,,,,,,10/18/22
10060579,house,house,229000,forsale,4460,semiequipped,,,fueloil,723,3,486,,true,350,true,true,,1,2,,10/18/22
9790765,house,house,229000,forsale,4860,,,,gas,377,4,0,,true,36,true,,,,,,10/18/22
9650603,house,house,229000,forsale,5100,notinstalled,1920,torenovate,gas,250,3,413,,true,,,,,,,,10/18/22
9813574,house,house,229000,forsale,6780,notinstalled,1918,tobedoneup,electric,704,2,390,true,,232,true,,,2,2,,10/18/22
9912727,house,house,229000,forsale,7141,installed,2016,asnew,gas,129,3,218,true,true,130,true,true,,1,1,,10/18/22
10126621,house,house,229000,forsale,8570,,,torenovate,,1026,5,843,,,,,,,,,,10/18/22
9630156,house,house,230000,forsale,5031,semiequipped,,good,electric,528,2,820,true,,,true,,,1,3,,10/18/22
10024351,house,bungalow,230000,forsale,8434,installed,1994,good,electric,395,2,286,,,,true,,,1,1,,10/18/22
9970582,house,house,235000,forsale,4540,installed,1940,asnew,gas,257,4,1000,,true,940,true,,,,4,,10/18/22
10107448,house,house,239000,forsale,4100,installed,2000,good,gas,298,2,65,,,,true,,,,,,10/18/22
10124033,house,house,239000,forsale,7140,hyperequipped,1950,good,gas,526,3,565,true,true,,true,true,,,3,,10/18/22
9865459,house,house,239900,forsale,6230,semiequipped,1972,tobedoneup,fueloil,374,4,710,true,true,500,true,true,,1,2,,10/18/22
10010773,house,house,240000,forsale,4340,installed,1919,good,pellet,199,3,260,,true,160,true,,,,,,10/18/22
10011946,house,apartmentblock,240000,forsale,5370,semiequipped,1900,,fueloil,302,5,386,,,386,true,,,,,,10/18/22
10032530,house,house,240000,forsale,6730,installed,1875,good,fueloil,315,3,238,true,,,true,true,,,2,,10/18/22
10158604,apartment,groundfloor,220000,forsale,1180,,,good,gas,56,1,,,true,,,true,,,,,10/18/22
10158603,apartment,apartment,225000,forsale,1083,semiequipped,,tobedoneup,gas,916,2,,,true,,true,,,,,,10/18/22
10158601,apartment,apartment,159000,forsale,2100,notinstalled,1974,torenovate,gas,242,2,,,true,,true,,,1,,,10/18/22
10158600,house,townhouse,349000,forsale,2100,semiequipped,,good,gas,333,3,122,,,56,,,,1,,,10/18/22
10158596,house,house,219000,forsale,8650,,,good,gas,429,3,826,true,,,,,,,1,,10/18/22
10158591,housegroup,housegroup,755000-755000,forsale,1410,,,,,86,,,,,,,,,1,,1,10/18/22
10158588,apartmentgroup,apartmentgroup,365000-365000,forsale,1410,,,,,86,,,,,,,,,1,,1,10/18/22
10158584,apartment,apartment,110000,forsale,8600,,,good,,289,2,,,true,,,,,,,,10/18/22
10124283,house,house,240000,forsale,7618,installed,1950,good,fueloil,275,3,270,true,true,,true,,,1,2,,10/18/22
9935286,house,house,245000,forsale,8210,usainstalled,1976,good,gas,396,3,442,,,,true,true,,1,,,10/18/22
9906423,house,house,249000,forsale,1420,installed,,torenovate,gas,387,5,170,,,30,,,,,,,10/18/22
10080546,house,house,249000,forsale,7000,installed,1900,tobedoneup,gas,272,2,100,true,true,,true,true,,,,,10/18/22
10032696,house,house,249999,forsale,6040,installed,,tobedoneup,gas,593,3,1778,,,100,true,,,3,1,,10/18/22
10032695,house,villa,249999,forsale,6040,installed,,tobedoneup,gas,593,3,1778,,true,100,true,,,2,5,,10/18/22
10003611,house,house,249999,forsale,6250,semiequipped,1972,good,fueloil,777,4,480,true,true,480,,true,,1,1,,10/18/22
9985592,house,house,250000,forsale,6760,installed,1899,good,fueloil,874,2,1500,true,true,,,,,1,1,,10/18/22
9971125,house,house,250000,forsale,7350,,1950,torenovate,fueloil,455,6,1500,true,true,1270,true,true,,1,,,10/18/22
9967330,house,house,254000,forsale,4000,,,tobedoneup,fueloil,471,5,0,,true,,,,,,,,10/18/22
10033091,house,house,255000,forsale,9600,,,,gas,336,3,724,,true,,true,,,2,10,,10/18/22
10061770,house,house,259000,forsale,2830,semiequipped,1964,torenovate,gas,722,3,0,,true,,,,,,,,10/18/22
10096824,house,mansion,259000,forsale,4102,installed,1910,good,gas,549,5,331,,true,115,true,true,,,,,10/18/22
10096748,house,house,260000,forsale,7100,installed,,good,gas,217,3,300,true,true,300,true,,,1,1,,10/18/22
10015807,house,mixedusebuilding,264000,forsale,4040,,,,gas,274,2,0,,true,,,,,,,,10/18/22
9943738,house,countrycottage,270000,forsale,6780,semiequipped,1899,good,fueloil,512,4,890,true,true,,true,,,1,2,,10/18/22
10122749,house,house,275000,forsale,1435,installed,1910,good,gas,253,3,345,,true,,true,true,,1,,,10/18/22
10071170,house,house,275000,forsale,3320,semiequipped,,tobedoneup,gas,378,3,661,,,,,,,1,,,10/18/22
9874158,house,house,275000,forsale,4570,notinstalled,1946,good,fueloil,384,6,1655,true,true,1482,true,,,,5,,10/18/22
10119240,house,house,275000,forsale,8420,,1936,tobedoneup,gas,493,2,121,,,,true,,,,,,10/18/22
10098842,house,house,275000,forsale,9600,,1952,asnew,gas,330,3,247,,true,,true,,,1,,,10/18/22
10108569,house,house,276000,forsale,1702,installed,2002,good,gas,259,3,472,true,,,true,,,1,1,,10/18/22
9994217,house,bungalow,279000,forsale,8790,installed,1959,good,fueloil,343,0,391,,,,,,,,,,10/18/22
10112657,house,house,279999,forsale,6030,installed,2010,asnew,gas,119,4,284,true,true,126,true,,,1,2,,10/18/22
10013623,house,house,280000,forsale,2830,installed,,,gas,167,3,120,,,56,true,,,,,,10/18/22
9811987,house,house,280000,forsale,4450,semiequipped,,torenovate,fueloil,419,2,0,,,,,,,1,,,10/18/22
10076713,house,apartmentblock,280000,forsale,6240,semiequipped,,good,gas,396,5,0,,true,,,,,,,,10/18/22
9771016,house,house,280000,forsale,6680,installed,2007,,fueloil,218,3,894,,,,,,,1,,,10/18/22
10069316,house,house,280000,forsale,8540,installed,,,gas,310,3,378,,true,,true,,,,,,10/18/22
10107139,house,house,280000,forsale,9050,installed,1930,good,gas,304,2,55,true,,,true,true,,,,,10/18/22
10158604,apartment,groundfloor,220000,forsale,1180,,,good,gas,56,1,,,true,,,true,,,,,10/18/22
10158603,apartment,apartment,225000,forsale,1083,semiequipped,,tobedoneup,gas,916,2,,,true,,true,,,,,,10/18/22
10158601,apartment,apartment,159000,forsale,2100,notinstalled,1974,torenovate,gas,242,2,,,true,,true,,,1,,,10/18/22
10158600,house,townhouse,349000,forsale,2100,semiequipped,,good,gas,333,3,122,,,56,,,,1,,,10/18/22
10158596,house,house,219000,forsale,8650,,,good,gas,429,3,826,true,,,,,,,1,,10/18/22
10158591,housegroup,housegroup,755000-755000,forsale,1410,,,,,86,,,,,,,,,1,,1,10/18/22
10158588,apartmentgroup,apartmentgroup,365000-365000,forsale,1410,,,,,86,,,,,,,,,1,,1,10/18/22
10158584,apartment,apartment,110000,forsale,8600,,,good,,289,2,,,true,,,,,,,,10/18/22
10094736,house,house,285000,forsale,1460,installed,1962,good,fueloil,699,3,651,,,500,true,,,,4,,10/18/22
9993216,house,house,285000,forsale,5300,installed,2001,tobedoneup,pellet,262,4,344,,,250,true,,true,,,,10/18/22
10087914,house,house,285000,forsale,6760,installed,1919,good,fueloil,481,3,400,true,,160,true,,true,1,3,,10/18/22
10060458,house,mixedusebuilding,285000,forsale,7020,installed,1875,good,gas,309,5,850,,true,,,,,1,,,10/18/22
10046521,house,house,285000,forsale,7022,installed,1975,good,gas,272,3,821,,true,,,,,1,,,10/18/22
9771499,house,house,285000,forsale,7340,installed,1940,good,fueloil,421,8,2110,,true,,,,,1,,,10/18/22
10116812,house,house,285000,forsale,9700,,1925,asnew,gas,263,4,110,,true,,true,,,1,,,10/18/22
10092494,house,house,290000,forsale,5001,installed,1958,good,gas,370,3,315,,true,220,true,,,1,,,10/18/22
10027489,house,house,290000,forsale,6032,installed,1952,tobedoneup,gas,441,3,0,,true,,true,,,1,2,,10/18/22
10049825,house,house,290000,forsale,6747,installed,1976,torenovate,fueloil,420,4,510,,true,410,true,true,,1,1,,10/18/22
9991031,house,house,294000,forsale,9320,semiequipped,1965,good,gas,558,3,284,true,true,80,true,,,1,3,,10/18/22
9934629,house,house,295000,forsale,1490,installed,1945,justrenovated,gas,284,3,166,,,,,,,,,,10/18/22
10092088,house,house,295000,forsale,5000,installed,1930,,fueloil,487,4,1321,,true,,,,,1,1,,10/18/22
9947250,house,house,295000,forsale,5530,installed,1930,,fueloil,487,4,1321,,true,,,,,1,1,,10/18/22
9950314,house,house,295000,forsale,5580,installed,,justrenovated,gas,127,3,0,,,,true,,,1,,,10/18/22
10044676,house,mixedusebuilding,295000,forsale,6970,installed,2018,,pellet,161,1,1302,,,,,,,,,,10/18/22
10094540,house,house,295000,forsale,7060,semiequipped,,good,gas,266,3,112,,true,,true,,,1,,,10/18/22
10035509,house,house,295000,forsale,8660,installed,1928,tobedoneup,fueloil,606,3,245,true,true,100,,,,2,1,,10/18/22
9862291,house,house,298000,forsale,5000,semiequipped,,torenovate,gas,444,5,133,,true,,,,,,,,10/18/22
10100755,house,house,298000,forsale,9600,hyperequipped,,good,gas,123,3,0,,,185,true,true,,1,,,10/18/22
10046052,house,house,299000,forsale,3200,usahyperequipped,1994,good,gas,195,3,35,,true,,,true,,,,,10/18/22
9049938,house,mixedusebuilding,299000,forsale,7090,semiequipped,,good,gas,178,3,156,true,,,,true,,,,,10/18/22
9980322,house,house,299000,forsale,8400,semiequipped,1959,good,gas,210,4,126,true,true,,true,,,,,,10/18/22
10043776,house,house,299000,forsale,8610,semiequipped,,tobedoneup,fueloil,599,4,505,,,,,,,,,,10/18/22
10097441,house,house,299000,forsale,9400,hyperequipped,1900,asnew,gas,231,3,144,true,,,true,true,,,,,10/18/22
10112286,house,house,299950,forsale,9220,installed,1966,good,gas,434,3,321,true,true,,true,,,1,3,,10/18/22
10094892,house,house,299999,forsale,1357,notinstalled,1850,torenovate,fueloil,623,2,1986,,,1724,,,,1,,,10/18/22
9958440,house,villa,299999,forsale,5060,installed,2018,good,pellet,420,2,700,,true,,true,true,true,,8,,10/18/22
9933814,house,house,299999,forsale,5060,installed,2018,good,pellet,420,2,700,,true,,true,true,true,,8,,10/18/22
9816251,house,house,300000,forsale,1420,semiequipped,1899,torenovate,wood,607,4,799,true,true,250,true,true,,1,3,,10/18/22
10158604,apartment,groundfloor,220000,forsale,1180,,,good,gas,56,1,,,true,,,true,,,,,10/18/22
10158603,apartment,apartment,225000,forsale,1083,semiequipped,,tobedoneup,gas,916,2,,,true,,true,,,,,,10/18/22
10158601,apartment,apartment,159000,forsale,2100,notinstalled,1974,torenovate,gas,242,2,,,true,,true,,,1,,,10/18/22
10158600,house,townhouse,349000,forsale,2100,semiequipped,,good,gas,333,3,122,,,56,,,,1,,,10/18/22
10158596,house,house,219000,forsale,8650,,,good,gas,429,3,826,true,,,,,,,1,,10/18/22
10158591,housegroup,housegroup,755000-755000,forsale,1410,,,,,86,,,,,,,,,1,,1,10/18/22
10158588,apartmentgroup,apartmentgroup,365000-365000,forsale,1410,,,,,86,,,,,,,,,1,,1,10/18/22
10158584,apartment,apartment,110000,forsale,8600,,,good,,289,2,,,true,,,,,,,,10/18/22
10126435,house,house,300000,forsale,6183,installed,,good,gas,286,5,776,,true,,,,,1,,,10/18/22
10128057,house,house,310000,forsale,5100,semiequipped,1961,tobedoneup,fueloil,385,4,255,,true,130,true,,,1,1,,10/18/22
10113163,house,house,319000,forsale,9120,semiequipped,,torenovate,gas,547,4,0,,,,,,,1,2,,10/18/22
10127736,house,mixedusebuilding,319000,forsale,9630,,1955,torenovate,fueloil,921,3,1260,true,,,true,,,1,,,10/18/22
10105439,house,mixedusebuilding,319000,forsale,9630,,1955,torenovate,fueloil,921,3,1260,true,,,true,,,1,,,10/18/22
10103299,house,house,319000,forsale,9630,,1955,torenovate,fueloil,921,3,1260,true,,,true,,,1,,,10/18/22
10004705,house,house,320000,forsale,1780,notinstalled,1933,,gas,382,4,79,,,,,,,,,,10/18/22
10098452,house,villa,320000,forsale,6220,semiequipped,1985,good,fueloil,330,4,3140,,true,,true,,,1,3,,10/18/22
10053763,house,house,320000,forsale,6600,,2020,,gas,,4,344,,,,,true,,,,,10/18/22
9964108,house,house,320000,forsale,6747,,1973,tobedoneup,fueloil,874,2,3400,,true,,true,,,1,3,,10/18/22
9150361,house,house,325000,forsale,1470,installed,,torenovate,fueloil,372,3,950,,true,,true,true,,1,4,,10/18/22
9150300,house,house,325000,forsale,1471,installed,,good,fueloil,372,3,950,,true,,true,true,,1,4,,10/18/22
10033152,house,mixedusebuilding,325000,forsale,2170,installed,1933,good,gas,437,7,126,,true,,true,true,,,,,10/18/22
9877575,house,house,325000,forsale,2180,installed,1960,good,gas,380,3,195,true,true,60,true,,,,,,10/18/22
10111474,house,house,325000,forsale,8500,installed,,,gas,221,3,147,,true,,true,,,,,,10/18/22
9983474,house,house,325000,forsale,9240,installed,1943,good,gas,413,5,242,,,30,true,true,,,,,10/18/22
10098812,house,mansion,329000,forsale,2830,installed,1918,tobedoneup,gas,369,5,160,,,65,,,,,,,10/18/22
9896286,house,house,329000,forsale,3300,,1964,tobedoneup,gas,638,3,260,,true,108,true,,,1,1,,10/18/22
9596876,house,villa,329000,forsale,5100,installed,1964,torenovate,fueloil,501,4,1872,,true,,,,,1,2,,10/18/22
9596875,house,house,329000,forsale,5100,installed,1964,torenovate,fueloil,501,4,1872,,true,,,,,1,2,,10/18/22
10124786,house,house,329000,forsale,8210,semiequipped,1966,torestore,gas,837,3,921,,,,,,,1,,,10/18/22
9960615,house,house,335000,forsale,1390,semiequipped,,tobedoneup,fueloil,456,2,741,,,,true,true,,1,4,,10/18/22
10060769,house,house,335000,forsale,2500,usainstalled,1930,justrenovated,gas,124,2,183,,,41,true,,,,,,10/18/22
10057792,house,house,339999,forsale,6142,installed,1995,good,fueloil,353,4,820,true,true,330,true,,,2,5,,10/18/22
10118471,house,townhouse,345000,forsale,1480,,1956,,gas,228,3,286,,true,220,true,true,,3,2,,10/18/22
10011588,house,house,345000,forsale,1490,semiequipped,1936,,fueloil,369,3,680,,true,,true,,,1,1,,10/18/22
10100554,house,house,345000,forsale,9100,,1956,asnew,gas,264,4,210,,true,65,,,,1,2,,10/18/22
10048036,house,house,349000,forsale,4540,installed,2020,,,65,3,619,,,,true,,,,4,,10/18/22
9436789,house,apartmentblock,349999,forsale,6000,semiequipped,1900,torenovate,,281,8,131,,,,,,,,,,10/18/22
10129220,house,house,350000,forsale,1490,notinstalled,1930,justrenovated,gas,233,3,300,,true,,true,,,,,,10/18/22
10158604,apartment,groundfloor,220000,forsale,1180,,,good,gas,56,1,,,true,,,true,,,,,10/18/22
10158603,apartment,apartment,225000,forsale,1083,semiequipped,,tobedoneup,gas,916,2,,,true,,true,,,,,,10/18/22
10158601,apartment,apartment,159000,forsale,2100,notinstalled,1974,torenovate,gas,242,2,,,true,,true,,,1,,,10/18/22
10158600,house,townhouse,349000,forsale,2100,semiequipped,,good,gas,333,3,122,,,56,,,,1,,,10/18/22
10158596,house,house,219000,forsale,8650,,,good,gas,429,3,826,true,,,,,,,1,,10/18/22
10158591,housegroup,housegroup,755000-755000,forsale,1410,,,,,86,,,,,,,,,1,,1,10/18/22
10158588,apartmentgroup,apartmentgroup,365000-365000,forsale,1410,,,,,86,,,,,,,,,1,,1,10/18/22
10158584,apartment,apartment,110000,forsale,8600,,,good,,289,2,,,true,,,,,,,,10/18/22
10107114,house,house,350000,forsale,4910,installed,1989,good,fueloil,248,3,919,true,,1,,true,,1,2,,10/18/22
10067631,house,house,350000,forsale,5140,hyperequipped,1950,tobedoneup,,202,6,3,,,,,,,,,,10/18/22
10128925,house,house,350000,forsale,6951,,2005,good,fueloil,135,4,4498,,,4498,true,true,,,14,,10/18/22
9934744,house,house,359000,forsale,1880,notinstalled,2020,,gas,51,3,294,,,,true,,,,1,,10/18/22
10092241,house,house,359000,forsale,4340,,2009,,gas,170,4,0,,,280,,true,,1,,,10/18/22
10111670,house,villa,360000,forsale,6180,installed,1998,asnew,fueloil,209,3,1056,,,,true,true,,1,6,,10/18/22
10022567,house,house,362000,forsale,9400,installed,1975,torenovate,gas,350,3,1801,,true,1600,true,,,2,4,,10/18/22
9811630,house,house,365000,forsale,1315,installed,,good,gas,104,5,664,,,,true,,,,2,,10/18/22
10037692,house,house,365000,forsale,1853,usainstalled,1931,torenovate,fueloil,1280,3,352,true,true,,true,,,,,,10/18/22
10101781,house,villa,365000,forsale,6567,semiequipped,1989,good,electric,350,3,1250,true,,430,true,,,1,5,,10/18/22
10126919,house,house,369000,forsale,8820,installed,,tobedoneup,fueloil,511,4,1272,,true,,,,,2,,,10/18/22
10037062,house,house,370000,forsale,1420,notinstalled,,good,gas,339,5,125,,true,40,,true,,,,,10/18/22
10111425,house,house,370000,forsale,3000,,1930,good,gas,188,2,70,true,,30,true,,,,,,10/18/22
10110413,house,house,370000,forsale,8870,hyperequipped,,good,gas,321,3,170,true,true,40,true,,,1,1,,10/18/22
9980451,house,house,375000,forsale,9340,,,torenovate,gas,992,4,2140,,true,,,,,1,,,10/18/22
10111222,house,house,376000,forsale,9940,installed,1971,good,gas,326,4,405,true,,100,true,,,,,,10/18/22
10006377,house,house,378000,forsale,8000,hyperequipped,,asnew,gas,195,2,72,,,,true,,,,,,10/18/22
9881856,house,house,379000,forsale,1421,installed,1979,good,gas,329,3,480,,,,true,,,1,2,,10/18/22
9531529,house,apartmentblock,379000,forsale,7011,semiequipped,2006,good,gas,165,6,0,,,,true,,,,,,10/18/22
9989434,house,house,379000,forsale,8520,installed,,good,gas,530,4,706,true,true,465,true,,,1,1,,10/18/22
9997374,house,house,380000,forsale,1430,usainstalled,1800,asnew,gas,191,2,2000,,true,1870,true,,true,,1,,10/18/22
10066007,house,house,382750,forsale,9870,installed,2005,good,electric,434,3,1271,true,,,true,,,1,3,,10/18/22
9990886,house,house,384000,forsale,9200,usahyperequipped,,,gas,133,4,223,,true,,,,,1,,,10/18/22
9990462,house,house,385000,forsale,1340,,,tobedoneup,fueloil,499,5,1200,,true,1000,true,,,1,2,,10/18/22
10021328,house,house,385000,forsale,1470,,1987,good,electric,336,3,557,,,467,true,,,1,2,,10/18/22
10067225,house,house,385000,forsale,2812,installed,1952,asnew,gas,349,3,216,,true,115,true,,,,,,10/18/22
10014916,house,house,389000,forsale,1081,installed,1937,justrenovated,gas,638,4,113,true,true,,true,,,,,,10/18/22
10129895,house,house,390000,forsale,1420,installed,1910,justrenovated,gas,315,4,286,,true,,true,,,2,,,10/18/22
9889203,house,house,390000,forsale,1480,semiequipped,1960,good,fueloil,624,3,826,,,,true,,,1,2,,10/18/22
10082061,house,house,390000,forsale,5081,semiequipped,,good,fueloil,417,3,1367,,true,,,,,1,,,10/18/22
10158604,apartment,groundfloor,220000,forsale,1180,,,good,gas,56,1,,,true,,,true,,,,,10/18/22
10158603,apartment,apartment,225000,forsale,1083,semiequipped,,tobedoneup,gas,916,2,,,true,,true,,,,,,10/18/22
10158601,apartment,apartment,159000,forsale,2100,notinstalled,1974,torenovate,gas,242,2,,,true,,true,,,1,,,10/18/22
10158600,house,townhouse,349000,forsale,2100,semiequipped,,good,gas,333,3,122,,,56,,,,1,,,10/18/22
10158596,house,house,219000,forsale,8650,,,good,gas,429,3,826,true,,,,,,,1,,10/18/22
10158591,housegroup,housegroup,755000-755000,forsale,1410,,,,,86,,,,,,,,,1,,1,10/18/22
10158588,apartmentgroup,apartmentgroup,365000-365000,forsale,1410,,,,,86,,,,,,,,,1,,1,10/18/22
10158584,apartment,apartment,110000,forsale,8600,,,good,,289,2,,,true,,,,,,,,10/18/22
10034626,house,house,395000,forsale,1495,installed,1974,good,fueloil,262,5,1405,,true,831,true,,,,2,,10/18/22
10126005,house,villa,395000,forsale,7862,,2015,asnew,gas,111,4,720,true,,600,,true,,1,2,,10/18/22
10120648,house,bungalow,395000,forsale,9620,,1978,asnew,gas,329,3,1085,true,true,,true,,,1,,,10/18/22
10116817,house,house,395000,forsale,9620,,1978,asnew,gas,329,3,1085,true,true,,true,,,1,,,10/18/22
10111741,house,villa,395000,forsale,9620,,1978,asnew,gas,329,3,1085,true,true,,true,,,1,,,10/18/22
10108476,house,house,399000,forsale,1020,installed,,good,fueloil,485,7,0,,true,,true,true,,,,,10/18/22
10010191,house,house,399000,forsale,1435,hyperequipped,2019,asnew,gas,92,3,176,true,,49,true,,,,2,,10/18/22
9596686,house,house,399000,forsale,4000,semiequipped,1925,good,fueloil,270,8,430,,true,295,true,true,,2,2,,10/18/22
10026009,house,house,399000,forsale,6700,hyperequipped,1950,asnew,gas,254,3,200,,true,,true,,,,,,10/18/22
9908394,house,house,399000,forsale,8501,installed,,good,gas,813,3,1160,,,,true,,,1,,,10/18/22
10118605,house,villa,400000,forsale,6600,installed,2015,,gas,83,3,1080,,true,,true,true,,2,,,10/18/22
10005430,house,mixedusebuilding,415000,forsale,3300,,1930,good,fueloil,524,2,610,,,400,true,true,,,,,10/18/22
10004835,house,villa,415000,forsale,9506,installed,1961,asnew,electric,425,4,721,,true,,true,,,,,,10/18/22
10103568,house,house,419000,forsale,4690,hyperequipped,2022,good,gas,117,3,482,true,true,423,true,true,,1,,,10/18/22
10105688,house,house,420000,forsale,1950,hyperequipped,,good,gas,549,2,305,true,true,100,true,,,1,1,,10/18/22
10126400,house,house,425000,forsale,1840,installed,1965,good,gas,378,3,574,true,true,200,true,true,,1,3,,10/18/22
9957039,house,house,425000,forsale,2610,semiequipped,,tobedoneup,gas,377,3,245,,true,121,true,,,1,1,,10/18/22
10072093,house,house,425000,forsale,6927,installed,,good,fueloil,226,11,629,,,,true,,,,,,10/18/22
10045651,house,house,429000,forsale,1090,installed,1934,tobedoneup,gas,446,4,100,true,true,,true,true,,1,,,10/18/22
9849323,house,mixedusebuilding,429000,forsale,1800,semiequipped,1992,good,gas,570,2,179,,,,true,,,1,,,10/18/22
10123563,house,villa,430000,forsale,1350,hyperequipped,2022,,,,3,1400,,,,true,,,,1,,10/18/22
10034259,house,villa,430000,forsale,4633,usahyperequipped,1995,good,fueloil,314,5,1200,,,1200,true,,,2,3,,10/18/22
10047142,house,house,430000,forsale,6747,installed,2009,good,fueloil,134,5,417,,,300,true,true,,1,2,,10/18/22
9852793,house,villa,435000,forsale,9400,installed,1976,good,fueloil,407,3,1766,,,,,true,,,,,10/18/22
10073092,house,house,440000,forsale,1401,installed,1991,asnew,gas,307,2,1204,,,800,true,,,1,2,,10/18/22
10030790,house,house,440000,forsale,6747,installed,1988,good,electric,372,4,1861,true,,,true,true,,1,3,,10/18/22
10104087,house,house,445000,forsale,1000,installed,,good,gas,473,3,130,,true,,true,,,,,,10/18/22
10110883,house,villa,448000,forsale,9880,semiequipped,1989,,,509,3,879,,true,,,,,1,,,10/18/22
10092832,house,mixedusebuilding,449000,forsale,3460,,1967,good,fueloil,428,9,1239,true,true,730,true,true,,2,10,,10/18/22
10129446,house,house,450000,forsale,1330,installed,,good,gas,367,3,277,,true,150,true,true,,,,,10/18/22
10158604,apartment,groundfloor,220000,forsale,1180,,,good,gas,56,1,,,true,,,true,,,,,10/18/22
10158603,apartment,apartment,225000,forsale,1083,semiequipped,,tobedoneup,gas,916,2,,,true,,true,,,,,,10/18/22
10158601,apartment,apartment,159000,forsale,2100,notinstalled,1974,torenovate,gas,242,2,,,true,,true,,,1,,,10/18/22
10158600,house,townhouse,349000,forsale,2100,semiequipped,,good,gas,333,3,122,,,56,,,,1,,,10/18/22
10158596,house,house,219000,forsale,8650,,,good,gas,429,3,826,true,,,,,,,1,,10/18/22
10158591,housegroup,housegroup,755000-755000,forsale,1410,,,,,86,,,,,,,,,1,,1,10/18/22
10158588,apartmentgroup,apartmentgroup,365000-365000,forsale,1410,,,,,86,,,,,,,,,1,,1,10/18/22
10158584,apartment,apartment,110000,forsale,8600,,,good,,289,2,,,true,,,,,,,,10/18/22
10036192,house,house,459000,forsale,6700,installed,,good,gas,240,5,155,,true,,true,true,,,,,10/18/22
10056292,house,house,459000,forsale,9255,installed,1951,asnew,fueloil,215,4,363,,,120,true,,,,4,,10/18/22
9927921,house,house,460000,forsale,1410,installed,1975,good,gas,206,4,187,,,,true,true,,1,2,,10/18/22
10124570,house,house,460000,forsale,5360,semiequipped,2007,,fueloil,126,6,1199,,true,,true,,,1,5,,10/18/22
10097054,house,house,465000,forsale,6950,,1980,good,fueloil,209,4,1838,true,,1276,true,true,true,3,10,,10/18/22
10080931,house,house,469000,forsale,9340,usainstalled,1981,asnew,gas,123,4,545,true,,220,true,,true,,,,10/18/22
10044805,house,villa,475000,forsale,1310,semiequipped,1945,,gas,384,2,758,,true,,true,,,1,3,,10/18/22
10129437,house,house,475000,forsale,1390,usahyperequipped,1850,asnew,fueloil,535,2,1751,,,1700,true,,,,,,10/18/22
10127363,house,house,475000,forsale,9470,installed,2009,asnew,gas,119,4,427,true,,136,true,true,,1,3,,10/18/22
10040597,house,exceptionalproperty,489000,forsale,1082,hyperequipped,1993,good,gas,171,3,80,,,,true,,,2,,,10/18/22
10034107,house,house,489000,forsale,1082,hyperequipped,1993,good,gas,171,3,80,,,,true,,,2,,,10/18/22
10000099,house,countrycottage,495000,forsale,5190,usainstalled,1850,justrenovated,fueloil,409,4,795,,true,,,,,,2,,10/18/22
9902614,house,mansion,495000,forsale,7542,usainstalled,,asnew,fueloil,275,3,1660,,true,,,,,,4,,10/18/22
10129551,house,countrycottage,495000,forsale,7890,installed,,good,fueloil,173,3,1580,,,,true,,,1,,,10/18/22
10042462,house,villa,497000,forsale,2890,installed,1978,,gas,226,3,1636,,true,1092,,,,4,5,,10/18/22
10120646,house,house,499000,forsale,9700,,2006,asnew,gas,214,2,272,,true,,true,,,,1,,10/18/22
10120644,house,house,499000,forsale,9700,,2006,asnew,gas,214,2,272,,true,,true,,,,1,,10/18/22
10052904,house,house,500000,forsale,1000,installed,,tobedoneup,gas,473,5,131,,true,49,,,,,,,10/18/22
9423149,house,house,510000,forsale,1325,installed,1994,asnew,,477,3,1538,true,true,,true,,,2,4,,10/18/22
10073447,house,mixedusebuilding,515000,forsale,1000,semiequipped,,good,gas,413,4,92,,true,,true,,,,,,10/18/22
9705743,house,mixedusebuilding,518000,forsale,5060,semiequipped,1900,good,gas,408,5,176,true,true,,,true,,,,,10/18/22
9889818,house,villa,519000,forsale,5020,installed,2002,asnew,gas,278,3,1164,,true,,true,,,1,2,,10/18/22
10096960,house,house,520000,forsale,1820,hyperequipped,1979,justrenovated,gas,155,5,635,,true,510,true,,,1,2,,10/18/22
9782882,house,house,525000,forsale,1160,installed,1932,,gas,659,3,110,,true,,true,,,,,,10/18/22
9782881,house,apartmentblock,525000,forsale,1160,installed,1932,,gas,659,3,110,,true,,true,,,,,,10/18/22
9483195,house,house,535000,forsale,8301,installed,1925,good,,254,5,0,,true,,,,,,,,10/18/22
10119116,house,house,539000,forsale,1650,installed,1918,good,gas,351,5,500,,true,,true,true,,1,,,10/18/22
10119117,house,house,539000,forsale,1653,installed,1918,good,gas,351,5,500,,true,,true,true,,1,,,10/18/22
10106055,house,house,545000,forsale,9000,installed,1936,asnew,gas,195,3,108,true,true,,true,,,,,,10/18/22
10087912,house,house,549000,forsale,1820,semiequipped,1988,torenovate,gas,408,5,870,true,true,700,true,true,,,2,,10/18/22
10158604,apartment,groundfloor,220000,forsale,1180,,,good,gas,56,1,,,true,,,true,,,,,10/18/22
10158603,apartment,apartment,225000,forsale,1083,semiequipped,,tobedoneup,gas,916,2,,,true,,true,,,,,,10/18/22
10158601,apartment,apartment,159000,forsale,2100,notinstalled,1974,torenovate,gas,242,2,,,true,,true,,,1,,,10/18/22
10158600,house,townhouse,349000,forsale,2100,semiequipped,,good,gas,333,3,122,,,56,,,,1,,,10/18/22
10158596,house,house,219000,forsale,8650,,,good,gas,429,3,826,true,,,,,,,1,,10/18/22
10158591,housegroup,housegroup,755000-755000,forsale,1410,,,,,86,,,,,,,,,1,,1,10/18/22
10158588,apartmentgroup,apartmentgroup,365000-365000,forsale,1410,,,,,86,,,,,,,,,1,,1,10/18/22
10158584,apartment,apartment,110000,forsale,8600,,,good,,289,2,,,true,,,,,,,,10/18/22
10080676,house,house,569000,forsale,2547,,1999,asnew,gas,185,4,320,true,,170,,,,,,,10/18/22
10090490,house,house,575000,forsale,1300,semiequipped,1976,good,gas,311,4,900,true,,900,true,true,,5,3,,10/18/22
9908105,house,villa,575000,forsale,6717,hyperequipped,1976,asnew,fueloil,390,5,1500,,true,,true,true,,2,2,,10/18/22
10058767,house,house,575000,forsale,8000,hyperequipped,1936,asnew,gas,195,3,109,,true,,true,,,,,,10/18/22
10086590,house,countrycottage,585000,forsale,2390,usainstalled,1993,asnew,gas,133,4,840,,,840,true,true,,1,3,,10/18/22
9986789,house,house,590000,forsale,1420,hyperequipped,1990,good,electric,345,4,1420,true,,1100,true,true,,1,3,,10/18/22
9955562,house,villa,595000,forsale,1320,usahyperequipped,1978,asnew,fueloil,164,4,1290,,true,1000,true,true,true,,5,,10/18/22
10080770,house,house,595000,forsale,1380,usahyperequipped,,asnew,gas,132,4,904,,true,680,true,,,,2,,10/18/22
10098304,house,house,595000,forsale,1410,usahyperequipped,2002,asnew,gas,149,4,272,,,100,true,,,1,2,,10/18/22
10108180,house,house,595000,forsale,2180,installed,2021,,,32,6,450,,,,true,,,,4,,10/18/22
10113672,house,house,595000,forsale,4450,usahyperequipped,2021,asnew,gas,90,5,650,true,,,,,,,,,10/18/22
9514774,house,house,595000,forsale,4500,installed,,good,fueloil,,8,0,,true,50,true,,,,5,,10/18/22
10038719,house,house,595000,forsale,8430,,2005,good,gas,222,3,606,true,,150,true,,,2,2,,10/18/22
9996811,house,house,598000,forsale,1300,usahyperequipped,2021,justrenovated,gas,107,4,222,true,,,true,true,,1,2,,10/18/22
9940339,house,villa,599000,forsale,8610,installed,1974,tobedoneup,fueloil,621,4,7840,true,true,,true,true,,2,10,,10/18/22
10095129,house,villa,605000,forsale,1300,installed,1988,,gas,132,3,1471,,true,,true,,,3,3,,10/18/22
10095131,house,villa,605000,forsale,1348,installed,1988,,gas,132,3,1471,,true,,true,,,3,3,,10/18/22
9983830,house,mansion,610000,forsale,6700,usahyperequipped,1920,asnew,gas,170,4,170,,,50,true,,,1,,,10/18/22
9980334,house,house,610000,forsale,6700,usahyperequipped,1920,asnew,gas,170,4,170,,,50,true,,,1,,,10/18/22
9760376,house,house,615000,forsale,1435,installed,1904,tobedoneup,fueloil,201,7,785,,true,,,,,,,,10/18/22
10001369,house,house,619900,forsale,9200,usainstalled,1985,good,gas,292,4,1730,true,,,true,,true,,4,,10/18/22
10123980,house,house,620000,forsale,1190,,1912,torenovate,gas,464,6,0,,,78,,true,,,,,10/18/22
9866431,house,house,625000,forsale,1470,installed,1973,good,fueloil,276,6,2023,,true,,true,true,,2,3,,10/18/22
10068539,house,villa,625000,forsale,9790,,1978,tobedoneup,fueloil,311,5,3688,,true,,true,true,,2,,,10/18/22
9964106,house,villa,640000,forsale,6792,usainstalled,1970,justrenovated,fueloil,230,5,1668,true,true,,true,true,,1,2,,10/18/22
10012829,house,exceptionalproperty,645000,forsale,1600,installed,1976,good,gas,286,4,750,true,true,,true,true,,2,7,,10/18/22
10114781,house,house,649000,forsale,1090,semiequipped,1927,good,gas,338,6,240,,true,83,true,,,1,1,,10/18/22
9885252,house,villa,649000,forsale,1640,installed,1930,torenovate,gas,689,5,1673,,true,,true,true,,2,10,,10/18/22
9633418,house,house,650000,forsale,1490,semiequipped,1974,good,electric,382,4,2474,,true,,true,,,1,2,,10/18/22
9768067,house,house,650000,forsale,1640,usahyperequipped,1973,asnew,gas,129,5,434,true,,,true,true,,3,3,,10/18/22
10158604,apartment,groundfloor,220000,forsale,1180,,,good,gas,56,1,,,true,,,true,,,,,10/18/22
10158603,apartment,apartment,225000,forsale,1083,semiequipped,,tobedoneup,gas,916,2,,,true,,true,,,,,,10/18/22
10158601,apartment,apartment,159000,forsale,2100,notinstalled,1974,torenovate,gas,242,2,,,true,,true,,,1,,,10/18/22
10158600,house,townhouse,349000,forsale,2100,semiequipped,,good,gas,333,3,122,,,56,,,,1,,,10/18/22
10158596,house,house,219000,forsale,8650,,,good,gas,429,3,826,true,,,,,,,1,,10/18/22
10158591,housegroup,housegroup,755000-755000,forsale,1410,,,,,86,,,,,,,,,1,,1,10/18/22
10158588,apartmentgroup,apartmentgroup,365000-365000,forsale,1410,,,,,86,,,,,,,,,1,,1,10/18/22
10158584,apartment,apartment,110000,forsale,8600,,,good,,289,2,,,true,,,,,,,,10/18/22
9968108,house,house,650000,forsale,1970,hyperequipped,1954,good,,562,4,624,true,true,,true,,,,,,10/18/22
10128053,house,villa,675000,forsale,7041,usahyperequipped,2016,good,,133,3,4000,,,700,true,true,,6,3,,10/18/22
10061959,house,apartmentblock,680000,forsale,1070,,1890,torenovate,,383,7,167,,true,,true,,,,,,10/18/22
10089147,house,house,689000,forsale,9300,installed,2021,asnew,gas,58,6,494,,,300,true,,,1,6,,10/18/22
10103957,house,house,695000,forsale,1050,notinstalled,1900,torenovate,gas,452,4,0,,true,,true,,,,,,10/18/22
10083889,house,house,695000,forsale,1640,usahyperequipped,1959,asnew,gas,237,4,199,,true,,true,true,,1,,,10/18/22
10008984,house,villa,695000,forsale,1780,hyperequipped,1960,good,fueloil,306,4,511,,,300,true,,,,3,,10/18/22
10078973,house,countrycottage,695000,forsale,7060,usainstalled,,,fueloil,267,7,1359,,,,true,,,2,5,,10/18/22
10011161,house,villa,695000,forsale,9400,,1976,justrenovated,gas,229,2,4650,,true,,true,true,,3,4,,10/18/22
10075589,house,mixedusebuilding,699000,forsale,8904,hyperequipped,,good,gas,207,4,1070,,,,,,,1,,,10/18/22
10073832,house,exceptionalproperty,700000,forsale,5032,installed,,good,fueloil,424,8,5428,true,true,5000,true,,true,2,10,,10/18/22
9779785,house,house,735000,forsale,1470,semiequipped,1850,tobedoneup,fueloil,393,6,10000,true,,10000,true,true,,2,6,,10/18/22
10108745,house,house,747500,forsale,1050,installed,,,gas,148,3,132,,,50,true,,,,,,10/18/22
9963876,house,house,775000,forsale,1850,installed,1937,good,fueloil,402,4,8700,,true,,true,,,,4,,10/18/22
9717082,house,house,780000,forsale,1050,hyperequipped,1908,good,gas,335,4,140,,true,60,true,,,,,,10/18/22
10108748,house,house,782500,forsale,1050,installed,,,gas,148,3,132,,,50,true,,,1,,,10/18/22
9901083,house,house,790000,forsale,5574,installed,1965,good,fueloil,284,4,22374,,true,,,true,,3,10,,10/18/22
10120292,house,villa,795000,forsale,1470,hyperequipped,1965,good,fueloil,380,3,3780,,,,true,true,,2,3,,10/18/22
10025315,house,villa,795000,forsale,1640,hyperequipped,1973,asnew,fueloil,304,4,1560,,true,1200,true,true,,2,4,,10/18/22
10040251,house,villa,795000,forsale,9900,installed,1963,asnew,gas,442,5,2881,,,,,,,2,13,,10/18/22
9907735,house,villa,798750,forsale,9300,hyperequipped,1995,good,gas,160,3,952,true,,200,true,true,true,2,6,,10/18/22
9987211,house,house,799000,forsale,1000,installed,1822,good,gas,458,3,0,,,,true,,,,,,10/18/22
10085783,house,house,799000,forsale,1160,hyperequipped,1979,tobedoneup,,256,5,285,,,,true,,,1,1,,10/18/22
9973504,house,apartmentblock,799000,forsale,7160,installed,1920,good,gas,399,6,3187,true,true,,true,true,,6,20,,10/18/22
9888804,house,house,820000,forsale,1000,usahyperequipped,1897,asnew,,149,4,155,true,true,45,true,,,,,,10/18/22
9888038,house,house,820000,forsale,1210,usahyperequipped,1897,asnew,,149,4,155,true,true,45,true,,,,,,10/18/22
9577454,house,apartmentblock,845000,forsale,1040,installed,1930,tobedoneup,gas,378,7,135,,true,52,true,,,,,,10/18/22
10051996,house,mixedusebuilding,845000,forsale,5100,usainstalled,1975,good,gas,193,6,133,,true,,,,,,,,10/18/22
9947510,house,villa,875000,forsale,9550,,1979,torenovate,,,5,11366,,true,,,,,3,,,10/18/22
9175005,house,house,880000,forsale,1640,installed,1920,asnew,,287,3,253,true,true,,true,true,,1,,,10/18/22
10158604,apartment,groundfloor,220000,forsale,1180,,,good,gas,56,1,,,true,,,true,,,,,10/18/22
10158603,apartment,apartment,225000,forsale,1083,semiequipped,,tobedoneup,gas,916,2,,,true,,true,,,,,,10/18/22
10158601,apartment,apartment,159000,forsale,2100,notinstalled,1974,torenovate,gas,242,2,,,true,,true,,,1,,,10/18/22
10158600,house,townhouse,349000,forsale,2100,semiequipped,,good,gas,333,3,122,,,56,,,,1,,,10/18/22
10158596,house,house,219000,forsale,8650,,,good,gas,429,3,826,true,,,,,,,1,,10/18/22
10158591,housegroup,housegroup,755000-755000,forsale,1410,,,,,86,,,,,,,,,1,,1,10/18/22
10158588,apartmentgroup,apartmentgroup,365000-365000,forsale,1410,,,,,86,,,,,,,,,1,,1,10/18/22
10158584,apartment,apartment,110000,forsale,8600,,,good,,289,2,,,true,,,,,,,,10/18/22
9921297,house,villa,885000,forsale,1430,hyperequipped,1843,,fueloil,219,5,8700,,true,8300,true,true,true,2,4,,10/18/22
9921298,house,villa,885000,forsale,7850,hyperequipped,1843,,fueloil,219,5,8700,,true,8300,true,true,true,2,4,,10/18/22
10015014,house,house,895000,forsale,1060,installed,1899,torenovate,gas,319,7,0,,true,180,true,true,,,,,10/18/22
10087824,house,house,895000,forsale,1325,usainstalled,1999,asnew,fueloil,343,4,1685,true,true,9,true,true,true,1,,,10/18/22
9397178,house,house,949000,forsale,1380,usahyperequipped,2013,asnew,,100,5,1700,,,1700,true,,true,4,4,,10/18/22
10034591,house,villa,950000,forsale,1400,usahyperequipped,2010,asnew,fueloil,113,6,3320,,true,,true,true,true,2,10,,10/18/22
10001215,house,villa,950000,forsale,1460,usahyperequipped,2010,asnew,fueloil,113,6,3320,,true,,true,true,true,2,10,,10/18/22
9971336,house,house,950000,forsale,1840,hyperequipped,2009,asnew,gas,84,6,1738,true,,1400,true,,true,,4,,10/18/22
10067672,house,exceptionalproperty,1000000,forsale,6830,hyperequipped,1970,asnew,fueloil,167,4,3617,,true,,true,true,,2,5,,10/18/22
10067662,house,villa,1000000,forsale,6830,hyperequipped,1970,asnew,fueloil,167,4,3617,,true,,true,true,,2,5,,10/18/22
9980431,house,house,1000000,forsale,6980,installed,2009,,,,13,12390,,true,12390,true,,,,20,,10/18/22
10103587,house,villa,1080000,forsale,1640,usahyperequipped,2006,asnew,gas,179,4,1200,,true,,true,true,,1,6,,10/18/22
9923301,house,house,1095000,forsale,3390,installed,,good,gas,209,3,3779,,,,true,true,,,,,10/18/22
10087279,house,villa,1145000,forsale,9185,hyperequipped,2007,asnew,fueloil,175,3,7678,,,7428,,,,2,8,,10/18/22
10003247,house,villa,1290000,forsale,1150,hyperequipped,1930,good,gas,410,5,540,,,,true,,,1,1,,10/18/22
9879490,house,exceptionalproperty,1295000,forsale,1460,hyperequipped,1960,good,fueloil,399,4,17500,true,,16000,true,true,true,2,5,,10/18/22
10086931,house,villa,1295000,forsale,7850,usahyperequipped,1992,,fueloil,262,5,3250,,true,,true,true,true,4,10,,10/18/22
9725002,house,villa,1450000,forsale,8510,installed,1966,good,gas,340,4,3781,,,,,,,3,4,,10/18/22
10084180,house,villa,1475000,forsale,3090,installed,1965,good,gas,664,5,3300,true,true,,true,true,true,2,,,10/18/22
10109422,house,villa,1550000,forsale,1180,usahyperequipped,,good,gas,307,5,14,true,true,110,true,,,2,2,,10/18/22
9881762,house,exceptionalproperty,1550000,forsale,6700,usahyperequipped,1958,asnew,gas,302,5,7500,,,7240,true,true,true,2,6,,10/18/22
10107484,house,villa,1575000,forsale,1640,usahyperequipped,1960,,gas,179,5,1060,,true,839,true,true,true,2,2,,10/18/22
10129690,house,house,1600000,forsale,1160,installed,,tobedoneup,gas,401,6,1140,,true,,,,,2,3,,10/18/22
10106702,house,villa,1700000,forsale,2930,installed,1931,good,gas,329,7,3110,,,,,,,,6,,10/18/22
10078097,house,house,1795000,forsale,8300,installed,2001,asnew,gas,177,4,140,,,100,true,,,1,1,,10/18/22
9899004,house,house,1800000,forsale,1040,installed,1905,good,gas,772,4,100,,,,true,,,,,,10/18/22
10014018,house,villa,1850000,forsale,1640,usahyperequipped,1932,asnew,,184,6,2000,true,true,2000,true,true,,2,4,,10/18/22
9637176,house,mansion,1950000,forsale,1050,installed,1901,asnew,gas,374,5,208,,true,,true,true,,,,,10/18/22
9319662,house,house,1950000,forsale,1150,hyperequipped,1939,good,fueloil,290,6,598,,true,330,true,,,1,2,,10/18/22
10096528,house,house,1995000,forsale,1160,hyperequipped,,asnew,gas,171,5,506,,,250,true,,,2,1,,10/18/22
10158604,apartment,groundfloor,220000,forsale,1180,,,good,gas,56,1,,,true,,,true,,,,,10/18/22
10158603,apartment,apartment,225000,forsale,1083,semiequipped,,tobedoneup,gas,916,2,,,true,,true,,,,,,10/18/22
10158601,apartment,apartment,159000,forsale,2100,notinstalled,1974,torenovate,gas,242,2,,,true,,true,,,1,,,10/18/22
10158600,house,townhouse,349000,forsale,2100,semiequipped,,good,gas,333,3,122,,,56,,,,1,,,10/18/22
10158596,house,house,219000,forsale,8650,,,good,gas,429,3,826,true,,,,,,,1,,10/18/22
10158591,housegroup,housegroup,755000-755000,forsale,1410,,,,,86,,,,,,,,,1,,1,10/18/22
10158588,apartmentgroup,apartmentgroup,365000-365000,forsale,1410,,,,,86,,,,,,,,,1,,1,10/18/22
10158584,apartment,apartment,110000,forsale,8600,,,good,,289,2,,,true,,,,,,,,10/18/22
10080966,house,villa,1995000,forsale,2610,installed,2004,,gas,424,5,630,true,true,500,true,true,true,,3,,10/18/22
10128544,house,apartmentblock,2150000,forsale,1000,usainstalled,1890,good,gas,,4,489,,true,,true,true,,,3,,10/18/22
10101229,house,mixedusebuilding,2190000,forsale,1040,usahyperequipped,1928,asnew,gas,447,6,220,,,,true,true,,1,,,10/18/22
10101228,house,exceptionalproperty,2190000,forsale,1040,usahyperequipped,1928,asnew,gas,447,6,220,,,,true,true,,1,,,10/18/22
10098196,house,villa,2450000,forsale,1180,installed,1960,asnew,fueloil,361,4,1600,,,,,true,,1,,,10/18/22
9919507,house,villa,2490000,forsale,1180,hyperequipped,2008,good,,229,6,1530,,true,1400,true,true,,2,4,,10/18/22
10116563,house,exceptionalproperty,2500000,forsale,1340,installed,1896,asnew,fueloil,334,7,5000,,true,,,true,true,14,,,10/18/22
10112307,house,villa,2510000,forsale,8300,hyperequipped,1979,asnew,gas,255,3,847,true,,847,true,,true,2,5,,10/18/22
9979569,house,house,2680000,forsale,1640,usahyperequipped,2020,asnew,,150,6,2205,true,true,2200,true,true,,2,2,,10/18/22
10125692,house,exceptionalproperty,2950000,forsale,1310,hyperequipped,2003,asnew,fueloil,337,5,11000,,true,,true,true,true,1,5,,10/18/22
10126284,house,exceptionalproperty,2950000,forsale,1380,hyperequipped,2003,asnew,fueloil,337,5,11000,,true,,true,true,true,1,5,,10/18/22
9521970,house,apartmentblock,3200000,forsale,1000,semiequipped,1900,tobedoneup,fueloil,483,0,0,,true,120,true,,,,,,10/18/22
9956140,house,mansion,3450000,forsale,1000,installed,1930,good,gas,326,5,1250,true,true,,true,true,,2,2,,10/18/22
9910219,house,exceptionalproperty,3490000,forsale,1050,installed,1914,good,gas,298,5,390,,true,390,true,true,,2,1,,10/18/22
10093645,house,house,3675000,forsale,8300,hyperequipped,2006,good,fueloil,141,5,42000,,,42000,true,true,,2,6,,10/18/22
9984544,house,house,169000,forsale,8730,,1938,torenovate,electric,897,0,175,,,,,,,,,,10/18/22
10157768,house,house,568000,forsale,1180,notinstalled,,tobedoneup,gas,544,4,110,,,,true,,,,,,10/18/22
10145986,house,villa,3950000,forsale,8300,hyperequipped,2013,asnew,gas,120,4,285,,true,,true,,true,,1,1,10/18/22
10137016,housegroup,housegroup,344000-375000,forsale,9700,,,,,,,,,,,,,,,,1,10/18/22
10132897,house,house,249000,forsale,8310,installed,1934,tobedoneup,gas,598,4,140,true,true,,true,true,,1,,,10/18/22
10132355,house,house,389000,forsale,1790,hyperequipped,1974,asnew,,144,4,566,true,,270,true,,,1,4,,10/18/22
10134436,house,house,310000,forsale,6997,,1890,,fueloil,402,3,3441,,true,,true,,true,,,,10/18/22
10135582,house,house,429000,forsale,8210,installed,2021,asnew,gas,78,4,423,,,999,true,,,,,,10/18/22
10120809,house,house,445000,forsale,6730,,2010,asnew,gas,144,4,1080,,,710,true,,,1,2,,10/18/22
10135640,house,villa,625000,forsale,1755,,1880,asnew,gas,354,3,1150,true,true,,true,,,2,,,10/18/22
10135639,house,house,625000,forsale,1755,,1880,asnew,gas,354,3,1150,true,true,,true,,,2,,,10/18/22
10153201,house,house,311000,forsale,2450,,2020,,,,3,0,,,,true,,,,,1,10/18/22
10139362,house,house,155000,forsale,5070,semiequipped,,,,542,3,0,,,,true,,,,,,10/18/22
10140123,house,house,197500,forsale,5651,,,,,266,5,785,,true,600,true,,,1,2,,10/18/22
10158604,apartment,groundfloor,220000,forsale,1180,,,good,gas,56,1,,,true,,,true,,,,,10/18/22
10158603,apartment,apartment,225000,forsale,1083,semiequipped,,tobedoneup,gas,916,2,,,true,,true,,,,,,10/18/22
10158601,apartment,apartment,159000,forsale,2100,notinstalled,1974,torenovate,gas,242,2,,,true,,true,,,1,,,10/18/22
10158600,house,townhouse,349000,forsale,2100,semiequipped,,good,gas,333,3,122,,,56,,,,1,,,10/18/22
10158596,house,house,219000,forsale,8650,,,good,gas,429,3,826,true,,,,,,,1,,10/18/22
10158591,housegroup,housegroup,755000-755000,forsale,1410,,,,,86,,,,,,,,,1,,1,10/18/22
10158588,apartmentgroup,apartmentgroup,365000-365000,forsale,1410,,,,,86,,,,,,,,,1,,1,10/18/22
10158584,apartment,apartment,110000,forsale,8600,,,good,,289,2,,,true,,,,,,,,10/18/22
10138484,house,house,259000,forsale,9290,hyperequipped,1952,good,gas,343,3,300,true,true,150,true,,,,1,,10/18/22
10140196,house,house,269000,forsale,8800,installed,,justrenovated,gas,150,2,0,,,,,,,,,,10/18/22
10139294,house,house,270000,forsale,6220,notinstalled,,tobedoneup,gas,267,4,0,,true,,,,,1,,,10/18/22
9638701,house,house,347500,forsale,8730,usainstalled,2022,asnew,,,3,215,true,,,,,,1,1,1,10/18/22
10140129,house,house,349000,forsale,1850,semiequipped,1932,good,gas,282,2,458,true,,330,true,,,,1,,10/18/22
10139681,house,house,349000,forsale,3300,installed,1850,torenovate,fueloil,1254,4,2043,true,true,925,true,,,2,10,,10/18/22
9923456,house,house,358000,forsale,8310,usahyperequipped,2022,,gas,30,3,177,,,40,true,,,1,1,1,10/18/22
10138736,house,house,365000,forsale,1540,installed,1933,good,fueloil,878,4,1770,true,true,1670,true,,,1,2,,10/18/22
10138877,house,bungalow,465000,forsale,3090,installed,1976,tobedoneup,gas,361,3,890,true,true,500,true,,,1,,,10/18/22
9666335,house,house,475000,forsale,3390,installed,2022,,gas,,3,938,,,,true,,,2,1,1,10/18/22
10138727,house,exceptionalproperty,950000,forsale,7041,hyperequipped,1820,good,fueloil,306,5,20000,true,true,2000,true,true,true,,11,,10/18/22
9947200,house,house,1250000,forsale,1410,,2022,justrenovated,gas,,4,1157,,true,,,true,,1,,1,10/18/22
9947201,house,house,1295000,forsale,1410,,2022,justrenovated,gas,,4,1008,,true,,,,,1,,1,10/18/22
10158112,house,house,435000,forsale,1367,semiequipped,2022,,,63,5,440,,,,true,true,,,2,1,10/18/22
10144177,house,house,259000,forsale,1440,,1935,torenovate,fueloil,613,4,1000,,,,,true,,,,,10/18/22
10142845,house,house,337000,forsale,3200,semiequipped,1959,torenovate,gas,567,4,1139,true,true,500,,,,,,,10/18/22
10144305,house,house,850000,forsale,1780,hyperequipped,2004,asnew,,,5,380,,,200,true,,,3,,,10/18/22
10143244,house,exceptionalproperty,2250000,forsale,6238,usahyperequipped,,good,gas,,14,11500,,true,,true,true,true,,8,,10/18/22
10146335,house,house,210000,forsale,8940,installed,1935,tobedoneup,gas,283,3,176,,true,94,,,,,,,10/18/22
10146691,house,house,269000,forsale,2830,installed,,justrenovated,gas,194,3,165,,true,80,true,,,,,,10/18/22
10151307,house,house,189000,forsale,9506,semiequipped,1951,torenovate,fueloil,861,2,200,,,,,,,,,,10/18/22
10149155,house,villa,200000,forsale,7033,semiequipped,,tobedoneup,gas,1196,3,2680,true,true,,true,,,,4,,10/18/22
10149352,house,villa,260000,forsale,7800,notinstalled,,,fueloil,564,3,640,,true,,,true,,1,1,,10/18/22
10151028,house,house,289000,forsale,1620,semiequipped,,torenovate,,369,2,170,,,,,,,,,,10/18/22
10150565,house,house,325000,forsale,9200,,1955,good,,278,5,115,,,22,,,,,,,10/18/22
10148861,house,house,399900,forsale,9520,usahyperequipped,1964,asnew,gas,298,2,560,,true,,true,,,2,8,,10/18/22
10131705,house,house,495000,forsale,2950,installed,1987,good,,151,5,1552,,true,,,,true,1,4,,10/18/22
10156983,house,house,225000,forsale,9700,,,asnew,gas,510,3,94,,,,true,,,,,,10/18/22
10155956,house,house,295000,forsale,9040,semiequipped,,torenovate,gas,,4,160,true,true,,,,,,,,10/18/22
10156196,house,house,335000,forsale,2800,usainstalled,,good,gas,157,3,140,,,32,true,,,,,,10/18/22
10158604,apartment,groundfloor,220000,forsale,1180,,,good,gas,56,1,,,true,,,true,,,,,10/18/22
10158603,apartment,apartment,225000,forsale,1083,semiequipped,,tobedoneup,gas,916,2,,,true,,true,,,,,,10/18/22
10158601,apartment,apartment,159000,forsale,2100,notinstalled,1974,torenovate,gas,242,2,,,true,,true,,,1,,,10/18/22
10158600,house,townhouse,349000,forsale,2100,semiequipped,,good,gas,333,3,122,,,56,,,,1,,,10/18/22
10158596,house,house,219000,forsale,8650,,,good,gas,429,3,826,true,,,,,,,1,,10/18/22
10158591,housegroup,housegroup,755000-755000,forsale,1410,,,,,86,,,,,,,,,1,,1,10/18/22
10158588,apartmentgroup,apartmentgroup,365000-365000,forsale,1410,,,,,86,,,,,,,,,1,,1,10/18/22
10158584,apartment,apartment,110000,forsale,8600,,,good,,289,2,,,true,,,,,,,,10/18/22
10155569,house,house,345000,forsale,6230,installed,1937,justrenovated,gas,,4,599,,true,400,true,,,2,3,,10/18/22
10156986,house,villa,475000,forsale,9700,,1974,,fueloil,371,5,1900,true,true,,true,true,,1,,,10/18/22
10154629,house,villa,485000,forsale,1640,usahyperequipped,1964,asnew,,,3,280,true,,150,true,true,,1,2,,10/18/22
10131238,house,house,69900,forsale,5680,notinstalled,1850,torestore,,675,3,327,true,true,150,true,,,1,1,,10/18/22
10131768,house,mansion,239000,forsale,8400,installed,1930,tobedoneup,gas,268,3,65,,true,6,,,,,,,10/18/22
10131845,house,townhouse,295000,forsale,6700,semiequipped,1965,tobedoneup,gas,209,3,282,true,,167,,,,1,2,,10/18/22
10130501,house,house,360000,forsale,9240,hyperequipped,1976,asnew,,259,3,150,true,true,46,true,,,1,,,10/18/22
10130340,house,house,395000,forsale,1790,hyperequipped,1989,good,electric,429,3,385,true,,150,true,,,1,4,,10/18/22
10131913,house,house,675000,forsale,1082,installed,2005,,,132,5,330,,true,,true,,,2,,,10/18/22
10131918,house,villa,899000,forsale,8490,installed,,asnew,electric,624,3,3391,,,,,,,1,,,10/18/22
10131690,house,apartmentblock,1280000,forsale,1180,installed,1930,good,gas,,4,1064,,,,true,,,2,,,10/18/22
10130522,house,mixedusebuilding,1375000,forsale,8000,usahyperequipped,,asnew,,,0,444,,,,,,,4,7,,10/18/22
10133670,house,house,239000,forsale,5590,installed,1965,good,fueloil,,2,400,true,true,,,true,,1,4,,10/18/22
10133671,house,house,374000,forsale,8610,installed,2006,asnew,gas,,2,558,,,1,,,,,,,10/18/22
10106964,house,bungalow,429000,forsale,1852,installed,1978,tobedoneup,fueloil,,2,670,true,,,,,,,,,10/18/22
10133407,house,mansion,625000,forsale,1755,,1880,asnew,gas,354,3,1150,true,true,,true,,,2,,,10/18/22
10136060,house,house,125000,forsale,9260,notinstalled,1955,torenovate,gas,892,2,94,true,true,,true,,,,,,10/18/22
10137514,house,house,199000,forsale,6940,installed,,good,fueloil,542,3,559,true,true,489,true,true,,,2,,10/18/22
10136057,house,house,210000,forsale,9550,installed,1955,tobedoneup,fueloil,546,3,250,true,true,,true,,,1,1,,10/18/22
10136644,house,house,375000,forsale,1853,usainstalled,1956,good,gas,235,4,240,true,true,,true,true,,,,,10/18/22
10136044,house,house,695000,forsale,1332,usahyperequipped,,asnew,gas,190,5,339,,true,,true,true,,2,4,,10/18/22
10136550,house,villa,925000,forsale,1745,installed,1995,good,gas,260,2,3688,,true,,,true,,,8,,10/18/22
10136380,house,house,990000,forsale,1180,notinstalled,1925,torenovate,,321,4,200,,true,100,true,true,,2,,,10/18/22
10066742,house,house,199000,forsale,1850,usahyperequipped,,asnew,gas,,2,55,,,,true,,,,,,10/18/22
10141725,house,house,490000,forsale,1040,semiequipped,,good,gas,,5,135,,,44,true,,,,,,10/18/22
10141726,house,house,490000,forsale,1050,semiequipped,,good,gas,,5,135,,,44,true,,,,,,10/18/22
10141372,house,house,1750000,forsale,3550,semiequipped,,torenovate,,960,3,56841,true,true,,,,,,1,,10/18/22
10145172,house,house,164500,forsale,4860,notinstalled,,asnew,gas,341,4,181,true,true,,,,,1,,,10/18/22
10144913,house,house,249000,forsale,9230,installed,1936,justrenovated,gas,171,3,145,,true,,,,,,,,10/18/22
10145614,house,house,315000,forsale,9280,installed,1982,torenovate,fueloil,621,4,361,true,,,true,,,1,2,,10/18/22
10158604,apartment,groundfloor,220000,forsale,1180,,,good,gas,56,1,,,true,,,true,,,,,10/18/22
10158603,apartment,apartment,225000,forsale,1083,semiequipped,,tobedoneup,gas,916,2,,,true,,true,,,,,,10/18/22
10158601,apartment,apartment,159000,forsale,2100,notinstalled,1974,torenovate,gas,242,2,,,true,,true,,,1,,,10/18/22
10158600,house,townhouse,349000,forsale,2100,semiequipped,,good,gas,333,3,122,,,56,,,,1,,,10/18/22
10158596,house,house,219000,forsale,8650,,,good,gas,429,3,826,true,,,,,,,1,,10/18/22
10158591,housegroup,housegroup,755000-755000,forsale,1410,,,,,86,,,,,,,,,1,,1,10/18/22
10158588,apartmentgroup,apartmentgroup,365000-365000,forsale,1410,,,,,86,,,,,,,,,1,,1,10/18/22
10158584,apartment,apartment,110000,forsale,8600,,,good,,289,2,,,true,,,,,,,,10/18/22
10000595,house,house,329000,forsale,2830,installed,1930,asnew,gas,147,2,276,,,120,,,,1,,,10/18/22
10146183,house,villa,335000,forsale,5640,hyperequipped,2006,asnew,fueloil,252,4,912,,,912,,,,2,4,,10/18/22
10144876,house,house,382000,forsale,9032,installed,1975,tobedoneup,gas,801,3,129,,,,,,,1,,,10/18/22
10145795,house,house,384000,forsale,8340,installed,2018,asnew,gas,68,3,128,,,60,,,,1,,,10/18/22
10145568,house,house,425000,forsale,2280,hyperequipped,1913,asnew,gas,138,3,570,,true,470,true,true,,,,,10/18/22
10145613,house,house,575000,forsale,1840,usahyperequipped,2006,asnew,gas,129,3,663,,,,true,,,1,3,,10/18/22
10144975,house,house,625000,forsale,9280,installed,1883,asnew,gas,150,5,516,,,516,,,,,,,10/18/22
10147495,house,house,369000,forsale,2580,semiequipped,,tobedoneup,,761,3,0,,true,,true,true,,2,3,,10/18/22
10148026,house,house,399500,forsale,9870,installed,,tobedoneup,fueloil,,6,0,,,,,,,,2,,10/18/22
10148024,house,mixedusebuilding,399500,forsale,9870,installed,,tobedoneup,fueloil,,6,0,,,,,,,,2,,10/18/22
10147989,house,villa,425000,forsale,6210,,1963,good,fueloil,642,5,1615,,true,,,,,,,,10/18/22
10148123,house,villa,695000,forsale,9990,usahyperequipped,2002,asnew,,168,5,902,true,true,650,true,true,,2,2,,10/18/22
10147517,house,mansion,925000,forsale,9220,,1910,,,87,6,795,,true,,true,,,1,,,10/18/22
10152312,house,chalet,179000,forsale,4920,notinstalled,1993,tobedoneup,electric,1701,2,1261,,true,,true,,,,,,10/18/22
10152018,house,apartmentblock,259000,forsale,4000,installed,,good,fueloil,509,4,133,,true,,,true,,,4,,10/18/22
10152017,house,apartmentblock,259000,forsale,4041,installed,,good,fueloil,509,4,133,,true,,,true,,,4,,10/18/22
10105495,house,house,279000,forsale,8540,,1966,asnew,,674,3,359,,true,,,,,2,2,,10/18/22
10152989,house,house,380000,forsale,1780,hyperequipped,1930,tobedoneup,gas,,3,240,,true,160,,,,,,,10/18/22
10153219,house,house,449000,forsale,2250,usahyperequipped,2023,,,,3,0,,,136,true,,,,1,,10/18/22
10153220,house,house,477000,forsale,2250,usahyperequipped,2023,,,,3,0,,,288,true,,,,1,,10/18/22
10153933,house,villa,495000,forsale,9170,installed,1989,good,electric,,3,1550,,true,1368,true,true,,,5,,10/18/22
10152155,house,apartmentblock,695000,forsale,1853,,1918,good,gas,357,0,320,,,,,,,,,,10/18/22
10151440,house,villa,775000,forsale,9190,installed,1994,asnew,gas,187,7,5343,,,,,,true,2,5,,10/18/22
10152730,house,villa,1680000,forsale,1650,usauninstalled,1998,good,fueloil,,4,2873,,true,,,,,4,,,10/18/22
10151439,house,villa,3900000,forsale,9160,installed,1977,asnew,fueloil,401,5,175000,,,17500,,,,7,,,10/18/22
9887678,house,house,35000,forsale,4460,installed,,good,,399,2,302,,true,150,true,,,,,,10/18/22
10115859,house,house,69000,forsale,6220,semiequipped,,torenovate,fueloil,387,2,0,,true,,,true,,,,,10/18/22
9916530,house,house,79000,forsale,6830,semiequipped,,good,fueloil,521,2,31,,,,,,,,,,10/18/22
10074497,house,house,125000,forsale,8920,semiequipped,,tobedoneup,gas,420,5,187,,true,,true,,,,,,10/18/22
10052898,house,house,129500,forsale,4130,notinstalled,,torenovate,,525,2,452,,,,,,,1,,,10/18/22
10158604,apartment,groundfloor,220000,forsale,1180,,,good,gas,56,1,,,true,,,true,,,,,10/18/22
10158603,apartment,apartment,225000,forsale,1083,semiequipped,,tobedoneup,gas,916,2,,,true,,true,,,,,,10/18/22
10158601,apartment,apartment,159000,forsale,2100,notinstalled,1974,torenovate,gas,242,2,,,true,,true,,,1,,,10/18/22
10158600,house,townhouse,349000,forsale,2100,semiequipped,,good,gas,333,3,122,,,56,,,,1,,,10/18/22
10158596,house,house,219000,forsale,8650,,,good,gas,429,3,826,true,,,,,,,1,,10/18/22
10158591,housegroup,housegroup,755000-755000,forsale,1410,,,,,86,,,,,,,,,1,,1,10/18/22
10158588,apartmentgroup,apartmentgroup,365000-365000,forsale,1410,,,,,86,,,,,,,,,1,,1,10/18/22
10158584,apartment,apartment,110000,forsale,8600,,,good,,289,2,,,true,,,,,,,,10/18/22
10075125,house,house,129500,forsale,7021,notinstalled,1874,tobedoneup,fueloil,532,2,533,true,true,,,,,,1,,10/18/22
9954894,house,apartmentblock,139000,forsale,6061,notinstalled,,torenovate,gas,386,2,936,,true,,true,,,3,3,,10/18/22
9656894,house,house,139500,forsale,9600,semiequipped,,tobedoneup,,737,3,320,,,,true,,,,,,10/18/22
9817597,house,house,143000,forsale,6840,,1850,,pellet,233,2,145,,,,,,,,,,10/18/22
10123595,house,house,145000,forsale,5002,,,torenovate,gas,,3,1298,,,1000,true,true,,2,1,,10/18/22
9974561,house,house,149000,forsale,4280,notinstalled,1910,torenovate,,384,2,150,true,true,,true,,,,,,10/18/22
9715909,house,house,159000,forsale,8870,semiequipped,,tobedoneup,gas,593,4,320,,,,,,,,,,10/18/22
9952574,house,house,165000,forsale,8800,installed,1930,tobedoneup,gas,700,2,280,,,210,,,,,,,10/18/22
10056180,house,house,169000,forsale,8870,semiequipped,,torenovate,fueloil,678,3,90,,,,true,,,,,,10/18/22
10106385,house,house,174000,forsale,4610,installed,,tobedoneup,gas,253,2,137,,,50,true,,,,,,10/18/22
9852138,house,house,175000,forsale,6810,notinstalled,1900,torenovate,,354,5,470,,,300,,,,1,,,10/18/22
9442789,house,house,180000,forsale,8750,semiequipped,,torenovate,gas,453,4,325,true,true,235,true,,,1,,,10/18/22
9644599,house,house,189000,forsale,8860,installed,,good,gas,295,3,151,true,true,,true,,,,,,10/18/22
10055373,house,house,190000,forsale,8000,installed,1874,torenovate,gas,668,2,80,,,25,,,,,,,10/18/22
9928364,house,house,193000,forsale,9300,semiequipped,,good,gas,453,2,130,true,,50,true,,,,,,10/18/22
10124247,house,house,195000,forsale,8000,installed,1900,tobedoneup,gas,278,1,42,true,,,true,true,,,,,10/18/22
10005141,house,house,199000,forsale,1790,installed,1951,tobedoneup,gas,823,2,203,true,,127,true,,,1,1,,10/18/22
9992365,house,house,199000,forsale,9620,installed,,good,gas,271,3,99,true,,53,,,,,,,10/18/22
10104145,house,house,200000,forsale,5376,semiequipped,,torenovate,,413,3,4301,true,true,4301,,,,1,,,10/18/22
10035598,house,house,205000,forsale,8980,semiequipped,,tobedoneup,gas,561,3,241,true,true,120,true,,,1,,,10/18/22
10056713,house,villa,210000,forsale,7950,semiequipped,,torestore,fueloil,407,3,0,,true,340,true,true,,1,,,10/18/22
10023878,house,house,210000,forsale,8760,installed,,good,gas,639,2,283,,,,true,,,,1,,10/18/22
10115187,house,house,210000,forsale,8930,installed,,good,gas,377,2,302,true,true,170,true,,,1,1,,10/18/22
9397710,house,house,210000,forsale,8930,installed,,good,gas,377,2,302,true,true,170,true,,,1,1,,10/18/22
10092577,house,house,215000,forsale,1790,installed,1918,tobedoneup,,644,3,270,true,true,150,true,,,1,,,10/18/22
10128758,house,house,219000,forsale,8020,installed,1933,good,gas,864,2,154,,,,,,,,,,10/18/22
9745701,house,house,220000,forsale,8900,installed,,good,gas,424,4,181,true,true,,,,,,,,10/18/22
9717146,house,mixedusebuilding,224000,forsale,9300,hyperequipped,1930,good,gas,380,2,90,,,,true,,,,,,10/18/22
10106415,house,house,229000,forsale,4101,installed,,good,,317,4,319,,true,60,true,,,,,,10/18/22
10104212,house,house,245000,forsale,1360,installed,,good,fueloil,333,3,260,,true,,,,,,,,10/18/22
10158604,apartment,groundfloor,220000,forsale,1180,,,good,gas,56,1,,,true,,,true,,,,,10/18/22
10158603,apartment,apartment,225000,forsale,1083,semiequipped,,tobedoneup,gas,916,2,,,true,,true,,,,,,10/18/22
10158601,apartment,apartment,159000,forsale,2100,notinstalled,1974,torenovate,gas,242,2,,,true,,true,,,1,,,10/18/22
10158600,house,townhouse,349000,forsale,2100,semiequipped,,good,gas,333,3,122,,,56,,,,1,,,10/18/22
10158596,house,house,219000,forsale,8650,,,good,gas,429,3,826,true,,,,,,,1,,10/18/22
10158591,housegroup,housegroup,755000-755000,forsale,1410,,,,,86,,,,,,,,,1,,1,10/18/22
10158588,apartmentgroup,apartmentgroup,365000-365000,forsale,1410,,,,,86,,,,,,,,,1,,1,10/18/22
10158584,apartment,apartment,110000,forsale,8600,,,good,,289,2,,,true,,,,,,,,10/18/22
8894429,house,house,248000,forsale,8600,semiequipped,,tobedoneup,gas,416,3,136,true,true,,true,,,,,,10/18/22
10089081,house,house,249000,forsale,2930,installed,,good,gas,330,2,150,,true,57,,,,,,,10/18/22
9966794,house,house,249000,forsale,4460,semiequipped,,tobedoneup,,385,4,418,,true,250,true,,,,,,10/18/22
10099763,house,house,249500,forsale,8500,installed,,tobedoneup,gas,464,4,160,true,true,65,true,,,1,,,10/18/22
9984347,house,house,250000,forsale,8520,installed,,asnew,gas,405,5,300,true,true,124,true,,,,1,,10/18/22
10088936,house,house,250000,forsale,9500,semiequipped,1890,good,gas,385,2,790,,,,,,,2,2,,10/18/22
9951263,house,house,265000,forsale,8531,installed,,good,gas,431,3,462,true,true,155,,,,1,1,,10/18/22
10088073,house,mixedusebuilding,269000,forsale,5170,notinstalled,1958,torenovate,,549,3,2356,true,true,2206,,true,,1,10,,10/18/22
10080617,house,house,269000,forsale,9300,semiequipped,,torenovate,gas,505,4,100,true,true,,true,,,,,,10/18/22
9971529,house,house,274000,forsale,4100,installed,,torenovate,gas,267,5,562,true,true,122,true,,,1,,,10/18/22
9938520,house,house,275000,forsale,3620,installed,1963,asnew,fueloil,586,4,289,,,,,,,,,,10/18/22
10084423,house,house,275000,forsale,8470,installed,1957,torenovate,gas,652,3,521,,true,,,,,1,,,10/18/22
10083592,house,house,279000,forsale,1742,installed,1930,good,gas,508,3,370,,true,200,true,,,,1,,10/18/22
10063002,house,house,279000,forsale,9200,installed,1962,torenovate,,1252,4,360,true,,126,true,,,1,2,,10/18/22
10099306,house,house,285000,forsale,6660,installed,1996,,,262,2,3430,true,,3500,true,,,1,3,,10/18/22
9515037,house,house,289000,forsale,9420,installed,,tobedoneup,fueloil,446,4,354,true,true,140,,,,,1,,10/18/22
9641461,house,house,290000,forsale,1360,installed,,good,,320,2,1053,true,,,true,true,,,2,,10/18/22
10059923,house,house,290000,forsale,8980,installed,,good,electric,349,3,467,,,,true,,,1,,,10/18/22
10064753,house,house,299000,forsale,1760,installed,1970,good,gas,572,3,295,,,,true,,,1,1,,10/18/22
10121985,house,apartmentblock,300000,forsale,1070,installed,1960,tobedoneup,gas,285,6,173,,true,94,,,,1,,,10/18/22
10115787,house,house,309000,forsale,8434,hyperequipped,,good,electric,300,4,128,true,,,true,,,,,,10/18/22
10017274,house,house,315000,forsale,6660,,1899,,fueloil,445,2,500,,,,,,,,,,10/18/22
10128879,house,house,315400,forsale,3910,installed,2022,,gas,,3,164,,true,90,true,,,2,,,10/18/22
10115618,house,house,315400,forsale,3910,installed,2022,,gas,,3,163,,true,87,true,,,2,,,10/18/22
10107324,house,villa,319000,forsale,6040,semiequipped,1970,tobedoneup,fueloil,493,5,1050,true,true,1050,,,,1,5,,10/18/22
10106799,house,house,319000,forsale,8020,installed,,good,gas,396,3,155,true,true,,,,,,,,10/18/22
10064520,house,house,320000,forsale,2500,hyperequipped,1937,tobedoneup,gas,294,4,161,,true,,,,,,,,10/18/22
10067287,house,house,321500,forsale,9000,installed,1939,justrenovated,gas,168,3,122,,true,,true,,,,,,10/18/22
9988823,house,house,324000,forsale,1790,installed,1974,good,electric,732,3,278,,,194,true,,,1,3,,10/18/22
10056007,house,townhouse,325000,forsale,1800,,1960,,,422,3,105,,,,true,true,,1,,,10/18/22
10158604,apartment,groundfloor,220000,forsale,1180,,,good,gas,56,1,,,true,,,true,,,,,10/18/22
10158603,apartment,apartment,225000,forsale,1083,semiequipped,,tobedoneup,gas,916,2,,,true,,true,,,,,,10/18/22
10158601,apartment,apartment,159000,forsale,2100,notinstalled,1974,torenovate,gas,242,2,,,true,,true,,,1,,,10/18/22
10158600,house,townhouse,349000,forsale,2100,semiequipped,,good,gas,333,3,122,,,56,,,,1,,,10/18/22
10158596,house,house,219000,forsale,8650,,,good,gas,429,3,826,true,,,,,,,1,,10/18/22
10158591,housegroup,housegroup,755000-755000,forsale,1410,,,,,86,,,,,,,,,1,,1,10/18/22
10158588,apartmentgroup,apartmentgroup,365000-365000,forsale,1410,,,,,86,,,,,,,,,1,,1,10/18/22
10158584,apartment,apartment,110000,forsale,8600,,,good,,289,2,,,true,,,,,,,,10/18/22
9993900,house,townhouse,325000,forsale,8310,installed,1961,good,gas,285,3,285,true,true,160,true,true,,1,1,,10/18/22
10029497,house,house,325000,forsale,8470,installed,1963,good,gas,564,3,399,,,290,,,,1,,,10/18/22
10111334,house,house,328000,forsale,3910,installed,2022,,gas,,3,161,,true,46,true,,,2,,,10/18/22
9898634,house,house,329000,forsale,1790,installed,1991,tobedoneup,gas,319,2,427,,true,300,true,,,1,7,,10/18/22
10085213,house,villa,330000,forsale,6043,installed,1982,asnew,,210,3,2300,,,2300,true,,,1,2,,10/18/22
10128947,house,house,330000,forsale,6740,,1850,justrenovated,fueloil,275,4,401,,,,,true,,,,,10/18/22
10104877,house,house,330000,forsale,6840,,,good,fueloil,347,4,1230,,,,true,true,,,,,10/18/22
10036602,house,mixedusebuilding,330000,forsale,7860,semiequipped,,,gas,,4,1070,,true,,,,,,,,10/18/22
10005140,house,house,335000,forsale,1790,installed,1930,torenovate,,512,3,872,true,true,700,true,true,,1,6,,10/18/22
10129712,house,house,339000,forsale,7730,installed,1976,good,fueloil,421,4,844,,,700,true,,,2,,,10/18/22
10100420,house,house,339000,forsale,8450,installed,,asnew,gas,146,3,200,true,,,true,,,,,,10/18/22
10088362,house,house,339500,forsale,8310,installed,,good,gas,462,5,288,,true,,true,,,,,,10/18/22
10056968,house,house,345000,forsale,3210,installed,1969,tobedoneup,electric,678,1,685,,,,,,,,,,10/18/22
10076811,house,house,345000,forsale,8340,installed,1955,good,fueloil,676,4,945,true,true,625,true,true,,1,3,,10/18/22
10105462,house,house,349000,forsale,1083,installed,1957,,gas,401,3,85,,,,true,,,1,,,10/18/22
10103542,house,house,349000,forsale,1730,usasemiequipped,1966,torenovate,fueloil,654,3,397,,true,160,true,,,2,4,,10/18/22
10102849,house,house,349000,forsale,2360,hyperequipped,1974,good,gas,188,3,273,true,,90,,,,1,2,,10/18/22
9780087,house,house,349000,forsale,8490,installed,1949,tobedoneup,gas,946,2,1110,true,true,700,true,true,,1,3,,10/18/22
10024660,house,exceptionalproperty,350000,forsale,5370,installed,1937,tobedoneup,fueloil,515,4,1206,true,true,1000,true,,,,6,,10/18/22
10088034,house,house,350000,forsale,5550,hyperequipped,,asnew,fueloil,68415,3,519,true,,485,true,,,,1,,10/18/22
9964960,house,house,350000,forsale,8710,semiequipped,,torenovate,,1180,3,714,,true,,true,,,,,,10/18/22
10098487,house,house,355000,forsale,9320,installed,2011,good,gas,124,5,160,,,78,true,,,1,1,,10/18/22
9973987,house,house,370000,forsale,6680,installed,,good,fueloil,,5,2720,,true,,,,,1,,,10/18/22
10110412,house,house,370000,forsale,8870,hyperequipped,,good,gas,321,2,170,true,true,40,true,,,1,,,10/18/22
10026567,house,villa,375000,forsale,7110,hyperequipped,1981,asnew,gas,408,3,463,true,true,,true,true,,1,2,,10/18/22
10115085,house,house,380000,forsale,8560,hyperequipped,,asnew,gas,282,3,447,,,,true,,,,,,10/18/22
9831613,house,mixedusebuilding,385000,forsale,1790,hyperequipped,1933,asnew,gas,184,3,130,,true,,true,,,1,2,,10/18/22
10115910,house,villa,385000,forsale,6280,usainstalled,1990,good,fueloil,243,4,717,true,true,500,true,true,,1,1,,10/18/22
9983739,house,house,395000,forsale,3680,installed,1973,good,fueloil,394,3,1056,,true,,true,,,1,,,10/18/22
10011270,house,house,395000,forsale,8800,installed,1964,good,gas,322,3,233,,,55,true,true,,1,,,10/18/22
10158604,apartment,groundfloor,220000,forsale,1180,,,good,gas,56,1,,,true,,,true,,,,,10/18/22
10158603,apartment,apartment,225000,forsale,1083,semiequipped,,tobedoneup,gas,916,2,,,true,,true,,,,,,10/18/22
10158601,apartment,apartment,159000,forsale,2100,notinstalled,1974,torenovate,gas,242,2,,,true,,true,,,1,,,10/18/22
10158600,house,townhouse,349000,forsale,2100,semiequipped,,good,gas,333,3,122,,,56,,,,1,,,10/18/22
10158596,house,house,219000,forsale,8650,,,good,gas,429,3,826,true,,,,,,,1,,10/18/22
10158591,housegroup,housegroup,755000-755000,forsale,1410,,,,,86,,,,,,,,,1,,1,10/18/22
10158588,apartmentgroup,apartmentgroup,365000-365000,forsale,1410,,,,,86,,,,,,,,,1,,1,10/18/22
10158584,apartment,apartment,110000,forsale,8600,,,good,,289,2,,,true,,,,,,,,10/18/22
10123532,house,mixedusebuilding,395000,forsale,9320,installed,1918,good,,141,3,730,,,350,true,true,,1,6,,10/18/22
10118694,house,house,399000,forsale,1853,installed,1962,,,298,4,260,,true,135,true,,,1,2,,10/18/22
9992031,house,house,399000,forsale,2000,installed,,justrenovated,gas,171,4,0,,true,9,true,,,,,,10/18/22
9928910,house,house,399000,forsale,9340,hyperequipped,2004,asnew,gas,169,4,777,,true,,true,,,1,7,,10/18/22
10118290,house,house,400000,forsale,6791,,1954,tobedoneup,fueloil,,4,572,,true,,true,,,3,,,10/18/22
9832546,house,house,400000,forsale,6810,,1983,,fueloil,370,3,1781,,true,,true,,,,,,10/18/22
10006595,house,house,400000,forsale,7500,installed,1954,good,gas,323,5,170,true,true,30,true,true,,1,,,10/18/22
10077074,house,house,412000,forsale,3210,hyperequipped,1996,good,electric,415,3,624,,,470,true,,true,1,4,,10/18/22
9999364,house,townhouse,419000,forsale,1080,installed,1959,tobedoneup,fueloil,631,3,174,,true,75,true,,,1,1,,10/18/22
10021836,house,house,419000,forsale,2170,semiequipped,,tobedoneup,gas,482,6,330,,true,,true,,,,,,10/18/22
10087218,house,house,419000,forsale,6010,,,good,gas,237,8,3100,,true,,true,true,,,,,10/18/22
10121647,house,house,419000,forsale,8450,installed,,good,electric,461,4,425,true,,,true,,,1,,,10/18/22
10111852,house,house,419000,forsale,9000,installed,1946,justrenovated,gas,265,3,150,,,,true,,,,,,10/18/22
10105553,house,house,419000,forsale,9050,installed,1946,justrenovated,gas,265,3,150,,,,true,,,,,,10/18/22
10104467,house,house,420000,forsale,1060,,,,gas,226,6,57,,true,,,,,,,,10/18/22
9939546,house,house,429000,forsale,2350,installed,1974,good,electric,476,3,879,,,,,,,1,5,,10/18/22
10064754,house,mixedusebuilding,439000,forsale,1790,installed,1930,good,fueloil,430,4,1165,true,true,750,true,,,1,6,,10/18/22
9996915,house,villa,449000,forsale,4845,semiequipped,,tobedoneup,fueloil,226,5,4160,true,true,3000,true,,,,,,10/18/22
10124345,house,house,449000,forsale,9300,hyperequipped,2009,asnew,,146,3,588,true,,,true,true,,1,3,,10/18/22
9656623,house,house,450000,forsale,1850,,1974,asnew,gas,255,3,218,,,,true,,,3,3,,10/18/22
9967029,house,villa,450000,forsale,6600,,2021,,,,4,1157,,,,,true,,,,,10/18/22
10046219,house,house,450000,forsale,7000,usahyperequipped,1899,asnew,gas,365,5,1142,true,true,50,true,true,,,1,,10/18/22
10086680,house,mansion,450000,forsale,8750,hyperequipped,,good,gas,251,3,415,,true,,true,,,,1,,10/18/22
9799384,house,house,469000,forsale,1790,semiequipped,1962,good,fueloil,605,3,884,true,true,270,true,true,,1,4,,10/18/22
9894788,house,house,469000,forsale,9230,installed,,good,gas,274,4,140,true,true,,true,,,1,,,10/18/22
9949200,house,apartmentblock,470000,forsale,1030,installed,,tobedoneup,gas,320,4,110,,,45,,,,,,,10/18/22
10030289,house,house,479000,forsale,3950,installed,2012,asnew,electric,122,3,1700,true,,1200,true,,,1,1,,10/18/22
9982788,house,villa,479000,forsale,4340,installed,,good,fueloil,166,5,776,true,true,,true,,,,,,10/18/22
10031625,house,villa,485000,forsale,4217,hyperequipped,,good,fueloil,87,4,1345,true,true,1200,true,,,,,,10/18/22
10124708,house,villa,485000,forsale,8501,hyperequipped,,good,gas,213,5,655,true,,,true,,,1,1,,10/18/22
10158604,apartment,groundfloor,220000,forsale,1180,,,good,gas,56,1,,,true,,,true,,,,,10/18/22
10158603,apartment,apartment,225000,forsale,1083,semiequipped,,tobedoneup,gas,916,2,,,true,,true,,,,,,10/18/22
10158601,apartment,apartment,159000,forsale,2100,notinstalled,1974,torenovate,gas,242,2,,,true,,true,,,1,,,10/18/22
10158600,house,townhouse,349000,forsale,2100,semiequipped,,good,gas,333,3,122,,,56,,,,1,,,10/18/22
10158596,house,house,219000,forsale,8650,,,good,gas,429,3,826,true,,,,,,,1,,10/18/22
10158591,housegroup,housegroup,755000-755000,forsale,1410,,,,,86,,,,,,,,,1,,1,10/18/22
10158588,apartmentgroup,apartmentgroup,365000-365000,forsale,1410,,,,,86,,,,,,,,,1,,1,10/18/22
10158584,apartment,apartment,110000,forsale,8600,,,good,,289,2,,,true,,,,,,,,10/18/22
10053356,house,house,485000,forsale,8980,installed,,good,fueloil,337,3,1030,,true,,,,true,,,,10/18/22
10061250,house,house,498000,forsale,3110,installed,,good,fueloil,526,3,2700,true,true,,true,,,1,1,,10/18/22
9965214,house,house,499000,forsale,1547,hyperequipped,,asnew,,42,4,560,true,,400,true,,true,,1,,10/18/22
9667192,house,house,500000,forsale,6210,usahyperequipped,1997,asnew,fueloil,279,5,2721,,true,2000,true,,true,1,,,10/18/22
10021556,house,house,519000,forsale,1860,installed,1992,asnew,gas,175,4,306,,,100,true,,,1,3,,10/18/22
10115831,house,apartmentblock,530000,forsale,1080,semiequipped,,good,gas,499,6,120,,true,25,,,,,,,10/18/22
9874027,house,villa,549000,forsale,2390,installed,,good,gas,615,5,1675,true,,,true,,,,1,,10/18/22
10085814,house,villa,549000,forsale,4900,hyperequipped,2006,asnew,gas,169,4,987,true,,987,true,true,,1,4,,10/18/22
10127115,house,exceptionalproperty,550000,forsale,7061,hyperequipped,1975,asnew,,121,4,1130,,,950,true,true,,,3,,10/18/22
10038231,house,house,550000,forsale,7380,semiequipped,,justrenovated,fueloil,264,6,3669,,true,,,true,,2,,,10/18/22
10093463,house,house,555000,forsale,1170,notinstalled,,torenovate,,366,3,215,true,true,110,true,,,1,,,10/18/22
10114334,house,house,570000,forsale,1180,,1930,,gas,340,3,280,,,,true,,,,,,10/18/22
10117305,house,house,589000,forsale,9310,hyperequipped,1959,asnew,gas,241,5,849,,true,400,true,,,1,5,,10/18/22
10122203,house,house,595000,forsale,1030,hyperequipped,,asnew,gas,260,4,120,,true,38,,,,,,,10/18/22
10038336,house,mixedusebuilding,595000,forsale,1790,hyperequipped,1976,good,fueloil,274,5,251,true,,,true,,,1,2,,10/18/22
10106649,house,villa,595000,forsale,9680,installed,1983,asnew,electric,423,3,3685,,true,,true,true,,1,4,,10/18/22
10109537,house,house,595000,forsale,9840,hyperequipped,1997,asnew,,78,4,957,true,true,750,true,,,1,6,,10/18/22
10088250,house,house,600000,forsale,5574,hyperequipped,,good,fueloil,298,13,2170,true,,,true,,,1,1,,10/18/22
9558932,house,house,625000,forsale,1850,semiequipped,,good,,233,3,360,,true,,true,,,,,,10/18/22
9726364,house,house,625000,forsale,8200,installed,,good,gas,281,2,95,,true,34,,,,,,,10/18/22
10031325,house,exceptionalproperty,640000,forsale,1090,hyperequipped,2005,justrenovated,gas,181,3,295,,true,110,true,,,1,,,10/18/22
10018561,house,villa,640000,forsale,1090,hyperequipped,2005,justrenovated,gas,181,3,295,,true,110,true,,,1,,,10/18/22
9832625,house,villa,645000,forsale,2280,hyperequipped,,asnew,fueloil,292,3,1689,,,,true,,,,1,,10/18/22
10088369,house,exceptionalproperty,650000,forsale,1490,semiequipped,1890,asnew,gas,356,3,292,,,,true,,,,6,,10/18/22
9973569,house,house,670000,forsale,8200,installed,,good,gas,328,12,412,,true,,true,,,,,,10/18/22
10112287,house,villa,689000,forsale,9290,hyperequipped,2008,asnew,,161,3,907,true,,738,true,true,,1,6,,10/18/22
10092522,house,house,695000,forsale,1325,usahyperequipped,2019,asnew,gas,123,3,1021,,,1021,true,true,,1,,,10/18/22
10120211,house,house,695000,forsale,2018,hyperequipped,,asnew,gas,212,5,122,true,true,40,true,,,,,,10/18/22
9786432,house,villa,699000,forsale,1770,installed,,good,gas,181,6,683,true,true,457,,,,1,1,,10/18/22
9856704,house,mansion,725000,forsale,1081,usasemiequipped,1928,asnew,,315,7,105,true,true,,true,true,,,1,,10/18/22
10158604,apartment,groundfloor,220000,forsale,1180,,,good,gas,56,1,,,true,,,true,,,,,10/18/22
10158603,apartment,apartment,225000,forsale,1083,semiequipped,,tobedoneup,gas,916,2,,,true,,true,,,,,,10/18/22
10158601,apartment,apartment,159000,forsale,2100,notinstalled,1974,torenovate,gas,242,2,,,true,,true,,,1,,,10/18/22
10158600,house,townhouse,349000,forsale,2100,semiequipped,,good,gas,333,3,122,,,56,,,,1,,,10/18/22
10158596,house,house,219000,forsale,8650,,,good,gas,429,3,826,true,,,,,,,1,,10/18/22
10158591,housegroup,housegroup,755000-755000,forsale,1410,,,,,86,,,,,,,,,1,,1,10/18/22
10158588,apartmentgroup,apartmentgroup,365000-365000,forsale,1410,,,,,86,,,,,,,,,1,,1,10/18/22
10158584,apartment,apartment,110000,forsale,8600,,,good,,289,2,,,true,,,,,,,,10/18/22
10012441,house,exceptionalproperty,729000,forsale,2140,hyperequipped,1964,asnew,fueloil,372,6,197,,true,28,true,,,1,1,,10/18/22
10012440,house,exceptionalproperty,729000,forsale,2600,hyperequipped,1964,asnew,fueloil,372,6,197,,true,28,true,,,1,1,,10/18/22
10052428,house,villa,735000,forsale,7090,hyperequipped,2010,good,,100,4,799,,true,,true,true,,3,3,,10/18/22
10034658,house,farmhouse,799000,forsale,4537,hyperequipped,,asnew,gas,104,4,575,,,160,true,,true,,,,10/18/22
10118114,house,villa,799000,forsale,9120,hyperequipped,2010,asnew,,99,2,1050,,,,true,,true,1,3,,10/18/22
10045913,house,villa,799950,forsale,2980,hyperequipped,2008,asnew,gas,214,3,2189,true,,,true,,,2,,,10/18/22
9985030,house,villa,800000,forsale,1410,installed,,good,gas,233,4,823,,true,,,,,1,1,,10/18/22
10095520,house,house,885000,forsale,1070,hyperequipped,,asnew,fueloil,303,5,296,true,true,195,true,,,,,,10/18/22
10126210,house,villa,895000,forsale,1410,usahyperequipped,1969,good,,413,5,967,true,true,800,true,,,1,2,,10/18/22
9628299,house,mixedusebuilding,899000,forsale,4342,installed,1962,good,pellet,309,2,1272,,true,,true,,,,,,10/18/22
10019814,house,villa,915000,forsale,2630,hyperequipped,,asnew,gas,76,3,820,,,,true,,,,,,10/18/22
10032085,house,house,925000,forsale,2900,installed,1968,,,366,7,2263,,true,,true,,,2,,,10/18/22
10122812,house,house,995000,forsale,1190,,1899,,gas,444,5,250,,,,true,,,,,,10/18/22
9553708,house,villa,995000,forsale,4600,installed,,good,fueloil,82344,6,58000,,true,,true,,,,,,10/18/22
9946557,house,villa,1195000,forsale,8700,,1953,good,gas,298,4,6625,,true,,true,true,true,6,4,,10/18/22
9990233,house,apartmentblock,1280000,forsale,1620,installed,1930,good,gas,,4,1064,,,,true,,,2,,,10/18/22
9947496,house,villa,1295000,forsale,9880,,2003,asnew,gas,197,4,2158,,true,,,true,,4,6,,10/18/22
9971191,house,house,1300000,forsale,1050,installed,1955,good,fueloil,247,5,0,,true,80,true,,,1,1,,10/18/22
10091821,house,villa,1350000,forsale,1030,semiequipped,,torenovate,gas,576,7,8,true,true,750,true,,true,1,,,10/18/22
10126798,house,villa,1375000,forsale,3080,installed,1972,good,gas,204,6,1557,true,true,,true,true,,2,4,,10/18/22
9830578,house,house,1390000,forsale,1180,installed,1920,tobedoneup,gas,214,4,220,,true,120,,,,1,,,10/18/22
9947508,house,mansion,1395000,forsale,9300,,,torenovate,,415,10,320,,true,,,,,,,,10/18/22
10121125,house,house,1545000,forsale,2970,hyperequipped,,asnew,gas,271,6,2169,true,true,,true,,true,1,1,,10/18/22
10099725,house,villa,1750000,forsale,1640,,1972,asnew,gas,,4,1592,,true,,true,true,true,1,,,10/18/22
10008175,house,mansion,1790000,forsale,1180,hyperequipped,1930,asnew,gas,313,4,280,true,true,,true,true,,1,,,10/18/22
9916225,house,house,1850000,forsale,1410,hyperequipped,1965,tobedoneup,fueloil,324,6,4729,true,true,4300,true,true,,1,6,,10/18/22
9910370,house,house,1895000,forsale,2970,hyperequipped,,good,gas,175,5,1717,,,,true,,,,,,10/18/22
9947465,house,mansion,1995000,forsale,8000,,,good,,222,3,255,,true,,true,,,3,,,10/18/22
10016432,house,manorhouse,2250000,forsale,9500,hyperequipped,,asnew,gas,,6,50000,,,,true,,,3,,,10/18/22
10093033,house,house,2375000,forsale,2970,hyperequipped,,good,gas,258,4,2570,,true,,true,,true,1,,,10/18/22
10158604,apartment,groundfloor,220000,forsale,1180,,,good,gas,56,1,,,true,,,true,,,,,10/18/22
10158603,apartment,apartment,225000,forsale,1083,semiequipped,,tobedoneup,gas,916,2,,,true,,true,,,,,,10/18/22
10158601,apartment,apartment,159000,forsale,2100,notinstalled,1974,torenovate,gas,242,2,,,true,,true,,,1,,,10/18/22
10158600,house,townhouse,349000,forsale,2100,semiequipped,,good,gas,333,3,122,,,56,,,,1,,,10/18/22
10158596,house,house,219000,forsale,8650,,,good,gas,429,3,826,true,,,,,,,1,,10/18/22
10158591,housegroup,housegroup,755000-755000,forsale,1410,,,,,86,,,,,,,,,1,,1,10/18/22
10158588,apartmentgroup,apartmentgroup,365000-365000,forsale,1410,,,,,86,,,,,,,,,1,,1,10/18/22
10158584,apartment,apartment,110000,forsale,8600,,,good,,289,2,,,true,,,,,,,,10/18/22
9393701,house,mansion,2600000,forsale,2018,semiequipped,1912,good,gas,441,5,430,,true,160,true,true,,,,,10/18/22
9947473,house,villa,2895000,forsale,1180,,1992,good,,153,6,1290,,true,,true,true,,2,2,,10/18/22
10022109,house,villa,3200000,forsale,1150,installed,1924,asnew,gas,311,6,3878,true,true,,true,true,,4,4,,10/18/22
10106229,house,house,3350000,forsale,3080,installed,1946,torenovate,gas,407,7,4682,true,true,,true,true,true,2,8,,10/18/22
9555516,house,house,3690000,forsale,1180,,1900,good,gas,283,5,915,,true,720,true,true,,1,,,10/18/22
9200000,house,house,3700000,forsale,1180,hyperequipped,1947,good,gas,219,6,3571,,true,,true,true,true,1,1,,10/18/22
10157684,house,house,210000,forsale,9420,semiequipped,1918,good,pellet,675,3,221,true,,65,,,,,2,,10/18/22
10157978,house,house,219000,forsale,4460,notinstalled,,torestore,,857,3,785,true,true,615,,,,3,,,10/18/22
10102472,house,house,395000,forsale,7000,semiequipped,,good,fueloil,717,5,660,true,true,450,true,true,true,2,,,10/18/22
10133226,house,mansion,490000,forsale,4000,installed,1905,asnew,fueloil,,5,137,true,true,45,true,true,,,,,10/18/22
10132655,house,house,545000,forsale,1410,,1961,torenovate,gas,289,4,1300,true,true,,,,,2,2,,10/18/22
10135473,house,house,279000,forsale,2300,installed,1958,tobedoneup,gas,175,3,162,true,true,100,true,,,,,,10/18/22
10134288,house,house,295000,forsale,6200,installed,,good,gas,312,4,410,,,130,true,,,1,4,,10/18/22
10135118,house,house,400000,forsale,1420,semiequipped,1962,justrenovated,gas,368,3,448,,true,,,,,2,,,10/18/22
10134207,house,apartmentblock,450000,forsale,8300,installed,,good,gas,171,5,95,true,,,,,,,,,10/18/22
10135626,house,house,497000,forsale,9750,,1948,asnew,fueloil,315,4,430,true,,,true,,,1,,,10/18/22
9261199,house,house,259000,forsale,7170,installed,2021,,gas,,3,677,,true,,,true,,2,,1,10/18/22
9261198,house,house,259000,forsale,7170,installed,2021,,gas,,3,677,true,true,,,true,,2,,1,10/18/22
9867574,house,house,329500,forsale,4121,installed,2022,asnew,gas,119,4,0,,,,,,,1,,1,10/18/22
9867573,house,house,370000,forsale,4121,installed,2022,asnew,gas,109,4,0,,,,,,,1,,1,10/18/22
10140020,house,house,465000,forsale,1470,,2007,good,fueloil,139,4,457,,,457,,,,,,,10/18/22
10138536,house,house,547000,forsale,2018,installed,,asnew,gas,332,3,50,,true,,true,,,,,,10/18/22
10070513,house,house,635000,forsale,1780,installed,2022,good,,,3,264,,,114,true,,,,1,1,10/18/22
10139270,house,house,685000,forsale,2018,,1906,asnew,gas,237,4,82,,,20,true,,,,,,10/18/22
9983651,house,house,895000,forsale,1410,usahyperequipped,2021,asnew,gas,96,4,736,,,,true,true,,1,4,1,10/18/22
10140043,house,villa,915000,forsale,2310,installed,1970,good,,496,4,33069,,,,,,,1,8,,10/18/22
10126208,house,villa,1075000,forsale,1410,hyperequipped,2023,asnew,,25,4,560,true,true,400,true,,,2,2,1,10/18/22
10069993,house,apartmentblock,1750000,forsale,1780,installed,2022,asnew,,,6,503,,,,true,,,4,,1,10/18/22
9981510,house,house,1770000,forsale,1410,usahyperequipped,2021,asnew,gas,92,8,1244,,,,true,true,,1,4,1,10/18/22
10158604,apartment,groundfloor,220000,forsale,1180,,,good,gas,56,1,,,true,,,true,,,,,10/18/22
10158603,apartment,apartment,225000,forsale,1083,semiequipped,,tobedoneup,gas,916,2,,,true,,true,,,,,,10/18/22
10158601,apartment,apartment,159000,forsale,2100,notinstalled,1974,torenovate,gas,242,2,,,true,,true,,,1,,,10/18/22
10158600,house,townhouse,349000,forsale,2100,semiequipped,,good,gas,333,3,122,,,56,,,,1,,,10/18/22
10158596,house,house,219000,forsale,8650,,,good,gas,429,3,826,true,,,,,,,1,,10/18/22
10158591,housegroup,housegroup,755000-755000,forsale,1410,,,,,86,,,,,,,,,1,,1,10/18/22
10158588,apartmentgroup,apartmentgroup,365000-365000,forsale,1410,,,,,86,,,,,,,,,1,,1,10/18/22
10158584,apartment,apartment,110000,forsale,8600,,,good,,289,2,,,true,,,,,,,,10/18/22
10157945,house,house,259000,forsale,4400,,2022,asnew,,,4,482,true,,370,true,,,1,1,1,10/18/22
10143103,house,house,99000,forsale,7370,,,tobedoneup,gas,329,2,190,true,true,,true,,,,,,10/18/22
10143918,house,house,125000,forsale,5580,installed,,,gas,137,3,97,,,,true,,,,,,10/18/22
10078260,house,house,150000,forsale,1400,notinstalled,,torenovate,,1068,4,320,true,,,true,,,,2,,10/18/22
10052427,house,house,150000,forsale,6238,notinstalled,,torenovate,,1068,4,320,true,,,true,,,,2,,10/18/22
10143373,house,house,179999,forsale,6040,installed,,good,gas,378,5,60,true,true,,,,,,1,,10/18/22
10144186,house,house,230000,forsale,3440,installed,1969,torenovate,pellet,1139,4,2720,true,,1490,true,,,1,5,,10/18/22
10143920,house,house,249000,forsale,6900,installed,2012,,gas,121,3,0,,,,true,true,,,1,,10/18/22
10143160,house,bungalow,299000,forsale,1502,installed,1973,tobedoneup,gas,552,3,482,true,,,true,,,1,3,,10/18/22
10143213,house,villa,299000,forsale,5100,,1981,tobedoneup,gas,338,3,835,,true,,true,,true,2,3,,10/18/22
10143372,house,house,349000,forsale,4610,installed,2012,asnew,gas,146,3,707,,,580,true,,,,2,,10/18/22
10143099,house,house,390000,forsale,6724,,1976,tobedoneup,fueloil,352,4,2580,true,true,1800,true,,,1,2,,10/18/22
10143968,house,house,400000,forsale,1390,installed,1954,good,fueloil,400,3,850,,true,8,,,,,4,,10/18/22
10143159,house,bungalow,449000,forsale,1600,installed,1976,tobedoneup,fueloil,311,3,956,true,true,,true,true,,1,4,,10/18/22
10144409,house,villa,2800000,forsale,1630,installed,1952,good,gas,296,7,4441,true,true,,true,true,true,2,,,10/18/22
10133994,house,house,555000,forsale,9051,hyperequipped,2024,,gas,,3,0,true,,59,true,,,,1,1,10/18/22
10138899,house,mixedusebuilding,850000,forsale,1180,,1930,torenovate,,387,2,110,,true,,,,,,,,10/18/22
10148796,house,house,239000,forsale,2300,,1951,torenovate,gas,653,3,158,true,true,,,,,1,,,10/18/22
10149027,house,house,275000,forsale,9050,,1874,,gas,188,2,50,,,,true,,,,,,10/18/22
9958981,house,house,340000,forsale,4630,installed,,good,fueloil,237,5,842,,true,500,true,true,,,,,10/18/22
10148825,house,house,350000,forsale,6210,,,torenovate,,454,4,1460,true,true,1140,true,,,1,5,,10/18/22
10149457,house,house,365000,forsale,2570,,,asnew,gas,254,4,205,,true,1,true,,,,,,10/18/22
10151069,house,house,389500,forsale,8531,,1962,torenovate,,825,3,858,,true,,true,,,1,,,10/18/22
10150756,house,house,495000,forsale,1315,installed,2022,,gas,120,5,3200,,,,,,,1,3,,10/18/22
10150755,house,house,495000,forsale,1370,installed,2022,,gas,120,5,3200,,,,,,,1,3,,10/18/22
10149301,house,house,595000,forsale,3000,,,justrenovated,gas,135,3,150,,,80,true,,,,,,10/18/22
10148773,house,house,2650000,forsale,1450,hyperequipped,,justrenovated,fueloil,308,5,33471,,,,true,true,true,2,,,10/18/22
10156158,house,villa,190000,forsale,6032,installed,1977,good,electric,597,2,684,,,,true,,,1,1,,10/18/22
10156529,house,house,235000,forsale,4000,,,good,fueloil,628,5,462,,true,387,true,,,,,,10/18/22
10155605,house,house,335000,forsale,9900,,1935,good,gas,,3,190,,,,,,true,,,,10/18/22
10158604,apartment,groundfloor,220000,forsale,1180,,,good,gas,56,1,,,true,,,true,,,,,10/18/22
10158603,apartment,apartment,225000,forsale,1083,semiequipped,,tobedoneup,gas,916,2,,,true,,true,,,,,,10/18/22
10158601,apartment,apartment,159000,forsale,2100,notinstalled,1974,torenovate,gas,242,2,,,true,,true,,,1,,,10/18/22
10158600,house,townhouse,349000,forsale,2100,semiequipped,,good,gas,333,3,122,,,56,,,,1,,,10/18/22
10158596,house,house,219000,forsale,8650,,,good,gas,429,3,826,true,,,,,,,1,,10/18/22
10158591,housegroup,housegroup,755000-755000,forsale,1410,,,,,86,,,,,,,,,1,,1,10/18/22
10158588,apartmentgroup,apartmentgroup,365000-365000,forsale,1410,,,,,86,,,,,,,,,1,,1,10/18/22
10158584,apartment,apartment,110000,forsale,8600,,,good,,289,2,,,true,,,,,,,,10/18/22
10155931,house,mansion,350000,forsale,3720,installed,1907,,gas,409,3,350,,true,,,,,,,,10/18/22
10156639,house,house,350000,forsale,8820,notinstalled,,good,gas,272,2,842,,true,669,,,,,,,10/18/22
10155195,house,house,395000,forsale,9520,usahyperequipped,1958,asnew,,136,3,308,,true,,true,,,1,3,,10/18/22
10156823,house,villa,1030000,forsale,4020,hyperequipped,,,fueloil,141,3,6665,,true,2000,true,true,,2,,,10/18/22
10133748,house,house,249000,forsale,2830,installed,,good,gas,283,2,184,true,,123,,,,,,,10/18/22
10133551,house,house,289500,forsale,6950,installed,1920,good,fueloil,240,4,0,true,true,,true,true,,1,1,,10/18/22
10133488,house,house,549000,forsale,2310,,2006,good,gas,194,4,725,true,true,,,,,,,,10/18/22
10068444,house,villa,595000,forsale,3110,installed,1977,asnew,fueloil,276,3,1265,true,true,,true,,,2,3,,10/18/22
10135868,house,house,249000,forsale,9200,installed,1965,good,gas,263,3,120,,,,true,,,,,,10/18/22
10006540,house,house,399999,forsale,4053,,1959,good,fueloil,,4,559,true,,283,true,true,,3,4,,10/18/22
10141791,house,countrycottage,75000,forsale,5540,installed,,good,gas,,1,600,,,600,true,,,,,,10/18/22
10141804,house,house,120000,forsale,7370,semiequipped,,good,fueloil,231,3,102,,true,,true,,,,,,10/18/22
10141123,house,house,269999,forsale,5576,usainstalled,,good,gas,194,3,600,true,,321,true,true,,2,2,,10/18/22
10142280,house,house,309000,forsale,9000,,,justrenovated,gas,150,2,37,,true,,true,,,,2,,10/18/22
10142383,house,house,325000,forsale,5000,,1970,,fueloil,408,3,613,,true,,true,,,,3,,10/18/22
10140476,house,townhouse,359000,forsale,2830,installed,1973,good,gas,217,3,189,,,90,true,true,,1,2,,10/18/22
10141087,house,house,500000,forsale,6900,,1948,good,fueloil,274,5,1169,true,true,985,true,,,2,5,,10/18/22
10141401,house,exceptionalproperty,749000,forsale,9040,,,good,gas,346,9,500,true,true,,,,,1,,,10/18/22
10142208,house,villa,1400000,forsale,1180,semiequipped,1930,torenovate,gas,342,4,520,,true,300,true,true,,1,2,,10/18/22
10005280,house,house,79000,forsale,6560,semiequipped,,good,fueloil,304,4,150,true,,,true,true,,,,,10/18/22
10145922,house,house,295000,forsale,8800,installed,1939,good,,182,4,144,,,,true,true,,,,,10/18/22
10145537,house,house,710000,forsale,3010,installed,1950,good,gas,351,5,389,,true,,true,true,,1,1,,10/18/22
10136070,house,villa,2200000,forsale,1180,hyperequipped,,good,electric,,5,1250,,,,true,,,2,2,,10/18/22
10147201,house,house,280000,forsale,1651,installed,,good,gas,,3,182,true,true,100,true,,,,,,10/18/22
10147413,house,house,299000,forsale,9240,installed,1963,torenovate,fueloil,411,4,262,true,,,true,,,1,1,,10/18/22
10147017,house,house,325000,forsale,9200,,1955,good,gas,291,3,280,,,,true,,,,,,10/18/22
10148251,house,house,330000,forsale,9000,installed,1969,torenovate,gas,490,4,280,,,,,,,,,,10/18/22
10148466,house,house,349000,forsale,9031,,1956,torenovate,fueloil,405,3,311,,,,,,,2,2,,10/18/22
10147285,house,villa,1975000,forsale,1420,,1959,asnew,fueloil,368,5,5400,,true,,true,true,,3,,,10/18/22
10147248,house,house,2690000,forsale,1640,,2013,asnew,electric,141,5,1900,,true,,true,true,,2,,,10/18/22
10158604,apartment,groundfloor,220000,forsale,1180,,,good,gas,56,1,,,true,,,true,,,,,10/18/22
10158603,apartment,apartment,225000,forsale,1083,semiequipped,,tobedoneup,gas,916,2,,,true,,true,,,,,,10/18/22
10158601,apartment,apartment,159000,forsale,2100,notinstalled,1974,torenovate,gas,242,2,,,true,,true,,,1,,,10/18/22
10158600,house,townhouse,349000,forsale,2100,semiequipped,,good,gas,333,3,122,,,56,,,,1,,,10/18/22
10158596,house,house,219000,forsale,8650,,,good,gas,429,3,826,true,,,,,,,1,,10/18/22
10158591,housegroup,housegroup,755000-755000,forsale,1410,,,,,86,,,,,,,,,1,,1,10/18/22
10158588,apartmentgroup,apartmentgroup,365000-365000,forsale,1410,,,,,86,,,,,,,,,1,,1,10/18/22
10158584,apartment,apartment,110000,forsale,8600,,,good,,289,2,,,true,,,,,,,,10/18/22
10152412,house,house,125000,forsale,7100,semiequipped,,torenovate,gas,473,2,210,,true,,true,,,,,,10/18/22
10151641,house,house,159900,forsale,4102,notinstalled,,good,fueloil,380,4,94,,true,25,true,,,,,,10/18/22
10154280,house,house,189000,forsale,9150,installed,1930,asnew,gas,371,1,80,,true,,true,true,,,,,10/18/22
10152029,house,house,195000,forsale,9290,notinstalled,1958,tobedoneup,fueloil,1049,3,106,true,,,true,,,,,,10/18/22
10153025,house,house,210000,forsale,8670,usainstalled,2015,,gas,99,1,61,,,,true,,,,,,10/18/22
10153956,house,bungalow,299000,forsale,8810,,1969,good,,669,4,800,,true,,true,true,,1,,,10/18/22
10152030,house,house,299000,forsale,9230,notinstalled,1972,torenovate,,989,3,663,,,,true,true,,1,3,,10/18/22
10151477,house,house,310000,forsale,2220,,1960,tobedoneup,gas,563,4,382,,true,,,,,1,,,10/18/22
10125946,house,house,329000,forsale,9300,hyperequipped,,good,fueloil,279,4,199,true,true,,true,true,,1,1,,10/18/22
10153031,house,house,375000,forsale,1560,usasemiequipped,1930,justrenovated,gas,394,3,194,,true,10,true,,,2,,,10/18/22
10151848,house,house,385000,forsale,3400,,1974,good,gas,207,3,1309,,,730,true,,true,2,4,,10/18/22
10153159,house,house,445000,forsale,2980,hyperequipped,2013,asnew,,1.93,3,291,,true,,true,,,1,4,,10/18/22
10151448,house,house,465000,forsale,8540,,1976,tobedoneup,gas,433,5,2068,,true,,true,true,,1,,,10/18/22
10151447,house,mixedusebuilding,465000,forsale,8540,,1976,tobedoneup,gas,433,5,2068,,true,,true,true,,1,,,10/18/22
10153230,house,house,497000,forsale,8531,installed,1976,asnew,fueloil,483,3,2513,,,,,,,,,,10/18/22
10151701,house,villa,579000,forsale,2890,hyperequipped,1981,good,electric,469,4,898,true,,,true,true,,1,4,,10/18/22
10153987,house,house,649000,forsale,8300,,1900,torenovate,,487,5,180,,,,true,,,,,,10/18/22
10153110,house,mansion,1550000,forsale,9300,installed,,good,gas,429,3,590,,true,,,,,1,,,10/18/22
9834690,house,house,97500,forsale,4130,semiequipped,,torenovate,,1512,2,236,,,47,true,,,,,,10/18/22
10054926,house,house,125000,forsale,7900,semiequipped,,good,gas,428,2,0,,true,,true,,,,,,10/18/22
10102346,house,house,126000,forsale,7380,semiequipped,,tobedoneup,pellet,298,3,0,,,60,,,,,,,10/18/22
10067751,house,house,135000,forsale,7971,notinstalled,,torenovate,fueloil,511,3,650,,true,,,,,1,,,10/18/22
10026761,house,mixedusebuilding,149000,forsale,5580,,,torenovate,gas,482,2,0,,true,,true,,,,,,10/18/22
10092315,house,villa,160000,forsale,5680,semiequipped,,tobedoneup,,267,5,1142,true,true,1142,true,,,1,1,,10/18/22
10112912,house,house,160000,forsale,6700,,1952,torenovate,fueloil,514,3,235,true,true,,true,,,,,,10/18/22
9881705,house,house,175000,forsale,4682,,,tobedoneup,fueloil,363,2,89,,true,,true,,,,,,10/18/22
9963138,house,house,175000,forsale,7340,installed,,good,gas,451,3,0,,true,,,,,2,,,10/18/22
9986856,house,exceptionalproperty,180000,forsale,3320,,1918,,,612,3,163,,,,,,,,,,10/18/22
10067523,house,house,180000,forsale,5500,,1932,tobedoneup,fueloil,480,2,1339,,true,1339,,,,1,1,,10/18/22
9933906,house,house,183500,forsale,4102,installed,,good,,599,3,130,true,,,true,,,,,,10/18/22
10158604,apartment,groundfloor,220000,forsale,1180,,,good,gas,56,1,,,true,,,true,,,,,10/18/22
10158603,apartment,apartment,225000,forsale,1083,semiequipped,,tobedoneup,gas,916,2,,,true,,true,,,,,,10/18/22
10158601,apartment,apartment,159000,forsale,2100,notinstalled,1974,torenovate,gas,242,2,,,true,,true,,,1,,,10/18/22
10158600,house,townhouse,349000,forsale,2100,semiequipped,,good,gas,333,3,122,,,56,,,,1,,,10/18/22
10158596,house,house,219000,forsale,8650,,,good,gas,429,3,826,true,,,,,,,1,,10/18/22
10158591,housegroup,housegroup,755000-755000,forsale,1410,,,,,86,,,,,,,,,1,,1,10/18/22
10158588,apartmentgroup,apartmentgroup,365000-365000,forsale,1410,,,,,86,,,,,,,,,1,,1,10/18/22
10158584,apartment,apartment,110000,forsale,8600,,,good,,289,2,,,true,,,,,,,,10/18/22
10114797,house,house,185000,forsale,9310,installed,1932,torenovate,gas,778,2,245,true,,,true,,,,1,,10/18/22
10128062,house,house,189000,forsale,9600,installed,,good,gas,366,3,290,,true,,,,,,2,,10/18/22
10012095,house,house,192000,forsale,4460,,,,fueloil,454,3,308,,true,224,true,,,,,,10/18/22
10029401,house,house,195000,forsale,5660,semiequipped,1966,,fueloil,552,3,33491,,true,1000,true,,,1,4,,10/18/22
9611069,house,house,199000,forsale,1367,notinstalled,,torenovate,fueloil,348,2,477,,,,true,,,1,3,,10/18/22
10049179,house,house,199000,forsale,4280,,1960,tobedoneup,fueloil,497,4,515,true,true,370,true,true,,2,,,10/18/22
10093436,house,house,219000,forsale,3770,,1953,torenovate,fueloil,474,4,429,,true,200,,,,,,,10/18/22
10097739,house,house,219000,forsale,8400,installed,,good,,386,3,65,,,,true,,,,,,10/18/22
10078781,house,house,225000,forsale,6530,usainstalled,2022,,,,2,210,,,,true,,,1,,,10/18/22
10115815,house,house,227500,forsale,8570,,,torenovate,fueloil,837,3,888,,true,,true,,,4,4,,10/18/22
10077250,house,house,238000,forsale,6590,installed,1900,,pellet,206,4,1205,,true,300,true,,,3,8,,10/18/22
10082223,house,house,239000,forsale,5537,semiequipped,1900,torestore,fueloil,635,4,535,,,535,true,,,4,1,,10/18/22
10013187,house,house,240000,forsale,5560,installed,1972,good,fueloil,329,4,390,,,,true,,,,,,10/18/22
10124305,house,house,240000,forsale,6850,semiequipped,,tobedoneup,,,3,975,,,,,,,,,,10/18/22
10067625,house,house,245000,forsale,6040,installed,1975,asnew,pellet,512,3,230,,true,,true,,,3,,,10/18/22
10054927,house,house,245000,forsale,7300,semiequipped,,good,gas,220,3,0,,,,true,,,,,,10/18/22
9977217,house,townhouse,247000,forsale,4030,,1959,tobedoneup,fueloil,299,3,171,,true,93,true,true,,,,,10/18/22
10065345,house,villa,249000,forsale,4458,installed,,good,,167,2,275,,,,true,,,,,,10/18/22
10086705,house,apartmentblock,249000,forsale,4540,notinstalled,,torestore,,472,6,456,,true,283,true,,,8,,,10/18/22
10114104,house,house,249000,forsale,9000,semiequipped,,,gas,234,3,40,,,,,,,,,,10/18/22
10123008,house,house,249000,forsale,9100,,,,gas,269,3,70,,,,,,,,,,10/18/22
10043251,house,house,249000,forsale,9500,installed,1945,tobedoneup,gas,634,2,1717,true,true,,true,,,,,,10/18/22
9825224,house,house,250000,forsale,5170,,,tobedoneup,fueloil,512,4,363,,true,,,,,2,,,10/18/22
10058030,house,house,255000,forsale,4122,,1970,tobedoneup,fueloil,458,3,1141,,true,950,true,true,,2,,,10/18/22
9812408,house,house,265000,forsale,9400,installed,,good,,175,2,192,,true,160,true,,,1,,,10/18/22
10114068,house,house,267000,forsale,2830,semiequipped,,,gas,410,2,207,,,115,true,,,,,,10/18/22
10125572,house,mixedusebuilding,269000,forsale,2300,,1958,good,gas,300,3,89,,,,true,,,,,,10/18/22
10105437,house,house,269000,forsale,9700,,1976,torenovate,gas,598,3,517,,,,,,,1,,,10/18/22
10124532,house,house,270000,forsale,7090,notinstalled,,good,fueloil,415,5,70,,,,,,,,,,10/18/22
9188753,house,mixedusebuilding,285000,forsale,3640,,1951,good,fueloil,195,4,401,true,true,,true,,,2,,,10/18/22
10102472,house,house,395000,forsale,7000,semiequipped,,good,fueloil,717,5,660,true,true,450,true,true,true,2,,,10/18/22
10102510,house,otherproperty,395000,forsale,7000,semiequipped,,tobedoneup,fueloil,717,5,660,true,true,450,true,true,true,2,,,10/18/22
10158614,house,villa,535000,forsale,3600,installed,1983,good,gas,173,3,1222,,true,,true,,,1,,,10/18/22
10158612,house,house,485000,forsale,1800,usainstalled,1918,good,gas,198,6,230,,true,56,,true,,2,,,10/18/22
10158611,house,house,150000,forsale,7643,,,,fueloil,473,4,385,,,,,,,1,,,10/18/22
10158609,house,villa,285000,forsale,7301,installed,,justrenovated,fueloil,184,4,0,,,,true,,true,1,3,,10/18/22
10158607,house,otherproperty,385000,forsale,7600,,,tobedoneup,,,24,0,,,,,,,,,,10/18/22
10158604,apartment,groundfloor,220000,forsale,1180,,,good,gas,56,1,,,true,,,true,,,,,10/18/22
10013942,house,house,285000,forsale,8660,installed,,good,,377,5,193,true,true,,,,,1,,,10/18/22
9917874,house,house,285000,forsale,9300,semiequipped,,tobedoneup,gas,,3,544,,true,350,true,,,,1,,10/18/22
9960572,house,exceptionalproperty,289000,forsale,9600,notinstalled,2021,asnew,gas,62,3,325,,,170,true,,,,,,10/18/22
10080823,house,apartmentblock,290000,forsale,6760,installed,,good,fueloil,,0,110,,true,,,,,,,,10/18/22
10098622,house,house,294000,forsale,4040,,,tobedoneup,gas,497,4,916,,true,500,true,,,,1,,10/18/22
9927008,house,house,295000,forsale,2660,installed,,asnew,,598,3,60,,,,,,,1,,,10/18/22
9621640,house,mixedusebuilding,295000,forsale,4300,notinstalled,,torenovate,fueloil,522,2,981,,true,,,,,,,,10/18/22
10124123,house,house,295000,forsale,5030,installed,,good,,544,4,600,true,true,600,,,,1,,,10/18/22
9960957,house,countrycottage,295000,forsale,7830,,1900,torestore,,366,3,529,,true,,,true,,,,,10/18/22
10059073,house,house,299000,forsale,1730,semiequipped,1950,,fueloil,526,4,230,,,20,,true,,1,,,10/18/22
10066420,house,house,299000,forsale,1800,hyperequipped,1930,good,gas,352,4,80,,true,,,,,,,,10/18/22
10084782,house,mixedusebuilding,299000,forsale,4550,notinstalled,,torenovate,,,2,596,,,,true,true,,,,,10/18/22
10078780,house,house,299000,forsale,6530,usainstalled,2022,,,,3,560,,,,true,,,1,,,10/18/22
10052896,house,house,300000,forsale,1340,notinstalled,,torenovate,gas,642,2,632,,,,,,,1,1,,10/18/22
10098791,house,house,310000,forsale,2490,installed,1963,good,gas,385,3,648,,,,,,,,,,10/18/22
10128796,house,house,310000,forsale,4122,,1970,tobedoneup,fueloil,458,3,2320,,true,2000,true,true,,2,,,10/18/22
10127732,house,house,310000,forsale,9700,,1956,asnew,gas,269,3,72,,,,true,,,1,,,10/18/22
9977603,house,apartmentblock,320000,forsale,1070,notinstalled,1860,tobedoneup,gas,657,3,82,,,,,,,,,,10/18/22
10108303,house,house,325000,forsale,9420,installed,,good,gas,,3,317,true,true,105,,,,,1,,10/18/22
10123009,house,house,329000,forsale,9170,,1932,,gas,456,3,819,,,,,,,,,,10/18/22
9974395,house,townhouse,330000,forsale,1020,installed,1930,tobedoneup,gas,,4,72,true,,,true,true,,,,,10/18/22
10129061,house,mixedusebuilding,330000,forsale,4000,,,torenovate,electric,393,2,0,,true,,true,,,,,,10/18/22
10012821,house,house,330000,forsale,6800,installed,1970,asnew,gas,115,3,0,,,200,true,,,10,4,,10/18/22
10119132,house,house,339000,forsale,2570,hyperequipped,1930,asnew,gas,,3,97,,true,,true,,,,,,10/18/22
10103097,house,house,339000,forsale,2840,installed,,good,gas,150,3,200,,true,,true,,,1,,,10/18/22
10084362,house,house,349000,forsale,3110,,1955,,fueloil,507,3,0,,true,1227,true,,,,,,10/18/22
10081480,house,villa,349000,forsale,3950,,1982,asnew,fueloil,240,4,1918,true,true,1500,true,,,2,4,,10/18/22
10033220,house,house,349000,forsale,8000,installed,1950,asnew,gas,,3,83,true,,,true,,,,,,10/18/22
10030217,house,house,349000,forsale,9130,,2005,good,gas,148,4,0,,,,,,,4,2,,10/18/22
10030206,house,house,349000,forsale,9130,,2005,good,gas,148,4,0,,,,,,,4,2,,10/18/22
10102472,house,house,395000,forsale,7000,semiequipped,,good,fueloil,717,5,660,true,true,450,true,true,true,2,,,10/18/22
10102510,house,otherproperty,395000,forsale,7000,semiequipped,,tobedoneup,fueloil,717,5,660,true,true,450,true,true,true,2,,,10/18/22
10158614,house,villa,535000,forsale,3600,installed,1983,good,gas,173,3,1222,,true,,true,,,1,,,10/18/22
10158612,house,house,485000,forsale,1800,usainstalled,1918,good,gas,198,6,230,,true,56,,true,,2,,,10/18/22
10158611,house,house,150000,forsale,7643,,,,fueloil,473,4,385,,,,,,,1,,,10/18/22
10158609,house,villa,285000,forsale,7301,installed,,justrenovated,fueloil,184,4,0,,,,true,,true,1,3,,10/18/22
10158607,house,otherproperty,385000,forsale,7600,,,tobedoneup,,,24,0,,,,,,,,,,10/18/22
10158604,apartment,groundfloor,220000,forsale,1180,,,good,gas,56,1,,,true,,,true,,,,,10/18/22
10026663,house,house,349000,forsale,9506,hyperequipped,1966,good,fueloil,511,3,1715,true,,1715,true,true,,1,,,10/18/22
10124331,house,apartmentblock,350000,forsale,6230,,,tobedoneup,fueloil,390,5,847,,,,,,,,,,10/18/22
9785255,house,apartmentblock,355000,forsale,1082,,1930,torenovate,gas,329,4,96,,,,true,,,,,,10/18/22
10048364,house,mixedusebuilding,355000,forsale,3150,installed,1986,,electric,295,3,775,,,,true,,,2,2,,10/18/22
10048363,house,house,355000,forsale,3150,installed,1986,,electric,295,3,775,,,,true,,,2,2,,10/18/22
10031679,house,house,359000,forsale,8400,hyperequipped,,asnew,,157,6,118,,,,,,,,,,10/18/22
9962164,house,house,360000,forsale,4340,installed,,,,578,2,555,,true,160,true,,,2,,,10/18/22
10050216,house,house,369000,forsale,1853,,1930,justrenovated,gas,331,3,200,,true,48,true,,,,,,10/18/22
10114798,house,house,375000,forsale,9300,installed,1966,good,gas,137,3,280,true,,,true,,,1,,,10/18/22
10121166,house,house,380000,forsale,1060,installed,,torenovate,gas,466,4,58,,true,,,,,,,,10/18/22
10057501,house,house,389000,forsale,4020,semiequipped,1960,asnew,fueloil,,4,1081,true,true,,true,true,,1,2,,10/18/22
9996916,house,villa,389000,forsale,5660,installed,,good,,244,4,3505,true,true,,true,,,,,,10/18/22
9662881,house,villa,390000,forsale,1340,semiequipped,1971,tobedoneup,fueloil,633,3,855,,,830,true,,,,,,10/18/22
10087125,house,house,390000,forsale,8210,,1950,good,gas,215,4,450,,true,,,,,1,2,,10/18/22
9954389,house,villa,395000,forsale,1440,installed,1989,justrenovated,electric,360,3,415,,,,true,true,,2,,,10/18/22
10056917,house,house,395000,forsale,2812,installed,1959,torenovate,fueloil,805,5,971,true,true,600,,,,1,2,,10/18/22
10004053,house,villa,395000,forsale,7540,installed,2000,good,fueloil,210,3,1050,,true,,true,,,3,,,10/18/22
9923214,house,villa,399000,forsale,7700,installed,1992,asnew,electric,596,4,820,,,660,true,true,,2,2,,10/18/22
10049690,house,bungalow,420000,forsale,9120,usasemiequipped,1975,good,electric,817,3,559,true,,419,true,,,,,,10/18/22
9767737,house,house,425000,forsale,4190,,,,fueloil,275,6,1059,,,,true,true,,,,,10/18/22
10113842,house,house,425000,forsale,9170,,2020,,,4,3,244,,,,true,,,1,2,,10/18/22
10073229,house,house,440000,forsale,1400,,1991,asnew,gas,307,2,1204,,,800,true,,,1,2,,10/18/22
10116503,house,house,445000,forsale,6687,,,,fueloil,291,4,3278,,true,,true,,,,,,10/18/22
10121785,house,apartmentblock,449900,forsale,6000,,1899,asnew,gas,158,4,190,,,80,true,,,,,,10/18/22
9983359,house,mixedusebuilding,450000,forsale,1790,installed,1970,tobedoneup,fueloil,,3,518,,,,true,,,,2,,10/18/22
9980020,house,house,450000,forsale,7620,,,torenovate,fueloil,552,4,5711,,true,,,,,3,5,,10/18/22
10081985,house,house,450000,forsale,9000,installed,2014,asnew,gas,,4,354,,,270,true,,,1,,,10/18/22
9918696,house,house,459000,forsale,1180,,,good,gas,217,4,90,,true,40,true,,,,,,10/18/22
10053902,house,villa,475000,forsale,8790,,1978,asnew,gas,273,3,755,,true,,true,true,,4,3,,10/18/22
10091445,house,house,490000,forsale,2250,installed,2022,,,,3,625,,,498,true,true,,,,,10/18/22
10102472,house,house,395000,forsale,7000,semiequipped,,good,fueloil,717,5,660,true,true,450,true,true,true,2,,,10/18/22
10102510,house,otherproperty,395000,forsale,7000,semiequipped,,tobedoneup,fueloil,717,5,660,true,true,450,true,true,true,2,,,10/18/22
10158614,house,villa,535000,forsale,3600,installed,1983,good,gas,173,3,1222,,true,,true,,,1,,,10/18/22
10158612,house,house,485000,forsale,1800,usainstalled,1918,good,gas,198,6,230,,true,56,,true,,2,,,10/18/22
10158611,house,house,150000,forsale,7643,,,,fueloil,473,4,385,,,,,,,1,,,10/18/22
10158609,house,villa,285000,forsale,7301,installed,,justrenovated,fueloil,184,4,0,,,,true,,true,1,3,,10/18/22
10158607,house,otherproperty,385000,forsale,7600,,,tobedoneup,,,24,0,,,,,,,,,,10/18/22
10158604,apartment,groundfloor,220000,forsale,1180,,,good,gas,56,1,,,true,,,true,,,,,10/18/22
9930590,house,house,495000,forsale,1460,installed,2005,asnew,electric,159,3,506,,,,true,true,,,1,,10/18/22
9950435,house,villa,495000,forsale,1495,,1946,,fueloil,512,3,7098,,true,,true,,,2,50,,10/18/22
10097198,house,house,495000,forsale,2000,installed,,good,,899,5,93,,,,,,,1,,,10/18/22
10120440,house,house,497750,forsale,8740,installed,1980,asnew,gas,145,4,650,,,350,true,,,1,3,,10/18/22
10086841,house,villa,499000,forsale,1731,hyperequipped,1970,asnew,fueloil,,3,532,,,532,true,,,1,4,,10/18/22
10091446,house,house,499000,forsale,2250,installed,2022,,,,3,666,,,543,true,true,,,,,10/18/22
9626454,house,house,499000,forsale,4340,installed,,good,,121,5,2119,,,,true,,,,,,10/18/22
10103929,house,villa,527000,forsale,6640,hyperequipped,,,,114,3,6389,,true,,,,,,,,10/18/22
9590613,house,house,545000,forsale,4000,,1938,good,gas,,6,260,true,true,120,true,true,,,,,10/18/22
10085930,house,villa,549000,forsale,2480,,2007,asnew,gas,190,3,899,,,,true,true,,1,2,,10/18/22
10070186,house,house,549000,forsale,9090,,2009,asnew,gas,119,5,950,true,,700,true,,,,2,,10/18/22
10128076,house,house,550000,forsale,1040,installed,1912,torenovate,electric,2035,2,208,,true,108,,,,1,,,10/18/22
10000608,house,house,580000,forsale,8470,installed,1995,asnew,gas,116,3,753,,,310,true,,true,,3,,10/18/22
10076451,house,house,585000,forsale,1860,usahyperequipped,2005,good,fueloil,177,4,804,,,,true,true,,1,4,,10/18/22
10121909,house,house,585000,forsale,2018,hyperequipped,2006,,gas,217,4,82,,,,,,,,,,10/18/22
10053901,house,villa,585000,forsale,8790,,1978,asnew,gas,273,3,1187,,true,,true,true,,4,3,,10/18/22
10047540,house,house,595000,forsale,1300,notinstalled,1930,asnew,gas,370,4,2000,,true,,,,,,3,,10/18/22
10112580,house,house,595000,forsale,7712,installed,,good,gas,255,4,2373,,true,1643,true,,,2,6,,10/18/22
10027045,house,mansion,598000,forsale,9240,hyperequipped,1952,,gas,527,6,311,true,true,88,,true,,2,,,10/18/22
10053597,house,house,599000,forsale,1070,installed,1910,,gas,396,7,200,,true,100,true,,,,,,10/18/22
6480859,house,house,599000,forsale,1190,semiequipped,1760,good,gas,355,3,0,true,true,,true,true,,,,,10/18/22
10041067,house,house,599000,forsale,9400,hyperequipped,1998,good,gas,180,5,1237,,,,true,,,1,4,,10/18/22
10037429,house,house,625000,forsale,1180,,1918,,,265,4,94,,true,,,,,,,,10/18/22
9954526,house,house,625000,forsale,1310,usahyperequipped,1962,justrenovated,gas,196,5,202,,,,true,true,,1,2,,10/18/22
10091797,house,villa,629000,forsale,1850,hyperequipped,1998,asnew,gas,175,3,630,,,300,,true,,,,,10/18/22
10092013,house,mixedusebuilding,635000,forsale,3000,,1910,,gas,217,4,0,,true,,true,true,,,,,10/18/22
10092012,house,mansion,635000,forsale,3000,,1910,,gas,217,4,0,,true,,true,true,,,,,10/18/22
10094856,house,mansion,635000,forsale,4100,installed,1925,asnew,fueloil,,8,800,,,800,true,,,2,3,,10/18/22
10068179,house,apartmentblock,645000,forsale,1090,,1951,tobedoneup,gas,256,4,315,,true,,,,,,,,10/18/22
10125149,house,house,645000,forsale,2800,semiequipped,1965,torenovate,fueloil,474,4,238,,,22,true,,,3,,,10/18/22
10102472,house,house,395000,forsale,7000,semiequipped,,good,fueloil,717,5,660,true,true,450,true,true,true,2,,,10/18/22
10102510,house,otherproperty,395000,forsale,7000,semiequipped,,tobedoneup,fueloil,717,5,660,true,true,450,true,true,true,2,,,10/18/22
10158614,house,villa,535000,forsale,3600,installed,1983,good,gas,173,3,1222,,true,,true,,,1,,,10/18/22
10158612,house,house,485000,forsale,1800,usainstalled,1918,good,gas,198,6,230,,true,56,,true,,2,,,10/18/22
10158611,house,house,150000,forsale,7643,,,,fueloil,473,4,385,,,,,,,1,,,10/18/22
10158609,house,villa,285000,forsale,7301,installed,,justrenovated,fueloil,184,4,0,,,,true,,true,1,3,,10/18/22
10158607,house,otherproperty,385000,forsale,7600,,,tobedoneup,,,24,0,,,,,,,,,,10/18/22
10158604,apartment,groundfloor,220000,forsale,1180,,,good,gas,56,1,,,true,,,true,,,,,10/18/22
10058390,house,villa,645000,forsale,3202,,2001,good,gas,199,3,2080,,,,,,,,,,10/18/22
9899530,house,villa,650000,forsale,9880,,1976,asnew,gas,238,3,1575,,true,,true,true,,2,,,10/18/22
10092382,house,mansion,669000,forsale,1800,,1918,good,fueloil,306,6,430,,true,,true,true,,,,,10/18/22
10087410,house,house,675000,forsale,9820,,1997,asnew,gas,271,5,1153,,,,true,true,,1,,,10/18/22
10119655,house,house,685000,forsale,1170,hyperequipped,,good,gas,465,4,265,,,,true,,,,,,10/18/22
10030517,house,apartmentblock,695000,forsale,1080,,1953,good,fueloil,462,8,178,,true,45,true,,,1,1,,10/18/22
9926791,house,house,695000,forsale,1082,hyperequipped,1953,good,fueloil,205,5,0,,true,50,true,,,1,2,,10/18/22
10101125,house,villa,695000,forsale,9700,,1995,asnew,gas,196,3,2083,,true,,true,true,true,,,,10/18/22
10098838,house,house,695000,forsale,9700,,1995,asnew,gas,196,3,2083,,true,,true,true,true,,,,10/18/22
10007122,house,villa,699000,forsale,9630,,1890,asnew,gas,240,3,2619,,true,2000,true,true,,,,,10/18/22
10081046,house,villa,699000,forsale,9630,,1890,asnew,gas,240,3,2619,,true,2000,true,true,,,,,10/18/22
10107081,house,villa,750000,forsale,1700,installed,1997,asnew,electric,,4,1114,true,,500,true,,,1,5,,10/18/22
9820807,house,mansion,750000,forsale,2018,,1906,,fueloil,718,5,125,,true,50,,,,,,,10/18/22
9991678,house,mansion,750000,forsale,7100,hyperequipped,1949,asnew,gas,,5,150,true,true,200,true,true,,1,1,,10/18/22
10070788,house,apartmentblock,780000,forsale,1180,usainstalled,,good,gas,460,6,120,,,,true,,,1,1,,10/18/22
9870321,house,house,795000,forsale,5650,,1910,torenovate,fueloil,493,7,50000,,true,,true,,,1,,,10/18/22
10048987,house,mansion,799000,forsale,4000,usahyperequipped,1898,asnew,gas,193,5,490,true,true,390,true,true,,1,1,,10/18/22
10107180,house,exceptionalproperty,820000,forsale,2970,hyperequipped,1967,asnew,gas,,3,500,true,,200,true,,,1,1,,10/18/22
10115254,house,mansion,825000,forsale,1050,usasemiequipped,1887,good,gas,522.75,4,60,,true,,true,,,,,,10/18/22
10128358,house,mansion,825000,forsale,1060,usasemiequipped,1887,good,gas,522.75,4,60,,true,,true,,,,,,10/18/22
10053592,house,mansion,880000,forsale,1040,installed,1930,justrenovated,gas,291,4,0,,true,25,true,true,,,,,10/18/22
10010603,house,house,890000,forsale,1341,usainstalled,,good,gas,288,3,5200,,true,3500,true,true,true,2,6,,10/18/22
10110127,house,townhouse,895000,forsale,1180,installed,1905,justrenovated,gas,218,2,0,true,true,40,true,,,,,,10/18/22
10007388,house,house,895000,forsale,1970,usahyperequipped,1950,asnew,gas,500,3,1000,true,true,500,true,,,1,3,,10/18/22
9984646,house,villa,900000,forsale,2930,installed,1959,torenovate,fueloil,600,5,1800,true,true,,,,,2,4,,10/18/22
10029299,house,house,930000,forsale,1050,usahyperequipped,,asnew,gas,309,4,100,,true,,true,true,,,,,10/18/22
10044862,house,house,895000,forsale,1200,usainstalled,1950,,gas,256,3,512,true,true,296,true,true,,2,2,,10/18/22
10101779,house,apartmentblock,975000,forsale,1410,usahyperequipped,2022,asnew,,82,6,580,,,,true,,,2,4,,10/18/22
10124552,house,house,990000,forsale,1700,usahyperequipped,1920,,gas,143,4,2370,,,2000,true,true,,2,,,10/18/22
10124551,house,villa,990000,forsale,1700,usahyperequipped,1920,,gas,143,4,2370,,,2000,true,true,,2,,,10/18/22
10102472,house,house,395000,forsale,7000,semiequipped,,good,fueloil,717,5,660,true,true,450,true,true,true,2,,,10/18/22
10102510,house,otherproperty,395000,forsale,7000,semiequipped,,tobedoneup,fueloil,717,5,660,true,true,450,true,true,true,2,,,10/18/22
10158614,house,villa,535000,forsale,3600,installed,1983,good,gas,173,3,1222,,true,,true,,,1,,,10/18/22
10158612,house,house,485000,forsale,1800,usainstalled,1918,good,gas,198,6,230,,true,56,,true,,2,,,10/18/22
10158611,house,house,150000,forsale,7643,,,,fueloil,473,4,385,,,,,,,1,,,10/18/22
10158609,house,villa,285000,forsale,7301,installed,,justrenovated,fueloil,184,4,0,,,,true,,true,1,3,,10/18/22
10158607,house,otherproperty,385000,forsale,7600,,,tobedoneup,,,24,0,,,,,,,,,,10/18/22
10158604,apartment,groundfloor,220000,forsale,1180,,,good,gas,56,1,,,true,,,true,,,,,10/18/22
9941280,house,mixedusebuilding,994000,forsale,1933,,,,gas,179,2,620,,,150,true,true,,,1,,10/18/22
10037154,house,house,999500,forsale,3000,,,justrenovated,gas,137,6,0,,true,20,true,,,,,,10/18/22
10107821,house,house,1025000,forsale,1040,usahyperequipped,1920,asnew,gas,261,3,87,,true,,,,,,,,10/18/22
10000305,house,villa,1029000,forsale,2980,hyperequipped,2006,asnew,gas,122,4,1181,true,,,true,true,true,2,5,,10/18/22
10113041,house,house,1295000,forsale,1380,installed,2000,good,fueloil,300,5,3147,,true,,,,true,2,4,,10/18/22
9879492,house,exceptionalproperty,1295000,forsale,1420,hyperequipped,1960,good,fueloil,399,4,17500,true,,16000,true,true,true,2,5,,10/18/22
9879489,house,exceptionalproperty,1295000,forsale,1440,hyperequipped,1960,good,fueloil,399,4,17500,true,,16000,true,true,true,2,5,,10/18/22
10098409,house,apartmentblock,1300000,forsale,1050,,1964,asnew,,331,6,0,,,,true,true,,,,,10/18/22
10081109,house,house,1375000,forsale,8300,hyperequipped,2000,good,gas,131,5,145,true,,145,true,,,1,1,,10/18/22
9934520,house,villa,1450000,forsale,1150,,1950,good,gas,643,5,792,,true,,true,true,,2,,,10/18/22
9807732,house,house,1465000,forsale,8300,usahyperequipped,2010,asnew,gas,143,4,625,,,625,true,,,,,,10/18/22
9947482,house,manorhouse,1600000,forsale,1790,,1962,torenovate,,,7,21790,,true,21495,true,true,true,5,5,,10/18/22
10016305,house,villa,1650000,forsale,1640,usahyperequipped,2011,asnew,gas,104.31,6,1400,,true,,true,true,true,1,2,,10/18/22
9745443,house,villa,1690000,forsale,1420,installed,1978,asnew,fueloil,278,5,3336,true,true,,true,true,true,2,,,10/18/22
9925211,house,villa,1750000,forsale,3630,installed,1996,asnew,gas,295,4,10000,,,,,,true,1,6,,10/18/22
9974272,house,mixedusebuilding,1750000,forsale,8000,usahyperequipped,1862,good,gas,186,0,1255,true,true,,true,,,,24,,10/18/22
9870080,house,house,1775000,forsale,1180,hyperequipped,1963,asnew,gas,466,6,815,true,true,500,true,true,,2,2,,10/18/22
9436767,house,house,1850000,forsale,7500,notinstalled,,torestore,fueloil,430,7,3565,true,true,2000,true,true,,2,5,,10/18/22
10121776,house,mansion,1950000,forsale,1050,,1901,good,gas,374,4,208,,,,true,true,,,1,,10/18/22
9554270,house,villa,1985000,forsale,2630,hyperequipped,,asnew,,203,4,1800,,true,,true,,true,1,1,,10/18/22
9885794,house,house,2150000,forsale,3080,hyperequipped,1974,asnew,gas,165,5,1720,true,true,30,true,true,true,2,5,,10/18/22
10111684,house,apartmentblock,2192000,forsale,9032,,,justrenovated,gas,110,0,298,,,,,,,,,,10/18/22
9981067,house,villa,2480000,forsale,1180,hyperequipped,1970,,fueloil,535,5,1425,,true,700,true,true,,2,2,,10/18/22
9899186,house,farmhouse,2480000,forsale,1325,,,good,fueloil,392,6,20600,,,,,,true,2,,,10/18/22
10099935,house,house,2950000,forsale,1180,hyperequipped,,good,,,6,3200,,true,,true,true,,3,3,,10/18/22
10097032,house,house,3250000,forsale,3090,usasemiequipped,1912,torenovate,fueloil,552,20,35700,true,true,,true,true,,2,50,,10/18/22
9921537,house,villa,3350000,forsale,3080,hyperequipped,1946,torenovate,gas,407,7,4680,true,true,,true,true,true,3,8,,10/18/22
9759940,house,villa,3380000,forsale,1150,hyperequipped,2005,asnew,gas,159,7,1367,true,true,,true,true,,,,,10/18/22
9957839,house,house,3450000,forsale,1000,installed,1928,good,gas,326,5,1260,,true,,true,true,,2,5,,10/18/22
9912343,house,house,3565000,forsale,8300,installed,1955,asnew,gas,236,5,536,true,true,536,true,true,,1,4,,10/18/22
10102472,house,house,395000,forsale,7000,semiequipped,,good,fueloil,717,5,660,true,true,450,true,true,true,2,,,10/18/22
10102510,house,otherproperty,395000,forsale,7000,semiequipped,,tobedoneup,fueloil,717,5,660,true,true,450,true,true,true,2,,,10/18/22
10158614,house,villa,535000,forsale,3600,installed,1983,good,gas,173,3,1222,,true,,true,,,1,,,10/18/22
10158612,house,house,485000,forsale,1800,usainstalled,1918,good,gas,198,6,230,,true,56,,true,,2,,,10/18/22
10158611,house,house,150000,forsale,7643,,,,fueloil,473,4,385,,,,,,,1,,,10/18/22
10158609,house,villa,285000,forsale,7301,installed,,justrenovated,fueloil,184,4,0,,,,true,,true,1,3,,10/18/22
10158607,house,otherproperty,385000,forsale,7600,,,tobedoneup,,,24,0,,,,,,,,,,10/18/22
10158604,apartment,groundfloor,220000,forsale,1180,,,good,gas,56,1,,,true,,,true,,,,,10/18/22
9950285,house,villa,3850000,forsale,8300,hyperequipped,1955,asnew,gas,197,5,570,,,570,true,,,,4,,10/18/22
9167173,house,exceptionalproperty,4950000,forsale,3080,hyperequipped,1976,good,gas,,6,20066,true,true,20066,true,true,true,2,8,,10/18/22
10127630,house,castle,4995000,forsale,3000,hyperequipped,1911,justrenovated,gas,250,9,40000,,true,40000,true,,true,2,50,,10/18/22
10157997,house,house,335000,forsale,1840,,1960,torenovate,fueloil,350,3,803,true,true,,true,,,1,3,,10/18/22
10157276,house,house,359000,forsale,9620,installed,1973,asnew,gas,465,3,1494,,true,,true,true,,1,3,,10/18/22
10157852,house,house,389000,forsale,3111,,1958,torenovate,fueloil,507,3,1500,,,,true,,,1,10,,10/18/22
10133347,house,villa,649000,forsale,7333,installed,1995,good,fueloil,213,6,17000,,,2400,true,,,2,3,,10/18/22
10133346,house,exceptionalproperty,649000,forsale,7333,installed,1995,good,fueloil,213,6,17000,,,2400,true,,,2,3,,10/18/22
10133345,house,house,649000,forsale,7333,installed,1995,good,fueloil,213,6,17000,,,2400,true,,,2,3,,10/18/22
10134383,house,house,285000,forsale,9340,installed,1925,good,,278,3,260,,true,,,,,1,,,10/18/22
10134565,house,mansion,525000,forsale,9800,installed,1941,good,,575,4,840,,true,530,true,,,1,5,,10/18/22
10135055,house,townhouse,795000,forsale,1180,installed,1973,good,gas,,5,220,true,true,70,true,,,,,,10/18/22
10139736,house,house,245000,forsale,9300,installed,1957,,gas,283,4,194,true,,,true,,,,,,10/18/22
10138478,house,house,249000,forsale,1570,,1958,torenovate,electric,828,3,634,true,true,500,true,,,1,1,,10/18/22
10138772,house,house,285000,forsale,9200,installed,1963,tobedoneup,fueloil,870,3,625,true,true,,,,,2,,,10/18/22
10140054,house,house,319000,forsale,9000,installed,,good,gas,180,3,53,,,,true,,,,,,10/18/22
10139139,house,mansion,345000,forsale,6000,,1892,good,gas,421,4,480,true,true,323,true,true,,2,,,10/18/22
10139140,house,mansion,345000,forsale,6061,,1892,good,gas,421,4,480,true,true,323,true,true,,2,,,10/18/22
10139380,house,villa,349000,forsale,1390,installed,,,fueloil,504,2,980,,true,,true,,,1,4,,10/18/22
10124974,house,house,353050,forsale,8500,hyperequipped,,asnew,gas,,3,262,true,,200,,,,,,1,10/18/22
10124922,house,house,353050,forsale,8500,hyperequipped,,asnew,gas,,3,227,true,,163,,,,,1,1,10/18/22
10124921,house,house,353050,forsale,8500,hyperequipped,,asnew,gas,,3,291,true,,229,,,,,1,1,10/18/22
10138524,house,house,355000,forsale,1502,installed,1875,tobedoneup,gas,622,3,1383,true,true,,true,true,,1,4,,10/18/22
10117655,house,house,384931,forsale,9470,usahyperequipped,2021,,electric,,5,218,true,,,true,,,2,,1,10/18/22
9923457,house,house,389000,forsale,8310,usahyperequipped,2022,,gas,30,3,170,,,33,true,,,1,,1,10/18/22
10117986,house,house,425000,forsale,3390,installed,,,gas,,3,639,,,,true,,,2,1,1,10/18/22
10117990,house,house,475000,forsale,3390,installed,,,gas,,3,910,,,,true,,,2,1,1,10/18/22
10117988,house,house,475000,forsale,3390,installed,,,gas,,3,934,,,,true,,,2,1,1,10/18/22
10138880,house,bungalow,620000,forsale,1470,,1977,asnew,,443,3,1999,,true,1750,true,,,2,4,,10/18/22
10143458,house,house,120000,forsale,6142,installed,,tobedoneup,fueloil,424,3,400,true,true,318,true,,,1,,,10/18/22
10102472,house,house,395000,forsale,7000,semiequipped,,good,fueloil,717,5,660,true,true,450,true,true,true,2,,,10/18/22
10102510,house,otherproperty,395000,forsale,7000,semiequipped,,tobedoneup,fueloil,717,5,660,true,true,450,true,true,true,2,,,10/18/22
10158614,house,villa,535000,forsale,3600,installed,1983,good,gas,173,3,1222,,true,,true,,,1,,,10/18/22
10158612,house,house,485000,forsale,1800,usainstalled,1918,good,gas,198,6,230,,true,56,,true,,2,,,10/18/22
10158611,house,house,150000,forsale,7643,,,,fueloil,473,4,385,,,,,,,1,,,10/18/22
10158609,house,villa,285000,forsale,7301,installed,,justrenovated,fueloil,184,4,0,,,,true,,true,1,3,,10/18/22
10158607,house,otherproperty,385000,forsale,7600,,,tobedoneup,,,24,0,,,,,,,,,,10/18/22
10158604,apartment,groundfloor,220000,forsale,1180,,,good,gas,56,1,,,true,,,true,,,,,10/18/22
10144582,house,house,185000,forsale,8530,,1952,good,,977,3,200,,true,60,,,,1,1,,10/18/22
10143457,house,house,199000,forsale,7141,installed,1973,good,gas,404,3,356,true,true,285,true,true,,1,3,,10/18/22
10144811,house,house,349900,forsale,9420,semiequipped,1960,torenovate,fueloil,1036,3,353,,,,true,true,,1,,,10/18/22
10143506,house,house,369000,forsale,6953,installed,,good,fueloil,486,3,8080,true,true,8080,true,true,,2,25,,10/18/22
10142761,house,house,550000,forsale,9000,installed,1850,tobedoneup,gas,296,4,110,,true,,,true,,1,,,10/18/22
10144656,house,house,695000,forsale,1620,installed,1930,good,gas,,4,0,,,,true,,,2,,,10/18/22
10144654,house,house,695000,forsale,1630,installed,1930,good,gas,,4,0,,,,true,,,2,,,10/18/22
10142772,house,villa,695000,forsale,3680,installed,1999,asnew,fueloil,244,5,1979,true,true,,true,,,,,,10/18/22
10144725,house,house,850000,forsale,2020,hyperequipped,1951,asnew,gas,,3,241,,true,70,true,,,1,1,,10/18/22
10144472,house,castle,4550000,forsale,3700,hyperequipped,1820,good,,74,7,54416,,true,3000,,true,,4,,,10/18/22
8942354,housegroup,housegroup,253000-285000,forsale,7000,,,,,,,,,,,,,,,,1,10/18/22
8187081,housegroup,housegroup,270500-299500,forsale,3680,,,,,,,,,,,,,,,,1,10/18/22
9217158,housegroup,housegroup,286000-305000,forsale,8800,,,,,,,,,,,,,,,,1,10/18/22
9821233,housegroup,housegroup,292464-342194,forsale,4430,,,,,,,,,,,,,,,,1,10/18/22
7755379,housegroup,housegroup,310846-327698,forsale,4000,,,,,,,,,,,,,,,,1,10/18/22
7684184,housegroup,housegroup,316000-344000,forsale,3650,,,,,,,,,,,,,,,,1,10/18/22
8374954,housegroup,housegroup,321500-321500,forsale,3920,,,,,,,,,,,,,,,,1,10/18/22
7912504,housegroup,housegroup,337380-337380,forsale,1830,,,,,,,,,,,,,,,,1,10/18/22
10107990,housegroup,housegroup,349900-399900,forsale,8790,,,,,,,,,,,,,,,,1,10/18/22
9762715,housegroup,housegroup,350000-420000,forsale,9160,,,,,,,,,,,,,,,,1,10/18/22
8609533,housegroup,housegroup,354000-424000,forsale,9290,,,,,,,,,,,,,,,,1,10/18/22
9010284,housegroup,housegroup,364500-364500,forsale,3520,,,,,,,,,,,,,,,,1,10/18/22
8884646,housegroup,housegroup,367798-465712,forsale,2830,,,,,,,,,,,,,,,,1,10/18/22
9745591,housegroup,housegroup,370250-392500,forsale,7520,,,,,,,,,,,,,,,,1,10/18/22
7734463,housegroup,housegroup,378280-436270,forsale,8810,,,,,,,,,,,,,,,,1,10/18/22
8486435,housegroup,housegroup,382500-391500,forsale,8490,,,,,,,,,,,,,,,,1,10/18/22
10117675,housegroup,housegroup,384931-384931,forsale,9470,,,,,,,,,,,,,,,,1,10/18/22
10102954,housegroup,housegroup,408000-413000,forsale,3570,,,,,,,,,,,,,,,,1,10/18/22
8881756,housegroup,housegroup,410000-420000,forsale,3500,,,,,,,,,,,,,,,,1,10/18/22
10100255,housegroup,housegroup,439000-499000,forsale,2230,,,,,,,,,,,,,,,,1,10/18/22
10102472,house,house,395000,forsale,7000,semiequipped,,good,fueloil,717,5,660,true,true,450,true,true,true,2,,,10/18/22
10102510,house,otherproperty,395000,forsale,7000,semiequipped,,tobedoneup,fueloil,717,5,660,true,true,450,true,true,true,2,,,10/18/22
10158614,house,villa,535000,forsale,3600,installed,1983,good,gas,173,3,1222,,true,,true,,,1,,,10/18/22
10158612,house,house,485000,forsale,1800,usainstalled,1918,good,gas,198,6,230,,true,56,,true,,2,,,10/18/22
10158611,house,house,150000,forsale,7643,,,,fueloil,473,4,385,,,,,,,1,,,10/18/22
10158609,house,villa,285000,forsale,7301,installed,,justrenovated,fueloil,184,4,0,,,,true,,true,1,3,,10/18/22
10158607,house,otherproperty,385000,forsale,7600,,,tobedoneup,,,24,0,,,,,,,,,,10/18/22
10158604,apartment,groundfloor,220000,forsale,1180,,,good,gas,56,1,,,true,,,true,,,,,10/18/22
9940163,housegroup,housegroup,526250-526250,forsale,8020,,,,,,,,,,,,,,,,1,10/18/22
10115128,housegroup,housegroup,559000-605000,forsale,1342,,,,,,,,,,,,,,,,1,10/18/22
9593298,housegroup,housegroup,652790-652790,forsale,3000,,,,,30,,,,,,,,,,,1,10/18/22
10150678,house,house,110000,forsale,4102,installed,,good,gas,564,2,50,,true,,,,,1,,,10/18/22
10149515,house,house,185000,forsale,4430,installed,,tobedoneup,gas,376,3,260,,true,180,true,true,,,,,10/18/22
10149007,house,house,195000,forsale,5670,,,good,fueloil,331,2,3860,,,3860,true,,,1,10,,10/18/22
10148637,house,house,275000,forsale,7500,semiequipped,1972,asnew,fueloil,300,4,459,true,true,318,true,true,,1,1,,10/18/22
10095088,house,house,320000,forsale,1630,,1920,tobedoneup,gas,434,3,150,,true,,,,,,,,10/18/22
10148863,house,house,329000,forsale,9230,installed,1966,good,,359,4,566,true,,,true,,,1,2,,10/18/22
10148598,house,house,330000,forsale,8800,semiequipped,1960,torenovate,fueloil,588,3,747,,true,625,,,,,1,,10/18/22
10150362,house,house,620000,forsale,1180,installed,,,,,5,260,,,150,true,,,1,1,,10/18/22
10148503,house,villa,710000,forsale,9140,installed,1986,asnew,fueloil,227,3,1628,,,,,,,2,,,10/18/22
10148707,house,townhouse,895000,forsale,2610,,1992,asnew,fueloil,162,3,190,,true,50,,true,,1,3,,10/18/22
10154411,house,house,339000,forsale,8580,installed,,asnew,fueloil,404,3,1225,,true,,,,,1,,,10/18/22
10154367,house,villa,485000,forsale,1420,,,good,gas,197,3,444,,,444,,,,,,,10/18/22
10156514,house,house,519000,forsale,2930,,,asnew,gas,278,2,640,,,410,true,,,,,,10/18/22
10155638,house,house,660000,forsale,1933,,1973,,gas,380,5,0,,,1000,,,,,,,10/18/22
10154611,house,apartmentblock,1940000,forsale,1050,,1912,good,gas,,5,0,,true,,true,,,1,,,10/18/22
10130765,house,house,139900,forsale,4420,installed,,good,gas,306,2,115,true,,56,true,,,,,,10/18/22
10131772,house,house,310000,forsale,8820,,2008,good,gas,158,3,269,,,64,,,,1,,,10/18/22
10131149,house,house,349000,forsale,6760,installed,,,,425,5,450,,true,,,,,1,,,10/18/22
10130339,house,house,379000,forsale,1745,installed,1910,good,gas,330,3,681,true,true,453,true,,,,2,,10/18/22
10130009,house,house,399000,forsale,9050,installed,1900,asnew,gas,125,4,125,,,,,,,,,,10/18/22
10130235,house,villa,785000,forsale,1325,usahyperequipped,1995,asnew,,244,4,2205,,true,,true,,true,2,5,,10/18/22
10130852,house,house,1450000,forsale,1180,installed,1920,asnew,gas,369,4,230,,true,,true,true,,,,,10/18/22
10133575,house,house,189000,forsale,9990,installed,1930,torenovate,gas,555,3,220,,,100,,,,,2,,10/18/22
10137520,house,house,75000,forsale,4460,installed,1977,tobedoneup,fueloil,542,3,364,,,,,,,1,1,,10/18/22
10136397,house,house,125000,forsale,6044,notinstalled,,torenovate,gas,583,3,277,,true,277,true,,,1,1,,10/18/22
10138055,house,house,125000,forsale,9500,,,torenovate,gas,552,2,72,,,,,,,,1,,10/18/22
10137734,house,house,209000,forsale,5070,semiequipped,,justrenovated,fueloil,593,4,0,,true,,,,,,,,10/18/22
10102472,house,house,395000,forsale,7000,semiequipped,,good,fueloil,717,5,660,true,true,450,true,true,true,2,,,10/18/22
10102510,house,otherproperty,395000,forsale,7000,semiequipped,,tobedoneup,fueloil,717,5,660,true,true,450,true,true,true,2,,,10/18/22
10158614,house,villa,535000,forsale,3600,installed,1983,good,gas,173,3,1222,,true,,true,,,1,,,10/18/22
10158612,house,house,485000,forsale,1800,usainstalled,1918,good,gas,198,6,230,,true,56,,true,,2,,,10/18/22
10158611,house,house,150000,forsale,7643,,,,fueloil,473,4,385,,,,,,,1,,,10/18/22
10158609,house,villa,285000,forsale,7301,installed,,justrenovated,fueloil,184,4,0,,,,true,,true,1,3,,10/18/22
10158607,house,otherproperty,385000,forsale,7600,,,tobedoneup,,,24,0,,,,,,,,,,10/18/22
10158604,apartment,groundfloor,220000,forsale,1180,,,good,gas,56,1,,,true,,,true,,,,,10/18/22
10135727,house,house,300000,forsale,9030,installed,1957,torenovate,fueloil,670,3,198,,,,,,,1,,,10/18/22
10137136,house,house,365000,forsale,8000,hyperequipped,,asnew,fueloil,,2,143,,,,true,,,,,,10/18/22
10136649,house,villa,475000,forsale,6000,,2014,good,gas,154,4,777,true,true,696,true,true,,2,2,,10/18/22
10136442,house,villa,475000,forsale,6032,,2014,good,gas,154,4,777,true,true,696,true,true,,2,2,,10/18/22
10136334,house,villa,479000,forsale,6150,installed,1996,asnew,gas,173,4,1230,true,true,,true,true,,2,,,10/18/22
10137257,house,house,490000,forsale,1200,semiequipped,1957,torenovate,gas,654,3,346,true,,,true,,,,,,10/18/22
10135971,house,house,1195000,forsale,1000,hyperequipped,,good,gas,251,5,0,,true,,true,,,1,,,10/18/22
10136386,house,mansion,2400000,forsale,2600,notinstalled,1928,torenovate,fueloil,768,8,1432,true,true,1200,true,true,true,2,4,,10/18/22
10154510,house,house,235000,forsale,3660,notinstalled,2020,,gas,,3,329,,,,,true,,,,1,10/18/22
10141193,house,villa,370000,forsale,8780,installed,2022,asnew,gas,,3,372,true,,,,,,,,,10/18/22
10140598,house,house,429000,forsale,3580,usahyperequipped,1974,good,gas,277,5,2600,true,true,,true,true,,,,,10/18/22
10140623,house,house,430000,forsale,1090,hyperequipped,,tobedoneup,,501,4,80,true,true,20,true,,,,,,10/18/22
10141305,house,farmhouse,475000,forsale,3321,installed,1875,tobedoneup,fueloil,637,5,1333,true,true,950,true,true,,1,3,,10/18/22
10142594,house,mixedusebuilding,489000,forsale,8580,,1979,asnew,,482,3,1178,,,,true,,,,,,10/18/22
10142593,house,house,489000,forsale,8580,,1979,asnew,,482,3,1178,,,,true,,,,,,10/18/22
10142586,house,house,495000,forsale,9473,installed,1975,tobedoneup,gas,365,5,441,,true,,true,,,1,,,10/18/22
10140506,house,villa,625000,forsale,3620,installed,2008,asnew,gas,166,6,828,,,,,,,1,,,10/18/22
10130320,house,villa,3695000,forsale,8300,hyperequipped,2022,asnew,gas,,4,788,,,,true,,,2,3,1,10/18/22
10144872,house,house,275000,forsale,8930,,1966,good,gas,159,3,240,,,,true,,,,,,10/18/22
10105867,house,house,390000,forsale,6780,installed,1910,good,fueloil,371,4,1323,true,true,,true,,,2,2,,10/18/22
9889079,house,house,1290000,forsale,1310,,,justrenovated,gas,255,4,5713,,,,true,true,,2,12,,10/18/22
10147414,house,house,359000,forsale,9810,semiequipped,1965,tobedoneup,,641,4,0,,,,,,,1,4,,10/18/22
10147028,house,house,649000,forsale,8300,hyperequipped,1967,good,gas,297,2,507,,,,true,,,1,,,10/18/22
10146864,house,villa,1895000,forsale,3140,hyperequipped,1929,asnew,gas,382,5,3814,true,true,,true,true,true,1,4,,10/18/22
10152937,house,house,177000,forsale,9660,,1975,torenovate,gas,589,3,340,true,,,,,,1,,,10/18/22
10153991,house,house,399000,forsale,6760,installed,1952,tobedoneup,fueloil,,5,3620,,,2800,true,,,2,3,,10/18/22
10153229,house,house,439500,forsale,8870,installed,1979,tobedoneup,gas,265,5,474,,true,,true,,,2,2,,10/18/22
10153796,house,house,498000,forsale,2870,,,good,gas,170,4,620,true,,,,true,,2,3,,10/18/22
10151368,house,mansion,995000,forsale,9000,,,torenovate,fueloil,,4,220,,,,,,,2,,,10/18/22
10153426,house,villa,1295000,forsale,8670,hyperequipped,2006,asnew,gas,135,4,1563,,,,true,,,2,4,,10/18/22
10102472,house,house,395000,forsale,7000,semiequipped,,good,fueloil,717,5,660,true,true,450,true,true,true,2,,,10/18/22
10102510,house,otherproperty,395000,forsale,7000,semiequipped,,tobedoneup,fueloil,717,5,660,true,true,450,true,true,true,2,,,10/18/22
10158614,house,villa,535000,forsale,3600,installed,1983,good,gas,173,3,1222,,true,,true,,,1,,,10/18/22
10158612,house,house,485000,forsale,1800,usainstalled,1918,good,gas,198,6,230,,true,56,,true,,2,,,10/18/22
10158611,house,house,150000,forsale,7643,,,,fueloil,473,4,385,,,,,,,1,,,10/18/22
10158609,house,villa,285000,forsale,7301,installed,,justrenovated,fueloil,184,4,0,,,,true,,true,1,3,,10/18/22
10158607,house,otherproperty,385000,forsale,7600,,,tobedoneup,,,24,0,,,,,,,,,,10/18/22
10158604,apartment,groundfloor,220000,forsale,1180,,,good,gas,56,1,,,true,,,true,,,,,10/18/22
10153426,house,villa,1295000,forsale,8670,hyperequipped,2006,asnew,gas,135,4,1563,,,,true,,,2,4,,10/18/22
9929633,house,house,10000,forsale,4040,semiequipped,1950,asnew,gas,510,2,104,,true,,true,,,,,,10/18/22
10097977,house,house,50000,forsale,4120,installed,1973,asnew,fueloil,565,2,927,,,,,,,3,,,10/18/22
10061217,house,house,65000,forsale,7141,installed,,torenovate,fueloil,720,2,195,true,true,95,,,,,,,10/18/22
10061216,house,house,71000,forsale,7141,installed,,torenovate,fueloil,720,2,195,true,true,95,,,,,,,10/18/22
9606967,house,villa,75000,forsale,1300,installed,1979,justrenovated,gas,241,2,890,,,,true,,,,4,,10/18/22
9860829,house,house,79950,forsale,7012,semiequipped,,good,,378,2,182,,true,138,,,,,,,10/18/22
9947245,house,house,87500,forsale,4100,semiequipped,,torenovate,gas,412,2,195,,true,145,,,,,,,10/18/22
9873148,house,house,89000,forsale,4100,notinstalled,,good,gas,540,4,114,,true,,,true,,2,,,10/18/22
9671770,house,house,89000,forsale,6031,notinstalled,1874,torenovate,gas,397,3,110,true,true,,,,,1,1,,10/18/22
9891763,house,house,90000,forsale,7170,notinstalled,1900,torenovate,,829,2,198,true,,98,true,,,,,,10/18/22
10076305,house,house,99000,forsale,4102,notinstalled,,tobedoneup,gas,348,4,210,true,,150,true,true,,,,,10/18/22
9892212,house,house,99000,forsale,4400,notinstalled,,tobedoneup,pellet,360,2,465,true,true,336,,,,,,,10/18/22
9964439,house,house,99000,forsale,7100,notinstalled,1900,tobedoneup,,762,4,110,true,true,,,true,,,,,10/18/22
10025060,house,house,99000,forsale,7110,semiequipped,,tobedoneup,gas,376,2,120,true,true,,true,true,,,,,10/18/22
9673454,house,house,99000,forsale,7301,installed,,good,gas,292,2,122,,true,80,true,,,,,,10/18/22
10025063,house,house,110000,forsale,7110,notinstalled,,tobedoneup,gas,519,2,160,true,true,,true,,,1,,,10/18/22
10070797,house,house,115000,forsale,4550,,1890,tobedoneup,,611,3,1094,true,true,,,true,,1,1,,10/18/22
9820296,house,house,117000,forsale,4030,semiequipped,,torenovate,gas,301,2,90,true,true,36,true,,,,,,10/18/22
9960798,house,house,119999,forsale,6031,notinstalled,1925,torenovate,,558,2,142,true,true,,true,,,,,,10/18/22
9401191,house,house,119999,forsale,6040,installed,,tobedoneup,,299,2,580,,true,360,true,true,,,1,,10/18/22
10076500,house,house,125000,forsale,4101,semiequipped,,asnew,gas,409,1,46,true,true,,,,,,,,10/18/22
10017166,house,chalet,129000,forsale,6997,semiequipped,1997,good,fueloil,536,2,400,,true,350,true,,,1,2,,10/18/22
9659628,house,house,130000,forsale,7387,installed,,tobedoneup,electric,628,3,300,true,true,252,,,,,,,10/18/22
10120446,house,house,135000,forsale,4102,installed,,good,gas,591,3,100,true,,20,true,,,1,,,10/18/22
10080822,house,house,137000,forsale,4400,notinstalled,,tobedoneup,gas,501,2,125,,true,45,true,,,,,,10/18/22
9926832,house,house,139000,forsale,4420,installed,,good,fueloil,635,2,101,,true,48,,,,,,,10/18/22
9810208,house,house,139000,forsale,7700,notinstalled,,torenovate,gas,308,3,248,,,60,,,,,,,10/18/22
9942224,house,house,139000,forsale,8500,semiequipped,,torenovate,,930,4,70,,,4,true,,,,,,10/18/22
10082678,house,house,139900,forsale,6041,installed,,good,gas,452,2,470,,,300,true,,,,2,,10/18/22
10102472,house,house,395000,forsale,7000,semiequipped,,good,fueloil,717,5,660,true,true,450,true,true,true,2,,,10/18/22
10102510,house,otherproperty,395000,forsale,7000,semiequipped,,tobedoneup,fueloil,717,5,660,true,true,450,true,true,true,2,,,10/18/22
10158614,house,villa,535000,forsale,3600,installed,1983,good,gas,173,3,1222,,true,,true,,,1,,,10/18/22
10158612,house,house,485000,forsale,1800,usainstalled,1918,good,gas,198,6,230,,true,56,,true,,2,,,10/18/22
10158611,house,house,150000,forsale,7643,,,,fueloil,473,4,385,,,,,,,1,,,10/18/22
10158609,house,villa,285000,forsale,7301,installed,,justrenovated,fueloil,184,4,0,,,,true,,true,1,3,,10/18/22
10158607,house,otherproperty,385000,forsale,7600,,,tobedoneup,,,24,0,,,,,,,,,,10/18/22
10158604,apartment,groundfloor,220000,forsale,1180,,,good,gas,56,1,,,true,,,true,,,,,10/18/22
9505390,house,house,139999,forsale,6567,semiequipped,,tobedoneup,,420,3,210,,,88,true,,,,,,10/18/22
10126404,house,villa,140000,forsale,4624,installed,1957,tobedoneup,fueloil,547,3,509,,,,,,,2,4,,10/18/22
10126936,house,house,140000,forsale,4800,installed,1940,good,gas,366,5,210,true,true,,true,,,,2,,10/18/22
9987392,house,house,145000,forsale,4101,semiequipped,,tobedoneup,fueloil,403,3,80,,true,60,true,,,,,,10/18/22
10115209,house,house,149500,forsale,4100,installed,,good,gas,293,3,513,true,true,365,true,,,,,,10/18/22
9604976,house,apartmentblock,150000,forsale,5140,notinstalled,,torenovate,gas,250,4,0,,true,,,,,,,,10/18/22
9996333,house,mixedusebuilding,155000,forsale,5060,notinstalled,,torenovate,electric,855,2,201,,true,,,,,,,,10/18/22
9661646,house,house,155000,forsale,6750,installed,1930,torenovate,,513,5,780,true,true,580,true,,,1,1,,10/18/22
9961051,house,house,157500,forsale,4102,hyperequipped,,good,gas,403,2,145,true,true,75,true,,,,,,10/18/22
10087886,house,house,159000,forsale,4030,installed,,torenovate,gas,499,3,100,,true,,,true,,,,,10/18/22
10037597,house,mixedusebuilding,159000,forsale,4032,notinstalled,,torenovate,,481,2,106,,,,,,,,,,10/18/22
9981525,house,house,159000,forsale,5580,usasemiequipped,,tobedoneup,gas,284,2,255,,true,184,,true,,,1,,10/18/22
9971290,house,house,159000,forsale,7140,notinstalled,,good,gas,613,5,156,true,true,,,true,,,,,10/18/22
10001347,house,house,159500,forsale,4100,installed,,tobedoneup,gas,438,2,110,,true,20,true,,,,,,10/18/22
9950248,house,house,159500,forsale,4400,installed,,good,gas,235,2,35,true,true,,,true,,,,,10/18/22
9943831,house,house,160000,forsale,6987,notinstalled,1947,torenovate,,489,3,310,true,true,230,true,true,,,,,10/18/22
9843737,house,house,162000,forsale,8370,installed,,tobedoneup,,487,3,0,,,,,,,,,,10/18/22
9862052,house,house,164500,forsale,4100,hyperequipped,,asnew,gas,302,3,70,true,true,,,true,,,,,10/18/22
9918477,house,house,165000,forsale,1770,installed,1964,torenovate,gas,599,2,73,true,,,,,,,,,10/18/22
10037278,house,house,165000,forsale,8501,,1935,good,gas,489,3,130,,true,40,,,,,,,10/18/22
9878381,house,house,169000,forsale,4020,semiequipped,,good,gas,248,4,190,true,true,90,true,,,,,,10/18/22
10058915,house,house,169000,forsale,7700,semiequipped,,good,gas,254,2,146,,,30,true,,,,,,10/18/22
9886678,house,mixedusebuilding,169500,forsale,4100,installed,,asnew,gas,587,4,273,true,true,135,,,,,,,10/18/22
9862718,house,house,169500,forsale,4101,hyperequipped,,good,gas,417,3,410,true,true,235,true,,,,,,10/18/22
10122736,house,house,169900,forsale,4102,notinstalled,,torenovate,electric,769,3,300,,true,110,true,true,,1,,,10/18/22
10091535,house,house,174000,forsale,9700,,,,gas,282,4,79,,true,,,,,,,,10/18/22
10001780,house,house,175000,forsale,4031,installed,,,gas,294,3,84,true,true,84,true,,,,,,10/18/22
9947165,house,house,175000,forsale,4102,semiequipped,,good,gas,583,3,90,true,true,25,true,true,,,,,10/18/22
10014127,house,house,179000,forsale,3890,installed,1951,good,fueloil,848,3,291,true,,137,true,,,1,4,,10/18/22
10100722,house,house,179000,forsale,6940,,1971,good,fueloil,502,2,680,,,607,true,,,1,4,,10/18/22
10102472,house,house,395000,forsale,7000,semiequipped,,good,fueloil,717,5,660,true,true,450,true,true,true,2,,,10/18/22
10102510,house,otherproperty,395000,forsale,7000,semiequipped,,tobedoneup,fueloil,717,5,660,true,true,450,true,true,true,2,,,10/18/22
10158614,house,villa,535000,forsale,3600,installed,1983,good,gas,173,3,1222,,true,,true,,,1,,,10/18/22
10158612,house,house,485000,forsale,1800,usainstalled,1918,good,gas,198,6,230,,true,56,,true,,2,,,10/18/22
10158611,house,house,150000,forsale,7643,,,,fueloil,473,4,385,,,,,,,1,,,10/18/22
10158609,house,villa,285000,forsale,7301,installed,,justrenovated,fueloil,184,4,0,,,,true,,true,1,3,,10/18/22
10158607,house,otherproperty,385000,forsale,7600,,,tobedoneup,,,24,0,,,,,,,,,,10/18/22
10158604,apartment,groundfloor,220000,forsale,1180,,,good,gas,56,1,,,true,,,true,,,,,10/18/22
8950221,house,house,179000,forsale,9500,notinstalled,1950,torestore,gas,650,3,420,true,,275,true,,,1,1,,10/18/22
9950689,house,house,179500,forsale,4100,installed,,good,gas,342,3,184,true,true,120,true,true,,,,,10/18/22
9992015,house,house,179500,forsale,7340,notinstalled,1874,tobedoneup,fueloil,503,3,368,true,true,,,,,,,,10/18/22
10087011,house,house,180000,forsale,5070,semiequipped,,tobedoneup,fueloil,588,2,150,,true,,,,,,2,,10/18/22
10041892,house,house,180000,forsale,7160,,1900,tobedoneup,,415,3,280,,true,175,true,,,,,,10/18/22
10115725,house,house,185000,forsale,7700,installed,,tobedoneup,gas,342,7,182,,,42,true,,,1,,,10/18/22
10110141,house,house,189000,forsale,4000,notinstalled,,tobedoneup,gas,447,6,60,true,true,,true,true,,,,,10/18/22
10110480,house,mixedusebuilding,189000,forsale,4020,usasemiequipped,,good,gas,223,5,130,true,true,,true,,,,,,10/18/22
10019339,house,house,189000,forsale,4040,,,justrenovated,fueloil,,3,0,true,true,,true,true,,,,,10/18/22
10070346,house,house,189000,forsale,8511,,1933,good,gas,836,3,295,,true,,,,,1,,,10/18/22
10071773,house,house,189000,forsale,9300,installed,,good,gas,397,2,72,true,true,23,true,,,,,,10/18/22
10121622,house,house,189500,forsale,4100,installed,,good,gas,276,3,100,,true,25,true,,,,,,10/18/22
10070067,house,house,189500,forsale,4400,installed,,good,fueloil,454,2,480,,true,190,,,,1,1,,10/18/22
10037145,house,house,189500,forsale,7033,usahyperequipped,,good,gas,442,4,483,,true,400,true,,,1,1,,10/18/22
10033092,house,house,189500,forsale,9600,,2012,,,,4,106,,,,,,,,,,10/18/22
10024667,house,townhouse,190000,forsale,1470,,,torenovate,,81314,2,223,,true,142,,,,3,,,10/18/22
10123632,house,apartmentblock,190000,forsale,5150,installed,,,gas,327,3,0,,,,,true,,,10,,10/18/22
10016762,house,townhouse,190000,forsale,5150,installed,1874,torenovate,,611,3,1304,,,1097,true,,,,1,,10/18/22
9926358,house,house,190000,forsale,6700,notinstalled,,torenovate,fueloil,483,4,266,,true,,,,,1,,,10/18/22
10026108,house,house,190000,forsale,8430,,1962,torenovate,gas,439,3,255,,,92,,,,1,2,,10/18/22
10120443,house,house,191000,forsale,4020,notinstalled,,good,gas,419,2,144,true,,60,true,,,,,,10/18/22
9970558,house,house,192000,forsale,9700,,1936,torenovate,gas,441,2,170,,,,true,,,,,,10/18/22
10084226,house,apartmentblock,199000,forsale,6000,,,good,,246,5,75,,,,,,,,,,10/18/22
10099914,house,house,199000,forsale,8000,semiequipped,,tobedoneup,gas,,3,175,,,,true,,,,,,10/18/22
10087409,house,house,199000,forsale,8580,,1967,torenovate,fueloil,751,3,240,true,true,,true,,,1,,,10/18/22
10105436,house,house,199000,forsale,9700,,1930,asnew,,265,3,80,,,,,,,,,,10/18/22
10089777,house,house,199000,forsale,9790,,1967,torenovate,fueloil,751,3,240,true,true,,true,,,1,,,10/18/22
9950903,house,house,199500,forsale,4100,installed,,good,gas,302,4,400,true,true,280,true,,,,,,10/18/22
10059733,house,house,199500,forsale,4430,hyperequipped,,asnew,gas,271,2,53,,true,,,true,,,,,10/18/22
10123971,house,house,199500,forsale,4480,installed,,good,gas,578,3,75,true,true,,true,,,2,,,10/18/22
10102472,house,house,395000,forsale,7000,semiequipped,,good,fueloil,717,5,660,true,true,450,true,true,true,2,,,10/18/22
10102510,house,otherproperty,395000,forsale,7000,semiequipped,,tobedoneup,fueloil,717,5,660,true,true,450,true,true,true,2,,,10/18/22
10158614,house,villa,535000,forsale,3600,installed,1983,good,gas,173,3,1222,,true,,true,,,1,,,10/18/22
10158612,house,house,485000,forsale,1800,usainstalled,1918,good,gas,198,6,230,,true,56,,true,,2,,,10/18/22
10158611,house,house,150000,forsale,7643,,,,fueloil,473,4,385,,,,,,,1,,,10/18/22
10158609,house,villa,285000,forsale,7301,installed,,justrenovated,fueloil,184,4,0,,,,true,,true,1,3,,10/18/22
10158607,house,otherproperty,385000,forsale,7600,,,tobedoneup,,,24,0,,,,,,,,,,10/18/22
10158604,apartment,groundfloor,220000,forsale,1180,,,good,gas,56,1,,,true,,,true,,,,,10/18/22
10122737,house,house,200000,forsale,4100,semiequipped,,good,gas,464,3,80,,true,,true,,,,,,10/18/22
9885959,house,house,200000,forsale,4460,semiequipped,,torenovate,gas,270,3,290,true,,20,,,,,4,,10/18/22
9992735,house,house,207000,forsale,4000,notinstalled,,torenovate,fueloil,483,4,0,,true,,true,,,1,,,10/18/22
10088004,house,house,209500,forsale,4000,installed,,good,gas,637,6,295,,true,88,true,,,,,,10/18/22
10078277,house,house,209500,forsale,4400,usahyperequipped,,justrenovated,gas,499,4,395,true,true,240,true,,,,,,10/18/22
9997946,house,house,212000,forsale,5140,,1950,good,,565,3,286,,true,145,,true,,,1,,10/18/22
10060043,house,apartmentblock,219000,forsale,4100,semiequipped,,good,gas,430,3,80,,true,,,,,,,,10/18/22
10043543,house,house,219000,forsale,4420,installed,,good,gas,531,4,240,true,true,150,true,true,,,,,10/18/22
9971267,house,house,219000,forsale,7020,,2010,asnew,gas,100,3,263,true,,,true,,,1,1,,10/18/22
9979868,house,house,219000,forsale,8480,installed,1933,torenovate,gas,415,3,519,,,,,,,1,,,10/18/22
10110566,house,house,220000,forsale,6224,notinstalled,,good,gas,230,3,0,,true,,,,,,,,10/18/22
10123553,house,house,225000,forsale,4040,hyperequipped,,good,pellet,377,2,213,true,true,80,true,,,,,,10/18/22
9926835,house,house,225000,forsale,4101,notinstalled,,good,gas,375,3,264,,true,84,true,true,,1,,,10/18/22
10086531,house,house,225000,forsale,5500,installed,,justrenovated,gas,240,3,87,,true,,,,,,,,10/18/22
9846251,house,house,225000,forsale,7100,installed,,good,fueloil,325,6,988,true,true,,true,true,,3,,,10/18/22
10128473,house,house,225000,forsale,7190,hyperequipped,1947,good,gas,398,3,105,true,true,,,true,,,,,10/18/22
10092673,house,house,225000,forsale,9230,hyperequipped,,good,gas,534,2,80,true,,,true,,,,,,10/18/22
10123524,house,house,225000,forsale,9420,hyperequipped,1965,good,gas,498,3,150,true,true,,true,,,,,,10/18/22
10051468,house,house,229000,forsale,7700,installed,,tobedoneup,gas,403,3,400,,,75,true,,,1,3,,10/18/22
9973402,house,house,229500,forsale,4100,installed,1975,asnew,gas,234,3,230,,,125,true,true,,1,,,10/18/22
10061231,house,house,230000,forsale,6760,,1963,torenovate,,623,4,557,,true,,,,,1,,,10/18/22
9971532,house,house,230000,forsale,8870,hyperequipped,,asnew,gas,583,3,101,true,true,,true,,,,,,10/18/22
10126264,house,house,234500,forsale,4300,semiequipped,1960,good,fueloil,432,3,280,true,true,158,true,,,1,,,10/18/22
10114913,house,house,235000,forsale,4500,installed,,tobedoneup,gas,714,3,480,,true,249,true,,,1,4,,10/18/22
9744882,house,mixedusebuilding,235000,forsale,7110,installed,,good,fueloil,665,3,454,true,true,,true,,,,2,,10/18/22
10083139,house,house,238000,forsale,4020,,,,gas,300,4,0,,true,100,true,,,1,,,10/18/22
9703990,house,house,238000,forsale,4020,,,,gas,300,4,0,,true,100,true,,,1,,,10/18/22
10109517,house,house,239000,forsale,1770,semiequipped,1959,good,fueloil,727,3,320,true,,150,true,,,1,2,,10/18/22
9923138,house,house,239000,forsale,1790,installed,1938,tobedoneup,gas,864,3,292,true,true,,true,,,,1,,10/18/22
10126265,house,house,239500,forsale,4000,semiequipped,,good,gas,298,4,358,,,238,true,,,,,,10/18/22
10102472,house,house,395000,forsale,7000,semiequipped,,good,fueloil,717,5,660,true,true,450,true,true,true,2,,,10/18/22
10102510,house,otherproperty,395000,forsale,7000,semiequipped,,tobedoneup,fueloil,717,5,660,true,true,450,true,true,true,2,,,10/18/22
10158614,house,villa,535000,forsale,3600,installed,1983,good,gas,173,3,1222,,true,,true,,,1,,,10/18/22
10158612,house,house,485000,forsale,1800,usainstalled,1918,good,gas,198,6,230,,true,56,,true,,2,,,10/18/22
10158611,house,house,150000,forsale,7643,,,,fueloil,473,4,385,,,,,,,1,,,10/18/22
10158609,house,villa,285000,forsale,7301,installed,,justrenovated,fueloil,184,4,0,,,,true,,true,1,3,,10/18/22
10158607,house,otherproperty,385000,forsale,7600,,,tobedoneup,,,24,0,,,,,,,,,,10/18/22
10158604,apartment,groundfloor,220000,forsale,1180,,,good,gas,56,1,,,true,,,true,,,,,10/18/22
10060038,house,house,239500,forsale,4460,installed,,good,fueloil,396,4,1800,true,true,1750,true,true,,,,,10/18/22
10001346,house,house,240000,forsale,4020,hyperequipped,,justrenovated,gas,291,4,190,true,true,,true,true,,1,,,10/18/22
9851170,house,house,244500,forsale,4100,semiequipped,,good,gas,464,3,80,,true,,true,,,,,,10/18/22
10107661,house,house,249000,forsale,4020,installed,,asnew,gas,289,3,392,,true,100,true,,,,,,10/18/22
10049558,house,house,249000,forsale,4101,hyperequipped,1920,asnew,gas,413,3,143,true,,25,true,true,,,,,10/18/22
9974560,house,house,249000,forsale,4280,semiequipped,1967,tobedoneup,fueloil,599,3,1133,true,true,1253,true,,,1,1,,10/18/22
9955419,house,house,249000,forsale,5100,hyperequipped,,good,pellet,745,2,3814,true,true,3716,true,true,,,6,,10/18/22
10084348,house,house,249000,forsale,6900,usainstalled,,good,gas,95,3,814,,,743,true,,,,8,,10/18/22
9861611,house,house,249500,forsale,7012,installed,,good,gas,692,3,640,,true,,true,,,6,1,,10/18/22
10036071,house,house,250000,forsale,4020,semiequipped,,tobedoneup,fueloil,411,4,582,,true,484,true,true,,2,1,,10/18/22
9993182,house,apartmentblock,250000,forsale,4400,installed,,good,gas,589,4,694,true,,410,true,,,2,,,10/18/22
9888845,house,house,250000,forsale,4671,installed,1970,torenovate,fueloil,468,3,712,true,true,377,true,,,1,2,,10/18/22
10098420,house,villa,250000,forsale,5060,semiequipped,,tobedoneup,fueloil,708,2,399,,true,162,,,,3,,,10/18/22
9712982,house,villa,250000,forsale,5140,installed,1970,good,fueloil,331,3,714,,true,,true,true,,3,6,,10/18/22
10105168,house,house,250000,forsale,8510,,1963,good,fueloil,570,5,974,,,,,,true,1,4,,10/18/22
9864678,house,house,259000,forsale,7700,installed,,justrenovated,gas,248,4,216,,,,true,,,1,,,10/18/22
10090115,house,house,259000,forsale,9420,hyperequipped,,asnew,pellet,279,2,349,true,,200,true,,,1,1,,10/18/22
9997453,house,mixedusebuilding,260000,forsale,7100,installed,,good,gas,171,2,275,true,true,,true,,,,,,10/18/22
10007062,house,house,260000,forsale,9400,hyperequipped,,good,gas,271,2,220,,,,,,,,,,10/18/22
9360329,house,house,264000,forsale,4020,,2021,,gas,,3,87,,true,,true,,,,,,10/18/22
10032938,house,house,265000,forsale,4480,semiequipped,,good,fueloil,671,5,722,,true,655,true,,,1,1,,10/18/22
9986766,house,bungalow,265000,forsale,4820,hyperequipped,,good,fueloil,363,4,500,,true,170,true,,,1,2,,10/18/22
10124031,house,house,265000,forsale,6927,installed,1930,tobedoneup,fueloil,307,5,926,true,true,926,,true,,1,4,,10/18/22
9990367,house,townhouse,265000,forsale,7180,installed,,tobedoneup,gas,404,3,390,,,,,,,2,,,10/18/22
9789908,house,house,265000,forsale,9308,hyperequipped,,asnew,gas,211,2,117,true,true,,,,,,,,10/18/22
10072632,house,house,265000,forsale,9870,installed,1965,torenovate,fueloil,902,2,620,,true,,true,,,1,2,,10/18/22
10090887,house,house,269000,forsale,1600,installed,1935,tobedoneup,gas,493,2,222,true,true,,true,,,,,,10/18/22
9921632,house,house,269000,forsale,4040,installed,,good,fueloil,309,4,412,true,true,80,true,true,,1,1,,10/18/22
9878260,house,house,270000,forsale,6700,notinstalled,,torenovate,,380,3,620,,,,,,,,,,10/18/22
10118924,house,house,275000,forsale,2200,,1951,tobedoneup,,1011,4,420,true,true,150,true,,,,,,10/18/22
10102472,house,house,395000,forsale,7000,semiequipped,,good,fueloil,717,5,660,true,true,450,true,true,true,2,,,10/18/22
10102510,house,otherproperty,395000,forsale,7000,semiequipped,,tobedoneup,fueloil,717,5,660,true,true,450,true,true,true,2,,,10/18/22
10158614,house,villa,535000,forsale,3600,installed,1983,good,gas,173,3,1222,,true,,true,,,1,,,10/18/22
10158612,house,house,485000,forsale,1800,usainstalled,1918,good,gas,198,6,230,,true,56,,true,,2,,,10/18/22
10158611,house,house,150000,forsale,7643,,,,fueloil,473,4,385,,,,,,,1,,,10/18/22
10158609,house,villa,285000,forsale,7301,installed,,justrenovated,fueloil,184,4,0,,,,true,,true,1,3,,10/18/22
10158607,house,otherproperty,385000,forsale,7600,,,tobedoneup,,,24,0,,,,,,,,,,10/18/22
10158604,apartment,groundfloor,220000,forsale,1180,,,good,gas,56,1,,,true,,,true,,,,,10/18/22
10047449,house,house,275000,forsale,5170,installed,1820,good,fueloil,298,3,344,,true,265,true,true,,,2,,10/18/22
10117961,house,house,277000,forsale,3380,hyperequipped,1987,good,fueloil,350,2,800,true,true,465,true,true,,2,2,,10/18/22
9888933,house,house,279000,forsale,1790,hyperequipped,,good,gas,614,4,302,true,true,200,true,,,1,1,,10/18/22
9923850,house,house,279000,forsale,2220,installed,1930,torenovate,gas,555,4,772,,,550,,,,1,3,,10/18/22
10119675,house,house,279000,forsale,3520,usainstalled,1970,torenovate,fueloil,693,3,1173,,true,,true,,,1,2,,10/18/22
9984910,house,house,285000,forsale,5651,installed,,,,111,3,101,,,,true,,,4,,,10/18/22
10106729,house,apartmentblock,285000,forsale,7000,semiequipped,,tobedoneup,gas,132,5,1450,,true,,,true,,3,3,,10/18/22
10005282,house,apartmentblock,285000,forsale,7110,installed,,tobedoneup,gas,215,5,150,true,true,,true,,,,,,10/18/22
10069120,house,house,289000,forsale,3440,installed,1959,justrenovated,fueloil,564,2,875,true,true,750,true,true,,1,1,,10/18/22
10051112,house,apartmentblock,289000,forsale,4000,installed,1975,good,gas,380,3,0,,true,300,true,true,,,,,10/18/22
10100376,house,house,289000,forsale,8820,,1958,torenovate,gas,753,3,680,,true,,,,,1,,,10/18/22
10092170,house,bungalow,289000,forsale,8820,,1968,tobedoneup,electric,612,3,568,,,,,,,1,,,10/18/22
9922991,house,villa,290000,forsale,4980,installed,1974,good,fueloil,547,3,1244,,,,,,,2,2,,10/18/22
10050402,house,house,290000,forsale,6760,installed,1920,good,,283,4,622,,true,,,,,1,,,10/18/22
10125617,house,house,294500,forsale,4920,semiequipped,1947,asnew,fueloil,317,3,1975,,true,,true,,,,5,,10/18/22
9853003,house,house,295000,forsale,4550,installed,2022,,gas,,3,640,,,,true,,,1,2,,10/18/22
10075316,house,house,295000,forsale,5060,semiequipped,,good,fueloil,495,3,858,,true,395,true,,,1,2,,10/18/22
10111292,house,villa,295000,forsale,5190,semiequipped,,tobedoneup,fueloil,440,3,995,,true,577,true,,,1,,,10/18/22
10103534,house,house,295000,forsale,9320,hyperequipped,,asnew,gas,158,4,80,true,true,,true,,,,1,,10/18/22
10120604,house,house,298000,forsale,1730,hyperequipped,1920,asnew,gas,290,3,193,,true,110,true,true,,,,,10/18/22
10027604,house,house,299000,forsale,1350,installed,,good,gas,473,5,525,true,true,282,true,,,,2,,10/18/22
10096968,house,house,299000,forsale,1370,installed,,good,fueloil,420,3,149,true,true,76,true,,,1,,,10/18/22
9342472,house,apartmentblock,299000,forsale,6700,installed,,tobedoneup,electric,648,3,0,,true,,,,,,,,10/18/22
9342467,house,mixedusebuilding,299000,forsale,6700,installed,,tobedoneup,electric,648,3,0,,true,,,,,,,,10/18/22
10066211,house,house,299000,forsale,8000,installed,,good,gas,342,2,0,,,,true,,,,,,10/18/22
9826572,house,house,300000,forsale,1470,installed,1899,good,gas,327,4,240,true,true,200,true,,,,,,10/18/22
9936565,house,house,300000,forsale,1640,,,good,,449,2,230,,true,150,true,,,,,,10/18/22
9799987,house,house,300000,forsale,3040,notinstalled,1973,torenovate,fueloil,850,2,1180,,,1180,,,,,3,,10/18/22
10086810,house,mixedusebuilding,300000,forsale,4000,semiequipped,,good,gas,176,2,130,,true,,,true,,,,,10/18/22
9657674,house,house,309000,forsale,1020,notinstalled,,torenovate,gas,518,5,0,true,true,,,,,,,,10/18/22
10102472,house,house,395000,forsale,7000,semiequipped,,good,fueloil,717,5,660,true,true,450,true,true,true,2,,,10/18/22
10102510,house,otherproperty,395000,forsale,7000,semiequipped,,tobedoneup,fueloil,717,5,660,true,true,450,true,true,true,2,,,10/18/22
10158614,house,villa,535000,forsale,3600,installed,1983,good,gas,173,3,1222,,true,,true,,,1,,,10/18/22
10158612,house,house,485000,forsale,1800,usainstalled,1918,good,gas,198,6,230,,true,56,,true,,2,,,10/18/22
10158611,house,house,150000,forsale,7643,,,,fueloil,473,4,385,,,,,,,1,,,10/18/22
10158609,house,villa,285000,forsale,7301,installed,,justrenovated,fueloil,184,4,0,,,,true,,true,1,3,,10/18/22
10158607,house,otherproperty,385000,forsale,7600,,,tobedoneup,,,24,0,,,,,,,,,,10/18/22
10158604,apartment,groundfloor,220000,forsale,1180,,,good,gas,56,1,,,true,,,true,,,,,10/18/22
10117490,house,house,309000,forsale,9070,usasemiequipped,1936,tobedoneup,gas,453,3,181,,true,,true,,,,1,,10/18/22
9991494,house,house,309500,forsale,4684,installed,,asnew,gas,474,2,490,,true,140,true,true,,1,5,,10/18/22
10087700,house,house,310000,forsale,9300,hyperequipped,,asnew,gas,175,3,200,true,true,65,true,,,,1,,10/18/22
10114446,house,house,310000,forsale,9500,installed,,asnew,fueloil,306,3,471,true,true,230,true,,,,2,,10/18/22
10116917,house,house,310000,forsale,9506,installed,,asnew,fueloil,306,3,471,true,true,230,true,,,,2,,10/18/22
10117285,house,house,315000,forsale,6747,installed,1976,good,fueloil,406,2,498,true,true,344,true,true,,1,1,,10/18/22
10094449,house,house,315000,forsale,8660,semiequipped,,tobedoneup,gas,458,3,332,true,true,203,true,,,1,,,10/18/22
10087172,house,bungalow,315000,forsale,8820,,1983,good,fueloil,458,3,802,,,,,,,1,,,10/18/22
10085100,house,house,315000,forsale,8840,semiequipped,,tobedoneup,fueloil,,1,741,true,true,,true,,,,,,10/18/22
10105859,house,house,319000,forsale,9520,semiequipped,1971,tobedoneup,gas,448,4,948,true,true,,true,,,1,2,,10/18/22
10119676,house,house,320000,forsale,3500,installed,1968,good,gas,924,2,318,true,true,206,true,,,,1,,10/18/22
9899176,house,countrycottage,325000,forsale,4860,hyperequipped,,good,fueloil,539,5,880,true,true,725,true,,,1,2,,10/18/22
10074149,house,villa,325000,forsale,6210,usahyperequipped,1984,good,gas,185,3,1021,true,,,true,,true,1,4,,10/18/22
10031495,house,house,325000,forsale,6220,,1930,asnew,gas,313,4,220,true,true,,,true,,,1,,10/18/22
9991455,house,house,325000,forsale,7141,hyperequipped,2015,asnew,fueloil,136,4,303,,,223,true,true,,1,2,,10/18/22
9971269,house,house,329000,forsale,3800,installed,2000,asnew,gas,257,3,406,true,true,98,true,,,1,3,,10/18/22
9884253,house,house,329000,forsale,3806,installed,2000,asnew,gas,257,3,406,true,true,98,true,,,1,3,,10/18/22
10119752,house,house,329000,forsale,8000,hyperequipped,,asnew,gas,145,3,179,true,,120,true,true,,1,2,,10/18/22
10025022,house,house,329000,forsale,9230,semiequipped,1979,torenovate,gas,455,3,944,,true,,true,,,1,2,,10/18/22
10090047,house,house,330000,forsale,1770,installed,1954,tobedoneup,gas,856,3,310,true,true,,true,,,2,2,,10/18/22
10078184,house,house,330000,forsale,7100,installed,,asnew,gas,170,3,450,true,true,,true,true,,1,,,10/18/22
9918731,house,townhouse,335000,forsale,1420,installed,1952,good,gas,333,4,271,true,true,,true,true,,1,1,,10/18/22
9484574,house,house,335000,forsale,1800,semiequipped,,tobedoneup,gas,461,3,0,,true,120,true,true,,1,3,,10/18/22
9869654,house,house,339000,forsale,4550,installed,1850,good,,411,3,855,,true,495,,,,2,,,10/18/22
10075797,house,villa,339000,forsale,9900,installed,1966,torenovate,fueloil,636,5,730,,,,true,,,1,2,,10/18/22
10044353,house,house,340000,forsale,6760,installed,2010,asnew,,133,4,500,,true,350,,,,,,,10/18/22
10033791,house,house,345000,forsale,5060,installed,,good,fueloil,266,3,1550,,,1300,true,,,1,3,,10/18/22
10059493,house,mansion,345000,forsale,6060,,1892,good,gas,421,4,480,true,true,323,true,true,,2,,,10/18/22
10072845,house,house,349000,forsale,2861,installed,1992,,gas,365,2,0,,,,true,,,,2,,10/18/22
9741603,house,house,349000,forsale,3680,installed,1965,good,fueloil,513,3,550,,true,,,,,,10,,10/18/22
10102472,house,house,395000,forsale,7000,semiequipped,,good,fueloil,717,5,660,true,true,450,true,true,true,2,,,10/18/22
10102510,house,otherproperty,395000,forsale,7000,semiequipped,,tobedoneup,fueloil,717,5,660,true,true,450,true,true,true,2,,,10/18/22
10158614,house,villa,535000,forsale,3600,installed,1983,good,gas,173,3,1222,,true,,true,,,1,,,10/18/22
10158612,house,house,485000,forsale,1800,usainstalled,1918,good,gas,198,6,230,,true,56,,true,,2,,,10/18/22
10158611,house,house,150000,forsale,7643,,,,fueloil,473,4,385,,,,,,,1,,,10/18/22
10158609,house,villa,285000,forsale,7301,installed,,justrenovated,fueloil,184,4,0,,,,true,,true,1,3,,10/18/22
10158607,house,otherproperty,385000,forsale,7600,,,tobedoneup,,,24,0,,,,,,,,,,10/18/22
10158604,apartment,groundfloor,220000,forsale,1180,,,good,gas,56,1,,,true,,,true,,,,,10/18/22
10108529,house,house,349000,forsale,3800,hyperequipped,1950,good,fueloil,613,4,773,true,true,600,true,true,,1,1,,10/18/22
10098889,house,house,349000,forsale,9300,installed,1950,justrenovated,gas,180,4,130,,,,,true,,,,,10/18/22
10003755,house,house,350000,forsale,1480,semiequipped,1962,good,gas,262,4,320,,true,250,true,,,1,,,10/18/22
10108898,house,house,350000,forsale,3210,semiequipped,1970,tobedoneup,electric,658,3,244,,,140,true,,,,,,10/18/22
10086078,house,villa,350000,forsale,5590,installed,,asnew,fueloil,270,5,1254,,true,1,true,,true,2,4,,10/18/22
10113077,house,house,350000,forsale,8650,hyperequipped,,asnew,gas,200,3,740,,,640,true,,,1,,,10/18/22
9987302,house,house,355000,forsale,1190,installed,,tobedoneup,gas,584,3,89,true,true,9,,,,,,,10/18/22
9950033,house,house,355000,forsale,9080,installed,,asnew,gas,214,2,204,true,,44,true,,,1,2,,10/18/22
9974332,house,house,365000,forsale,8434,installed,1958,tobedoneup,gas,911,4,200,true,true,20,true,,,1,1,,10/18/22
10064392,house,house,368000,forsale,3640,installed,1978,good,gas,217,5,450,,true,,true,,,1,,,10/18/22
9966312,house,mixedusebuilding,369000,forsale,4600,installed,,good,fueloil,509,4,753,,true,360,true,true,true,,,,10/18/22
9966311,house,house,369000,forsale,4600,installed,,good,fueloil,509,4,753,,true,360,true,true,true,,,,10/18/22
10088218,house,house,369000,forsale,5020,,1971,good,fueloil,194,5,1852,true,,1710,true,,,,4,,10/18/22
10014807,house,house,370000,forsale,9260,installed,1987,good,fueloil,897,3,718,,,350,true,true,,1,2,,10/18/22
9998936,house,apartmentblock,375000,forsale,1070,,1950,tobedoneup,gas,272,4,123,,true,,,,,,,,10/18/22
9961289,house,house,375000,forsale,1332,,,good,gas,802,2,1010,,,,true,,,1,1,,10/18/22
10105304,house,house,375000,forsale,1410,installed,,good,gas,327,3,279,,true,,true,true,,1,,,10/18/22
10088847,house,house,375000,forsale,5020,installed,,justrenovated,gas,405,5,2244,,true,,true,true,,1,15,,10/18/22
9977049,house,villa,375000,forsale,6210,installed,1981,good,fueloil,275,3,1036,true,,,true,true,,1,5,,10/18/22
10110465,house,house,375000,forsale,6600,installed,2021,,gas,,3,1196,,,,,,,,,,10/18/22
10072998,house,mansion,375000,forsale,8400,installed,1905,good,gas,350,4,88,,,,true,,,,,,10/18/22
10076127,house,bungalow,378000,forsale,3300,hyperequipped,1975,tobedoneup,fueloil,547,2,480,true,true,260,true,,,1,1,,10/18/22
9990229,house,house,379000,forsale,1082,installed,,good,gas,321,3,169,,true,90,true,,,1,,,10/18/22
10123525,house,house,379000,forsale,9420,hyperequipped,1997,good,gas,132,4,381,,,,true,,,1,1,,10/18/22
9827677,house,house,380000,forsale,3090,notinstalled,1956,torenovate,gas,633,4,527,,true,527,true,true,,,,,10/18/22
10030240,house,house,385000,forsale,1370,installed,,good,pellet,249,3,910,,true,500,true,,,4,3,,10/18/22
9964305,house,bungalow,385000,forsale,3380,installed,1977,good,fueloil,348,3,23001,true,,22671,true,,,1,2,,10/18/22
10104709,house,house,385000,forsale,3800,installed,1966,tobedoneup,fueloil,769,3,3136,true,true,2900,true,,,1,3,,10/18/22
10029402,house,house,385000,forsale,6760,installed,1930,asnew,,370,4,560,,true,,,,,1,5,,10/18/22
9939523,house,house,385000,forsale,6762,installed,2006,asnew,,193,3,657,,true,,,,,1,1,,10/18/22
10102472,house,house,395000,forsale,7000,semiequipped,,good,fueloil,717,5,660,true,true,450,true,true,true,2,,,10/18/22
10102510,house,otherproperty,395000,forsale,7000,semiequipped,,tobedoneup,fueloil,717,5,660,true,true,450,true,true,true,2,,,10/18/22
10158614,house,villa,535000,forsale,3600,installed,1983,good,gas,173,3,1222,,true,,true,,,1,,,10/18/22
10158612,house,house,485000,forsale,1800,usainstalled,1918,good,gas,198,6,230,,true,56,,true,,2,,,10/18/22
10158611,house,house,150000,forsale,7643,,,,fueloil,473,4,385,,,,,,,1,,,10/18/22
10158609,house,villa,285000,forsale,7301,installed,,justrenovated,fueloil,184,4,0,,,,true,,true,1,3,,10/18/22
10158607,house,otherproperty,385000,forsale,7600,,,tobedoneup,,,24,0,,,,,,,,,,10/18/22
10158604,apartment,groundfloor,220000,forsale,1180,,,good,gas,56,1,,,true,,,true,,,,,10/18/22
10119247,house,house,385000,forsale,9300,installed,2007,asnew,gas,111,3,180,,,,true,,,1,,,10/18/22
10098993,house,house,389000,forsale,3520,usahyperequipped,1950,good,gas,304,2,506,true,true,,true,,,,,,10/18/22
10085903,house,house,389000,forsale,9300,installed,1995,good,gas,148,5,522,,true,,true,true,,,4,,10/18/22
9774985,house,house,390000,forsale,1400,installed,,good,fueloil,499,3,1169,,true,,true,,,1,2,,10/18/22
10091059,house,house,390000,forsale,2600,installed,,good,gas,143,2,205,,true,75,true,,,,,,10/18/22
8874881,house,exceptionalproperty,390000,forsale,3380,hyperequipped,1891,good,gas,284,6,4432,true,true,4200,,true,,2,3,,10/18/22
10127867,house,house,390000,forsale,9890,installed,2013,asnew,gas,110,3,304,,,,true,,,,4,,10/18/22
9950816,house,apartmentblock,395000,forsale,1030,semiequipped,,tobedoneup,fueloil,468,3,172,,true,,,,,,,,10/18/22
9532120,house,house,395000,forsale,1435,installed,1989,good,,310,4,872,,,709,true,,,1,3,,10/18/22
9955760,house,house,395000,forsale,6760,installed,1934,good,,160,4,1500,,,1300,true,,,1,1,,10/18/22
10128490,house,villa,395000,forsale,7322,,1995,good,fueloil,211,3,3000,true,true,2902,true,,,1,3,,10/18/22
9849394,house,mansion,395000,forsale,8500,,1920,good,gas,242,4,89,,true,,true,,,,,,10/18/22
10026239,house,house,395000,forsale,9680,,1960,torenovate,fueloil,1330,4,1720,true,true,,true,true,,1,,,10/18/22
10026238,house,mixedusebuilding,395000,forsale,9680,,1960,torenovate,fueloil,1330,4,1720,true,true,,true,true,,1,,,10/18/22
9950907,house,villa,397000,forsale,7711,installed,1971,good,fueloil,317,5,1290,,true,,,,,2,2,,10/18/22
9984926,house,apartmentblock,399000,forsale,2580,semiequipped,,good,gas,274,3,856,,true,,true,true,,4,1,,10/18/22
9973397,house,mixedusebuilding,399000,forsale,4020,installed,,good,gas,171,2,145,true,true,,,true,,,,,10/18/22
10072497,house,house,399000,forsale,5310,installed,1955,good,pellet,195,3,1430,true,true,1250,true,true,,1,2,,10/18/22
9978475,house,house,399000,forsale,8480,installed,,,gas,179,3,447,,,,,,,,,,10/18/22
9978474,house,mixedusebuilding,399000,forsale,8480,installed,,,gas,179,3,447,,,,,,,,,,10/18/22
10114986,house,house,399000,forsale,9300,installed,1966,good,fueloil,244,3,400,true,,295,true,,,2,2,,10/18/22
10098978,house,house,399000,forsale,9300,usahyperequipped,1937,asnew,gas,293,3,475,true,true,,true,true,,1,4,,10/18/22
10098977,house,mixedusebuilding,399000,forsale,9300,usahyperequipped,1937,asnew,gas,293,3,475,true,true,,true,true,,1,4,,10/18/22
9893585,house,house,399000,forsale,9470,hyperequipped,,good,gas,420,4,257,true,true,150,true,,,1,2,,10/18/22
10128471,house,villa,400000,forsale,7090,installed,1997,asnew,gas,246,2,1357,true,,,true,true,,1,8,,10/18/22
9961341,house,house,400000,forsale,8840,,1992,good,gas,160,4,141,,,34,,,,,,,10/18/22
10112275,house,house,405000,forsale,1090,,,torenovate,,,4,172,,,66,true,,,,,,10/18/22
10129491,house,house,405000,forsale,1400,usainstalled,,asnew,gas,206,4,374,true,true,224,true,true,,,2,,10/18/22
10038952,house,house,405000,forsale,1853,,,asnew,gas,,3,166,,,,true,,,1,,,10/18/22
9997489,house,house,415000,forsale,1600,installed,1961,good,fueloil,514,3,390,true,true,,true,true,,1,1,,10/18/22
10102472,house,house,395000,forsale,7000,semiequipped,,good,fueloil,717,5,660,true,true,450,true,true,true,2,,,10/18/22
10102510,house,otherproperty,395000,forsale,7000,semiequipped,,tobedoneup,fueloil,717,5,660,true,true,450,true,true,true,2,,,10/18/22
10158614,house,villa,535000,forsale,3600,installed,1983,good,gas,173,3,1222,,true,,true,,,1,,,10/18/22
10158612,house,house,485000,forsale,1800,usainstalled,1918,good,gas,198,6,230,,true,56,,true,,2,,,10/18/22
10158611,house,house,150000,forsale,7643,,,,fueloil,473,4,385,,,,,,,1,,,10/18/22
10158609,house,villa,285000,forsale,7301,installed,,justrenovated,fueloil,184,4,0,,,,true,,true,1,3,,10/18/22
10158607,house,otherproperty,385000,forsale,7600,,,tobedoneup,,,24,0,,,,,,,,,,10/18/22
10158604,apartment,groundfloor,220000,forsale,1180,,,good,gas,56,1,,,true,,,true,,,,,10/18/22
9484352,house,mixedusebuilding,419000,forsale,1790,semiequipped,,tobedoneup,,497,0,640,,,,,,,1,1,,10/18/22
9862008,house,exceptionalproperty,419000,forsale,4460,semiequipped,,good,gas,368,3,3890,true,true,4008,true,true,,3,6,,10/18/22
10057958,house,house,419000,forsale,5000,,1920,good,gas,240,6,305,,true,222,true,,,,,,10/18/22
9996381,house,house,424000,forsale,4190,installed,,good,,417,5,3270,true,,2599,true,,,,,,10/18/22
9941760,house,house,430000,forsale,6740,installed,1960,good,,228,6,1772,,true,1600,,,,1,6,,10/18/22
10025210,house,house,435000,forsale,2150,usainstalled,1968,asnew,gas,108,2,461,,,326,true,true,,1,,,10/18/22
10120807,house,house,436000,forsale,8400,,1993,asnew,gas,149,4,228,true,,145,true,,,1,,,10/18/22
10109516,house,house,439000,forsale,9470,hyperequipped,2000,asnew,fueloil,220,3,541,true,,400,true,,,1,3,,10/18/22
10094747,house,house,449000,forsale,1070,hyperequipped,1960,,gas,275,3,137,,,65,,,,1,,,10/18/22
9946237,house,house,449000,forsale,2610,installed,,good,,173,3,228,,,,,,,1,1,,10/18/22
9995060,house,house,449000,forsale,3380,,2004,asnew,gas,247,3,923,true,,,,,,1,2,,10/18/22
10021567,house,house,449000,forsale,3500,hyperequipped,1964,justrenovated,gas,437,3,1000,,true,220,true,true,,,,,10/18/22
9983756,house,house,449000,forsale,7141,hyperequipped,2016,asnew,,75,5,740,,,390,true,true,true,1,2,,10/18/22
10071762,house,house,449000,forsale,9420,hyperequipped,1987,good,fueloil,230,4,1279,true,,800,true,true,,2,2,,10/18/22
10011482,house,house,450000,forsale,1650,,,asnew,gas,400,3,0,,,,,,,,,,10/18/22
9921282,house,exceptionalproperty,450000,forsale,4020,installed,1900,good,gas,368,6,575,,true,,true,true,,,10,,10/18/22
10046292,house,mansion,450000,forsale,6567,usahyperequipped,1899,asnew,gas,365,5,370,,,50,true,true,,,1,,10/18/22
10095703,house,townhouse,464000,forsale,2640,installed,1993,asnew,gas,151,3,237,,,162,,,,,,,10/18/22
10052988,house,house,470000,forsale,2580,installed,,,fueloil,306,3,1140,,true,,true,,,2,3,,10/18/22
10013572,house,house,470000,forsale,2811,installed,1996,,fueloil,241,3,1594,,,1200,true,,,1,3,,10/18/22
10073237,house,house,470000,forsale,5570,hyperequipped,2017,asnew,,57,5,1232,,,,true,,,1,4,,10/18/22
9983891,house,house,475000,forsale,1140,installed,1938,good,gas,320,3,0,,true,,true,,,,,,10/18/22
9732856,house,bungalow,475000,forsale,3090,semiequipped,1969,torenovate,fueloil,456,3,566,,true,566,true,true,,7,3,,10/18/22
9891628,house,house,479000,forsale,3770,installed,1947,good,fueloil,592,5,2458,true,true,2332,true,true,,1,5,,10/18/22
10121148,house,house,480000,forsale,9120,installed,2000,asnew,gas,139,4,560,true,,309,true,,,1,3,,10/18/22
10125091,house,bungalow,490000,forsale,1560,semiequipped,1974,tobedoneup,fueloil,576,2,1608,true,true,1100,true,,,1,2,,10/18/22
10022229,house,house,490000,forsale,3090,usahyperequipped,2008,good,,131,4,160,,,,true,,,,1,,10/18/22
10113824,house,farmhouse,490000,forsale,8610,installed,1975,torenovate,fueloil,667,3,13000,,true,,,,,1,,,10/18/22
10106672,house,mansion,495000,forsale,2800,installed,,good,gas,229,4,203,,true,150,true,,,,,,10/18/22
9970855,house,mixedusebuilding,495000,forsale,5100,installed,,good,fueloil,403,4,504,true,true,100,true,,,3,10,,10/18/22
10102472,house,house,395000,forsale,7000,semiequipped,,good,fueloil,717,5,660,true,true,450,true,true,true,2,,,10/18/22
10102510,house,otherproperty,395000,forsale,7000,semiequipped,,tobedoneup,fueloil,717,5,660,true,true,450,true,true,true,2,,,10/18/22
10158614,house,villa,535000,forsale,3600,installed,1983,good,gas,173,3,1222,,true,,true,,,1,,,10/18/22
10158612,house,house,485000,forsale,1800,usainstalled,1918,good,gas,198,6,230,,true,56,,true,,2,,,10/18/22
10158611,house,house,150000,forsale,7643,,,,fueloil,473,4,385,,,,,,,1,,,10/18/22
10158609,house,villa,285000,forsale,7301,installed,,justrenovated,fueloil,184,4,0,,,,true,,true,1,3,,10/18/22
10158607,house,otherproperty,385000,forsale,7600,,,tobedoneup,,,24,0,,,,,,,,,,10/18/22
10158604,apartment,groundfloor,220000,forsale,1180,,,good,gas,56,1,,,true,,,true,,,,,10/18/22
10094674,house,house,498000,forsale,2440,installed,2002,asnew,gas,269,3,424,true,true,175,,true,,,,,10/18/22
10106739,house,mansion,499000,forsale,2060,hyperequipped,1890,justrenovated,gas,165,3,87,,true,,true,,,,,,10/18/22
10041217,house,farmhouse,499000,forsale,4287,installed,,good,gas,225,3,1835,true,true,1115,true,true,,4,6,,10/18/22
10123136,house,house,499900,forsale,1790,installed,1977,asnew,fueloil,336,3,772,,true,,true,,,1,,,10/18/22
10098128,house,exceptionalproperty,500000,forsale,6940,installed,1960,asnew,fueloil,417,5,5763,true,true,5763,,,,1,3,,10/18/22
10016896,house,house,525000,forsale,1790,hyperequipped,2007,good,gas,147,4,781,,,673,true,true,,1,2,,10/18/22
10036609,house,exceptionalproperty,525000,forsale,7830,semiequipped,1976,good,fueloil,328,4,11190,,true,,true,,,2,5,,10/18/22
9748241,house,villa,535000,forsale,7742,hyperequipped,,,,217,4,2151,,,,true,,,3,,,10/18/22
10092588,house,villa,549000,forsale,1700,installed,1959,torenovate,gas,701,4,667,true,true,,true,true,,1,,,10/18/22
9998010,house,house,549000,forsale,3300,hyperequipped,1987,good,gas,294,5,1154,true,true,700,true,true,,2,5,,10/18/22
9722703,house,apartmentblock,550000,forsale,4800,installed,,good,fueloil,249,7,2505,true,true,,,true,,3,,,10/18/22
10025979,house,house,550000,forsale,6720,usahyperequipped,2010,asnew,,131,2,892,,,,,,,2,,,10/18/22
10046771,house,house,550000,forsale,8000,,1997,asnew,gas,187,4,0,,true,,true,,,,,,10/18/22
10075636,house,house,550000,forsale,8200,,1954,,gas,531,5,1098,,true,,true,true,,,,,10/18/22
9975864,house,house,575000,forsale,5031,installed,1990,good,gas,232,4,3828,,true,,true,true,,2,,,10/18/22
10119694,house,villa,575000,forsale,6500,usahyperequipped,2008,asnew,,155,3,2150,,,2150,true,,,1,3,,10/18/22
10092156,house,house,575000,forsale,9052,,1978,good,electric,933,2,1027,,,,,,,1,2,,10/18/22
9776906,house,house,581000,forsale,1320,usahyperequipped,2022,asnew,gas,,3,1465,true,,,true,,,1,2,,10/18/22
10096727,house,villa,589000,forsale,9450,installed,1965,good,gas,514,4,1868,true,true,,true,true,,2,8,,10/18/22
10128196,house,mixedusebuilding,590000,forsale,4020,hyperequipped,1932,good,gas,339,3,0,,true,,true,true,,1,,,10/18/22
9907309,house,house,595000,forsale,3670,usainstalled,1986,good,fueloil,291,3,10525,,true,,true,true,,1,3,,10/18/22
10034532,house,house,595000,forsale,6900,hyperequipped,,good,fueloil,334,7,1594,true,true,859,true,true,true,1,5,,10/18/22
10052806,house,exceptionalproperty,599000,forsale,5310,semiequipped,1890,tobedoneup,fueloil,304,7,2467,,true,1073,true,true,,1,4,,10/18/22
10050951,house,house,599000,forsale,9280,,,,gas,450,3,1376,,,,,,,,,,10/18/22
10085904,house,villa,619000,forsale,9300,installed,1969,torenovate,fueloil,301,4,1283,true,,,true,,,2,3,,10/18/22
9863953,house,house,625000,forsale,7133,installed,1850,justrenovated,fueloil,422,4,4467,,true,4000,true,,true,1,1,,10/18/22
10089693,house,villa,625000,forsale,8560,installed,1994,asnew,gas,285,3,934,,,,,,,,,,10/18/22
10091179,house,villa,645000,forsale,1652,installed,1988,good,fueloil,335,3,1100,,,,,,,1,4,,10/18/22
10093457,house,villa,645000,forsale,7850,installed,1982,good,fueloil,230,4,2763,true,,2505,true,true,,1,4,,10/18/22
10102472,house,house,395000,forsale,7000,semiequipped,,good,fueloil,717,5,660,true,true,450,true,true,true,2,,,10/18/22
10102510,house,otherproperty,395000,forsale,7000,semiequipped,,tobedoneup,fueloil,717,5,660,true,true,450,true,true,true,2,,,10/18/22
10158614,house,villa,535000,forsale,3600,installed,1983,good,gas,173,3,1222,,true,,true,,,1,,,10/18/22
10158612,house,house,485000,forsale,1800,usainstalled,1918,good,gas,198,6,230,,true,56,,true,,2,,,10/18/22
10158611,house,house,150000,forsale,7643,,,,fueloil,473,4,385,,,,,,,1,,,10/18/22
10158609,house,villa,285000,forsale,7301,installed,,justrenovated,fueloil,184,4,0,,,,true,,true,1,3,,10/18/22
10158607,house,otherproperty,385000,forsale,7600,,,tobedoneup,,,24,0,,,,,,,,,,10/18/22
10158604,apartment,groundfloor,220000,forsale,1180,,,good,gas,56,1,,,true,,,true,,,,,10/18/22
10099562,house,villa,645000,forsale,9070,hyperequipped,1989,asnew,gas,269,3,764,true,,450,true,true,,1,4,,10/18/22
9973697,house,house,649000,forsale,9880,installed,2002,good,gas,194,4,900,,,1,true,,,,,,10/18/22
10021752,house,villa,665000,forsale,1653,installed,1973,tobedoneup,fueloil,547,4,1580,true,true,,true,true,,2,8,,10/18/22
9938543,house,mixedusebuilding,675000,forsale,4750,installed,1974,good,fueloil,446,9,2604,,,,,,,3,,,10/18/22
10114674,house,house,689000,forsale,3090,installed,1969,tobedoneup,gas,274,5,802,,true,802,true,true,,2,3,,10/18/22
10063339,house,villa,691000,forsale,3294,hyperequipped,1995,asnew,fueloil,205,3,1526,,,1,true,,,,,,10/18/22
10081130,house,villa,710000,forsale,1390,usahyperequipped,2007,asnew,,153,3,2000,,,,true,,,,,,10/18/22
10016887,house,house,725000,forsale,1060,semiequipped,1876,tobedoneup,gas,247,6,0,true,true,50,true,true,,,,,10/18/22
9979776,house,house,725000,forsale,3300,installed,,good,electric,,7,370,,,,true,,,,,,10/18/22
9732885,house,house,735000,forsale,2100,installed,,good,gas,319,6,195,,true,,true,,,22,,,10/18/22
10032215,house,mixedusebuilding,745000,forsale,6690,hyperequipped,1864,justrenovated,,110,8,7040,,,,,,,4,,,10/18/22
9786554,house,house,750000,forsale,8650,installed,,good,gas,94,1,157,,,,true,,,,,,10/18/22
10103932,house,house,815000,forsale,3010,installed,,asnew,gas,157,3,297,,true,172,true,,,,,,10/18/22
10069960,house,exceptionalproperty,825000,forsale,9340,hyperequipped,1997,good,fueloil,195,6,2275,true,,2000,true,true,true,2,5,,10/18/22
9584020,house,villa,850000,forsale,3090,installed,1955,justrenovated,gas,462,4,0,,true,3428,true,true,,3,4,,10/18/22
10115868,house,villa,895000,forsale,1880,installed,2002,good,,256,3,1212,,,520,true,,true,2,3,,10/18/22
10060921,house,house,915000,forsale,8870,usahyperequipped,,asnew,electric,300,5,1800,true,true,1340,true,true,true,2,6,,10/18/22
10112708,house,exceptionalproperty,945000,forsale,9420,usahyperequipped,1968,tobedoneup,fueloil,376,4,7384,true,true,4548,true,true,,1,10,,10/18/22
10123810,house,house,990000,forsale,4052,installed,1965,good,fueloil,281,5,3376,true,true,3100,true,true,,100,7,,10/18/22
10112240,house,house,1050000,forsale,2800,hyperequipped,1936,asnew,,188,5,486,,,,true,true,,,,,10/18/22
10110596,house,house,1095000,forsale,1180,installed,1961,good,electric,586,3,648,,true,,true,true,,1,,,10/18/22
10000017,house,villa,1095000,forsale,1640,installed,1972,tobedoneup,fueloil,445,4,1810,,true,,,,,1,,,10/18/22
9805591,house,house,1100000,forsale,2360,,1977,good,gas,284,4,3495,true,true,,true,true,,3,6,,10/18/22
10106283,house,exceptionalproperty,1190000,forsale,1330,usahyperequipped,2021,asnew,,832,4,1314,true,,1000,true,true,,1,2,,10/18/22
10003546,house,house,1225000,forsale,3000,usahyperequipped,1918,asnew,fueloil,251,9,214,,true,80,true,,,,,,10/18/22
9936504,house,house,1275000,forsale,1050,notinstalled,1900,torenovate,gas,378,6,370,,,280,,,,,,,10/18/22
9936822,house,mansion,1300000,forsale,1050,semiequipped,1910,torenovate,,392,4,0,,true,61,true,true,,,,,10/18/22
10124851,house,house,1350000,forsale,3500,installed,,good,gas,,8,984,true,true,,,,,1,,,10/18/22
9277766,house,apartmentblock,1350000,forsale,8000,installed,,tobedoneup,,422,0,306,,,,,,,,,,10/18/22
10102472,house,house,395000,forsale,7000,semiequipped,,good,fueloil,717,5,660,true,true,450,true,true,true,2,,,10/18/22
10102510,house,otherproperty,395000,forsale,7000,semiequipped,,tobedoneup,fueloil,717,5,660,true,true,450,true,true,true,2,,,10/18/22
10158614,house,villa,535000,forsale,3600,installed,1983,good,gas,173,3,1222,,true,,true,,,1,,,10/18/22
10158612,house,house,485000,forsale,1800,usainstalled,1918,good,gas,198,6,230,,true,56,,true,,2,,,10/18/22
10158611,house,house,150000,forsale,7643,,,,fueloil,473,4,385,,,,,,,1,,,10/18/22
10158609,house,villa,285000,forsale,7301,installed,,justrenovated,fueloil,184,4,0,,,,true,,true,1,3,,10/18/22
10158607,house,otherproperty,385000,forsale,7600,,,tobedoneup,,,24,0,,,,,,,,,,10/18/22
10158604,apartment,groundfloor,220000,forsale,1180,,,good,gas,56,1,,,true,,,true,,,,,10/18/22
9277766,house,apartmentblock,1350000,forsale,8000,installed,,tobedoneup,,422,0,306,,,,,,,,,,10/18/22
9907761,house,house,1400000,forsale,2300,hyperequipped,,asnew,gas,247,5,1700,true,true,,true,true,,1,2,,10/18/22
10088645,house,mixedusebuilding,1450000,forsale,2840,usahyperequipped,,good,,502,3,680,,true,117,true,,,,,,10/18/22
10046020,house,villa,1500000,forsale,1640,hyperequipped,1990,asnew,electric,527,4,2827,,true,,true,true,,2,2,,10/18/22
9577069,house,house,1500000,forsale,6940,installed,2014,good,pellet,107,4,10133,,,,,,,1,15,,10/18/22
10009887,house,house,1790000,forsale,1050,usahyperequipped,1925,asnew,,313,4,268,,true,,true,true,,1,1,,10/18/22
9937570,house,mansion,1950000,forsale,1180,hyperequipped,1950,good,gas,247,5,295,true,true,,true,true,,1,,,10/18/22
9891750,house,mansion,1970000,forsale,2018,usainstalled,,tobedoneup,gas,382,5,294,,true,95,true,true,,5,5,,10/18/22
9572777,house,mansion,2150000,forsale,1050,,1908,asnew,gas,144,5,143,,true,,,true,,1,2,,10/18/22
9907839,house,mansion,2300000,forsale,1050,installed,1903,asnew,gas,502,6,270,true,true,,true,true,,1,,,10/18/22
9094756,house,exceptionalproperty,2300000,forsale,2000,hyperequipped,1866,asnew,gas,194,3,200,true,,,,true,,3,,,10/18/22
10109160,house,house,2300000,forsale,8300,hyperequipped,2001,asnew,gas,176,4,300,,true,,true,true,,4,1,,10/18/22
9987083,house,exceptionalproperty,2350000,forsale,1050,usahyperequipped,1928,asnew,gas,268,5,170,,true,,true,true,,1,1,,10/18/22
9905595,house,house,2390000,forsale,1640,hyperequipped,1961,asnew,gas,499,5,2490,true,true,2290,true,true,true,2,,,10/18/22
9432203,house,exceptionalproperty,2450000,forsale,1380,hyperequipped,2004,asnew,fueloil,236,8,3000,true,true,,true,true,true,2,,,10/18/22
9421433,house,villa,2450000,forsale,1380,hyperequipped,2004,asnew,,236,8,3000,true,true,2000,true,true,,2,,,10/18/22
9984630,house,house,2480000,forsale,1180,,1972,good,gas,,4,1425,,true,,,true,,1,,,10/18/22
10118029,house,apartmentblock,2498000,forsale,1000,,1900,asnew,gas,,7,314,,true,,,,,,,,10/18/22
10026828,house,house,2650000,forsale,2930,hyperequipped,1996,good,gas,158,6,13606,true,true,13606,true,true,,3,3,,10/18/22
10120482,house,villa,2850000,forsale,8300,usahyperequipped,1974,justrenovated,,118,4,795,true,true,795,true,true,,1,6,,10/18/22
9918782,house,villa,3450000,forsale,9250,usahyperequipped,1996,good,gas,193,4,10400,true,true,,true,true,true,2,2,,10/18/22
10056556,house,mansion,3490000,forsale,1050,installed,1914,good,gas,298,5,390,true,true,,true,true,,2,1,,10/18/22
9973466,house,house,4200000,forsale,1180,usahyperequipped,2006,asnew,gas,190,6,2600,,true,2000,true,true,true,3,4,,10/18/22
10063138,house,villa,4250000,forsale,1180,usahyperequipped,1920,asnew,gas,,6,2000,,,,true,true,,2,4,,10/18/22
9947478,house,house,4950000,forsale,1190,,1968,,gas,260,7,4895,,true,,true,true,true,3,5,,10/18/22
10158116,house,house,219500,forsale,4000,,,torenovate,,450,5,80,true,true,20,,,,,,,10/18/22
10157996,house,house,275000,forsale,1785,usainstalled,,good,fueloil,499,3,362,true,,,true,,,1,2,,10/18/22
10158022,house,house,349000,forsale,3670,,1970,torenovate,gas,448,4,1436,,true,,,true,,2,,,10/18/22
10157274,house,house,399000,forsale,9090,,1976,good,gas,160,3,427,,,,true,true,,2,2,,10/18/22
10158304,house,villa,649000,forsale,2160,installed,1964,asnew,fueloil,487,4,0,true,true,853,true,true,,,,,10/18/22
10102472,house,house,395000,forsale,7000,semiequipped,,good,fueloil,717,5,660,true,true,450,true,true,true,2,,,10/18/22
10102510,house,otherproperty,395000,forsale,7000,semiequipped,,tobedoneup,fueloil,717,5,660,true,true,450,true,true,true,2,,,10/18/22
10158614,house,villa,535000,forsale,3600,installed,1983,good,gas,173,3,1222,,true,,true,,,1,,,10/18/22
10158612,house,house,485000,forsale,1800,usainstalled,1918,good,gas,198,6,230,,true,56,,true,,2,,,10/18/22
10158611,house,house,150000,forsale,7643,,,,fueloil,473,4,385,,,,,,,1,,,10/18/22
10158609,house,villa,285000,forsale,7301,installed,,justrenovated,fueloil,184,4,0,,,,true,,true,1,3,,10/18/22
10158607,house,otherproperty,385000,forsale,7600,,,tobedoneup,,,24,0,,,,,,,,,,10/18/22
10158604,apartment,groundfloor,220000,forsale,1180,,,good,gas,56,1,,,true,,,true,,,,,10/18/22
10158376,house,house,725000,forsale,9700,semiequipped,1970,torenovate,fueloil,1031,4,2246,,true,,,,,1,4,,10/18/22
10158374,house,house,725000,forsale,9790,semiequipped,1970,torenovate,fueloil,1031,4,2246,,true,,,,,1,4,,10/18/22
10157626,house,villa,830000,forsale,1300,usahyperequipped,2006,asnew,gas,151,5,1289,true,,1139,true,true,,2,2,,10/18/22
10158265,house,house,950000,forsale,1650,,1872,torenovate,,356,5,1220,,true,610,,,,1,5,,10/18/22
10157272,house,villa,1085000,forsale,9140,installed,1996,asnew,gas,194,4,6632,,,,,,,2,,,10/18/22
10133219,house,house,398000,forsale,2850,,1964,good,gas,796,3,610,true,true,,true,,,1,2,,10/18/22
10135291,house,house,69000,forsale,7700,notinstalled,,torenovate,gas,423,2,0,,,42,,,,,,,10/18/22
10135621,house,house,209000,forsale,9700,,,asnew,gas,167,2,160,,,,true,,,,,,10/18/22
10134384,house,house,235000,forsale,3590,,1966,torenovate,fueloil,583,3,1302,,,,,,,1,2,,10/18/22
10053808,house,house,250000,forsale,9700,,,justrenovated,gas,170,3,96,,true,,true,,,,,,10/18/22
10134841,house,house,370000,forsale,3581,,1984,good,,224,5,886,,true,700,true,true,,,,,10/18/22
10135325,house,house,383000,forsale,9400,hyperequipped,,justrenovated,gas,234,3,300,,true,200,true,,,,2,,10/18/22
10134900,house,villa,675000,forsale,3570,installed,1994,good,fueloil,229,4,984,,true,,,,,2,2,,10/18/22
10134594,house,apartmentblock,780000,forsale,1190,notinstalled,,good,gas,500,8,106,,,,,,,,,,10/18/22
10138476,house,house,125000,forsale,9500,notinstalled,,torenovate,gas,726,2,90,true,,24,,,,,,,10/18/22
10140251,house,house,249000,forsale,9320,installed,,justrenovated,electric,220,2,259,,,,true,,,,,,10/18/22
9792224,house,house,280000,forsale,4470,installed,2022,,,,3,0,,,,true,,,,1,1,10/18/22
10139266,house,house,285000,forsale,1420,,1874,torenovate,fueloil,465,2,329,,true,329,,true,,,,,10/18/22
10138728,house,house,299000,forsale,3380,installed,1984,good,,244,3,983,true,,700,true,,,,4,,10/18/22
9945029,house,house,337500,forsale,2440,usainstalled,2022,,gas,,3,0,,true,81,true,,,,,1,10/18/22
10138438,house,house,425000,forsale,8780,installed,1992,asnew,fueloil,206,4,600,,,,,,,1,,,10/18/22
10123588,house,house,450000,forsale,1340,installed,2021,,gas,94,3,0,,,,true,,,1,,1,10/18/22
10139840,house,farmhouse,475000,forsale,3320,installed,1875,tobedoneup,fueloil,637,5,1333,true,true,950,true,true,,1,3,,10/18/22
9776905,house,house,560000,forsale,1320,usahyperequipped,2022,asnew,gas,,3,1288,true,,,true,,,1,2,1,10/18/22
10138432,house,apartmentblock,589000,forsale,9260,installed,1973,justrenovated,gas,146,5,699,,true,,true,true,,3,,,10/18/22
10139213,house,house,595000,forsale,9080,,1980,torenovate,,385,3,1758,,,1150,true,,true,1,2,,10/18/22
9542906,house,house,697000,forsale,1301,usahyperequipped,2022,asnew,gas,,4,525,,true,525,true,,,2,2,1,10/18/22
9926388,house,exceptionalproperty,735000,forsale,3850,installed,2022,asnew,electric,10,3,1989,true,,1700,true,,,3,1,1,10/18/22
10143917,house,house,125000,forsale,5580,installed,,,gas,137,3,97,,,,true,,,,,,10/18/22
10144346,house,bungalow,150000,forsale,1471,,1971,good,,1130,2,100,,,,true,,,,,,10/18/22
10102472,house,house,395000,forsale,7000,semiequipped,,good,fueloil,717,5,660,true,true,450,true,true,true,2,,,10/18/22
10102510,house,otherproperty,395000,forsale,7000,semiequipped,,tobedoneup,fueloil,717,5,660,true,true,450,true,true,true,2,,,10/18/22
10158614,house,villa,535000,forsale,3600,installed,1983,good,gas,173,3,1222,,true,,true,,,1,,,10/18/22
10158612,house,house,485000,forsale,1800,usainstalled,1918,good,gas,198,6,230,,true,56,,true,,2,,,10/18/22
10158611,house,house,150000,forsale,7643,,,,fueloil,473,4,385,,,,,,,1,,,10/18/22
10158609,house,villa,285000,forsale,7301,installed,,justrenovated,fueloil,184,4,0,,,,true,,true,1,3,,10/18/22
10158607,house,otherproperty,385000,forsale,7600,,,tobedoneup,,,24,0,,,,,,,,,,10/18/22
10158604,apartment,groundfloor,220000,forsale,1180,,,good,gas,56,1,,,true,,,true,,,,,10/18/22
10143514,house,house,229500,forsale,8000,installed,,good,gas,483,3,66,true,,,true,,,,,,10/18/22
10143921,house,house,239000,forsale,6900,installed,2018,,gas,114,4,0,,,,true,,,,1,,10/18/22
10143922,house,house,249000,forsale,6900,installed,2012,,gas,121,4,0,,,,true,,,,1,,10/18/22
10144111,house,house,285000,forsale,5540,usasemiequipped,1850,tobedoneup,fueloil,,3,180,true,true,100,true,,,,,,10/18/22
10143150,house,house,399000,forsale,9450,installed,1954,,fueloil,390,4,750,true,true,650,true,,,1,3,,10/18/22
10143046,house,house,439000,forsale,9320,hyperequipped,1965,good,gas,213,4,740,true,true,,true,,,,,,10/18/22
10144843,house,house,480000,forsale,1600,hyperequipped,1999,asnew,gas,224,4,370,true,,150,true,,,,5,,10/18/22
10144807,house,house,549000,forsale,8710,,2021,,gas,61,3,442,true,,,true,,,1,,,10/18/22
10143613,house,house,695000,forsale,1933,installed,,asnew,gas,252,5,500,,,100,true,,,1,3,,10/18/22
10143146,house,villa,735000,forsale,9470,installed,1995,good,fueloil,192,5,1870,,,,true,true,true,1,,,10/18/22
10143148,house,mixedusebuilding,775000,forsale,9400,hyperequipped,1967,good,fueloil,419,4,1642,true,,,true,true,,,,,10/18/22
10146549,house,house,199500,forsale,8870,semiequipped,1965,torenovate,gas,869,3,305,,true,,,,,1,,,10/18/22
10151095,house,house,285000,forsale,8470,notinstalled,1975,good,,118,2,333,,,261,,,,,,,10/18/22
10149069,house,house,299000,forsale,8000,semiequipped,,asnew,electric,585,3,130,,,35,true,,,,,,10/18/22
9990292,house,house,335000,forsale,3380,installed,1961,,,288,3,865,,true,390,true,,,1,2,,10/18/22
10150953,house,house,395000,forsale,7850,semiequipped,,good,fueloil,,3,3080,,true,3080,true,,,1,2,,10/18/22
10150412,house,townhouse,399000,forsale,2630,installed,1991,,,281,4,210,,,100,,,,1,2,,10/18/22
10150564,house,house,418000,forsale,9160,installed,1960,tobedoneup,,537,3,933,,true,500,,,,,,,10/18/22
10149548,house,house,699000,forsale,1050,,,tobedoneup,gas,,9,190,,true,79,true,true,,,,,10/18/22
10155775,house,house,129000,forsale,4540,,,,gas,557,1,0,,,,true,,,1,1,,10/18/22
10155514,house,house,195000,forsale,9300,,1930,tobedoneup,fueloil,852,3,268,true,true,130,true,,,,,,10/18/22
10155475,house,house,195000,forsale,9308,,1930,tobedoneup,fueloil,852,3,268,true,true,130,true,,,,,,10/18/22
10155576,house,house,210000,forsale,1457,installed,,good,fueloil,,8,733,,true,,true,,,1,4,,10/18/22
10155510,house,mixedusebuilding,235000,forsale,4020,semiequipped,,good,fueloil,181,2,53,true,true,,,,,,,,10/18/22
10155509,house,house,235000,forsale,4020,semiequipped,,good,fueloil,181,2,53,true,true,,,,,,,,10/18/22
10156982,house,house,255000,forsale,9700,,,torenovate,,478,3,1150,true,true,,,true,,1,,,10/18/22
10155962,house,house,312500,forsale,9041,usasemiequipped,,good,fueloil,,3,440,,,,true,,,,,,10/18/22
10155274,house,house,325000,forsale,4432,installed,1960,good,fueloil,323,4,989,true,true,,true,true,,1,,,10/18/22
10155801,house,house,360000,forsale,4000,,1991,tobedoneup,fueloil,298,3,754,true,,589,true,,,1,3,,10/18/22
10154676,house,mixedusebuilding,375000,forsale,9260,semiequipped,1951,,gas,442,5,680,true,true,,true,,,2,3,,10/18/22
10102472,house,house,395000,forsale,7000,semiequipped,,good,fueloil,717,5,660,true,true,450,true,true,true,2,,,10/18/22
10102510,house,otherproperty,395000,forsale,7000,semiequipped,,tobedoneup,fueloil,717,5,660,true,true,450,true,true,true,2,,,10/18/22
10158614,house,villa,535000,forsale,3600,installed,1983,good,gas,173,3,1222,,true,,true,,,1,,,10/18/22
10158612,house,house,485000,forsale,1800,usainstalled,1918,good,gas,198,6,230,,true,56,,true,,2,,,10/18/22
10158611,house,house,150000,forsale,7643,,,,fueloil,473,4,385,,,,,,,1,,,10/18/22
10158609,house,villa,285000,forsale,7301,installed,,justrenovated,fueloil,184,4,0,,,,true,,true,1,3,,10/18/22
10158607,house,otherproperty,385000,forsale,7600,,,tobedoneup,,,24,0,,,,,,,,,,10/18/22
10158604,apartment,groundfloor,220000,forsale,1180,,,good,gas,56,1,,,true,,,true,,,,,10/18/22
10154675,house,house,375000,forsale,9260,usasemiequipped,1951,,gas,442,5,680,true,true,,true,,,2,3,,10/18/22
10155957,house,apartmentblock,645000,forsale,9040,usasemiequipped,1978,tobedoneup,gas,,3,0,,,,,,,,,,10/18/22
10155937,house,apartmentblock,950000,forsale,1000,,,tobedoneup,,214,6,0,,true,,,,,,,,10/18/22
10155176,house,exceptionalproperty,3500000,forsale,1950,hyperequipped,1911,good,fueloil,454,5,3442,,true,,true,true,true,,4,,10/18/22
10131011,house,house,320000,forsale,3454,installed,1994,good,,328,3,1000,,true,275,true,,,1,8,,10/18/22
10131027,house,house,398000,forsale,9880,installed,1850,good,,336,2,930,,,660,,,,,4,,10/18/22
10000915,house,villa,800000,forsale,3300,hyperequipped,2008,,gas,187,3,3301,,true,,,,true,,,,10/18/22
10131349,house,villa,940000,forsale,1410,hyperequipped,1980,asnew,gas,,5,1200,true,true,1200,true,true,true,1,4,,10/18/22
10049772,house,villa,295000,forsale,6032,installed,2004,asnew,fueloil,207,3,653,true,,,true,,,1,,,10/18/22
10133814,house,house,325000,forsale,2580,installed,1952,torenovate,gas,830,3,2221,,true,1800,,,,2,4,,10/18/22
10133632,house,house,345000,forsale,9130,installed,1969,,gas,333,3,261,,,,true,,,1,2,,10/18/22
10133652,house,house,370000,forsale,3000,installed,,good,gas,295,2,70,,,,true,,,,,,10/18/22
10133683,house,villa,375000,forsale,6980,installed,2016,,gas,123,3,1023,,,1023,true,,,1,3,,10/18/22
10094019,house,villa,450000,forsale,1430,usahyperequipped,2003,asnew,fueloil,230,3,851,,,650,true,true,true,2,5,,10/18/22
10133406,house,house,475000,forsale,9000,,1932,,gas,284,2,90,,,,,,,,,,10/18/22
10133897,house,exceptionalproperty,490000,forsale,5100,installed,,good,fueloil,287,4,1409,true,true,1000,true,true,,,,,10/18/22
10149630,house,house,430000,forsale,9040,installed,2023,asnew,,,3,0,,,,true,true,,1,1,1,10/18/22
10149626,house,house,430000,forsale,9040,installed,2023,asnew,,,3,0,,,,true,true,,1,1,1,10/18/22
10137742,house,villa,185000,forsale,5060,semiequipped,,tobedoneup,fueloil,416,3,758,,true,650,,,,1,1,,10/18/22
10137828,house,house,225000,forsale,8650,installed,1955,good,,424,2,537,,true,382,,,,2,,,10/18/22
10136314,house,house,479000,forsale,9050,usainstalled,,asnew,gas,167,2,165,true,,117,true,true,,,1,,10/18/22
10127731,house,villa,625000,forsale,9170,installed,2007,asnew,gas,172,3,1100,,,,,true,,2,,,10/18/22
10136507,house,house,830000,forsale,8930,hyperequipped,1941,asnew,gas,157,6,804,,true,633,true,true,,,,,10/18/22
10135925,house,villa,845000,forsale,3390,installed,1987,asnew,fueloil,277,4,7080,,,,true,true,,,,,10/18/22
10142271,house,house,210000,forsale,5060,installed,,justrenovated,gas,,3,741,,true,575,true,,,,,,10/18/22
10141274,house,bungalow,270000,forsale,4120,,1982,torenovate,fueloil,941,3,929,true,,,true,,,,,,10/18/22
10140707,house,mixedusebuilding,295000,forsale,9470,installed,1952,good,gas,265,3,185,true,true,,true,,,,,,10/18/22
10140719,house,house,335000,forsale,9472,usainstalled,1986,tobedoneup,gas,615,5,287,true,true,,true,true,,1,,,10/18/22
10140709,house,mixedusebuilding,335000,forsale,9472,usainstalled,1986,tobedoneup,gas,615,5,287,true,true,,true,true,,1,,,10/18/22
10140715,house,bungalow,365000,forsale,9450,semiequipped,1967,torenovate,electric,638,3,1112,true,,,true,,,2,4,,10/18/22
10102472,house,house,395000,forsale,7000,semiequipped,,good,fueloil,717,5,660,true,true,450,true,true,true,2,,,10/18/22
10102510,house,otherproperty,395000,forsale,7000,semiequipped,,tobedoneup,fueloil,717,5,660,true,true,450,true,true,true,2,,,10/18/22
10158614,house,villa,535000,forsale,3600,installed,1983,good,gas,173,3,1222,,true,,true,,,1,,,10/18/22
10158612,house,house,485000,forsale,1800,usainstalled,1918,good,gas,198,6,230,,true,56,,true,,2,,,10/18/22
10158611,house,house,150000,forsale,7643,,,,fueloil,473,4,385,,,,,,,1,,,10/18/22
10158609,house,villa,285000,forsale,7301,installed,,justrenovated,fueloil,184,4,0,,,,true,,true,1,3,,10/18/22
10158607,house,otherproperty,385000,forsale,7600,,,tobedoneup,,,24,0,,,,,,,,,,10/18/22
10158604,apartment,groundfloor,220000,forsale,1180,,,good,gas,56,1,,,true,,,true,,,,,10/18/22
10075198,house,house,370000,forsale,3200,,1959,good,gas,356,3,1400,,true,,,,,,,,10/18/22
10142453,house,house,595000,forsale,9032,usahyperequipped,2012,asnew,gas,97,4,460,,,300,true,,,,,,10/18/22
10140844,house,apartmentblock,1250000,forsale,1030,,1913,asnew,fueloil,192,7,200,,,,true,,,,,,10/18/22
10145252,house,house,284000,forsale,6600,installed,,torenovate,gas,147,2,1250,,,1114,true,,,3,15,,10/18/22
10145299,house,house,289000,forsale,9160,hyperequipped,,asnew,gas,166,2,90,true,,,true,,,,,,10/18/22
10145604,house,house,375000,forsale,9500,,1950,asnew,,235,3,270,,,165,,,,,,,10/18/22
10145801,house,house,429000,forsale,5100,installed,1957,asnew,fueloil,191,3,875,,true,,true,true,,,6,,10/18/22
10136870,house,house,237000,forsale,4287,,2020,asnew,electric,,3,751,,,,true,,,,2,1,10/18/22
9986373,house,house,295000,forsale,3300,,,tobedoneup,gas,453,3,748,true,true,540,,,,2,4,,10/18/22
10147364,house,house,489000,forsale,8000,semiequipped,,justrenovated,gas,,3,62,,,,true,,,,,,10/18/22
10148152,house,exceptionalproperty,825000,forsale,8200,,1937,tobedoneup,fueloil,730,3,1544,true,true,1400,true,true,,1,4,,10/18/22
10151642,house,house,130000,forsale,4680,notinstalled,,torenovate,,,2,378,true,true,240,true,,,,,,10/18/22
10154289,house,house,174000,forsale,9700,,,,gas,310,4,140,,,,true,,,,,,10/18/22
10153341,house,house,248000,forsale,5620,installed,1972,,fueloil,439,4,1145,,true,640,true,,,1,1,,10/18/22
10152086,house,house,255000,forsale,3910,,1965,torenovate,fueloil,266,4,737,,,,true,,,2,4,,10/18/22
10154283,house,house,279000,forsale,9630,,,,gas,482,3,555,true,true,,true,,,1,,,10/18/22
10153346,house,house,298000,forsale,5660,hyperequipped,1973,,fueloil,335,5,3025,,true,2200,true,,,1,,,10/18/22
10151684,house,house,319000,forsale,9420,installed,,justrenovated,,690,4,335,true,true,220,true,true,,3,,,10/18/22
10151979,house,house,349000,forsale,1700,semiequipped,1960,tobedoneup,gas,421,3,455,true,true,,true,,,1,,,10/18/22
10153820,house,villa,350000,forsale,1410,installed,1962,good,gas,328,3,0,,true,,true,,,1,2,,10/18/22
10154164,house,house,370000,forsale,9820,,,tobedoneup,electric,329,4,379,,,250,true,,,,1,,10/18/22
10153084,house,house,375000,forsale,2300,installed,,asnew,gas,130,3,326,,true,150,true,,,,,,10/18/22
10154286,house,house,410000,forsale,9290,,1987,,gas,215,5,499,,,,true,,,1,,,10/18/22
10152066,house,house,449900,forsale,3140,installed,1972,torenovate,gas,552,3,1105,true,,,true,true,,1,3,,10/18/22
10151984,house,house,498000,forsale,2800,usainstalled,,good,gas,619,3,457,,,,true,,,1,2,,10/18/22
10153485,house,house,525000,forsale,1081,,1900,good,gas,570,4,131,,true,68,,,,,,,10/18/22
10152052,house,farmhouse,775000,forsale,7910,hyperequipped,,good,,520,5,8120,,true,,true,true,,2,20,,10/18/22
10154285,house,house,795000,forsale,9690,,,asnew,fueloil,407,2,983,true,true,,,true,,1,,,10/18/22
10108414,house,house,80000,forsale,1180,hyperequipped,,asnew,gas,192,3,266,,true,,true,true,,1,,,10/18/22
10064269,house,apartmentblock,95000,forsale,7600,,1900,,,321,2,87,,,,true,,,,2,,10/18/22
10102472,house,house,395000,forsale,7000,semiequipped,,good,fueloil,717,5,660,true,true,450,true,true,true,2,,,10/18/22
10102510,house,otherproperty,395000,forsale,7000,semiequipped,,tobedoneup,fueloil,717,5,660,true,true,450,true,true,true,2,,,10/18/22
10158614,house,villa,535000,forsale,3600,installed,1983,good,gas,173,3,1222,,true,,true,,,1,,,10/18/22
10158612,house,house,485000,forsale,1800,usainstalled,1918,good,gas,198,6,230,,true,56,,true,,2,,,10/18/22
10158611,house,house,150000,forsale,7643,,,,fueloil,473,4,385,,,,,,,1,,,10/18/22
10158609,house,villa,285000,forsale,7301,installed,,justrenovated,fueloil,184,4,0,,,,true,,true,1,3,,10/18/22
10158607,house,otherproperty,385000,forsale,7600,,,tobedoneup,,,24,0,,,,,,,,,,10/18/22
10158604,apartment,groundfloor,220000,forsale,1180,,,good,gas,56,1,,,true,,,true,,,,,10/18/22
10064268,house,house,95000,forsale,7600,,1900,,,321,2,87,,,,true,,,,2,,10/18/22
9856027,house,house,117000,forsale,6060,notinstalled,,torenovate,fueloil,561,3,0,,true,,true,,,1,,,10/18/22
9824875,house,house,118000,forsale,4990,installed,,good,,491,2,160,,,,true,,,,,,10/18/22
10067627,house,house,140000,forsale,6200,,,torenovate,gas,478,4,470,,true,470,,,,1,,,10/18/22
9956490,house,apartmentblock,150000,forsale,6220,notinstalled,,torenovate,electric,256,3,60,,true,,,,,,,,10/18/22
10019997,house,house,190000,forsale,7880,semiequipped,,torenovate,fueloil,,4,320,,,,,,,,,,10/18/22
9988562,house,house,195000,forsale,9900,semiequipped,1935,tobedoneup,,538,3,100,,,,,,,,,,10/18/22
10053332,house,house,199000,forsale,3500,,1933,torenovate,fueloil,,1,552,true,,300,true,,,1,1,,10/18/22
10104530,house,house,199000,forsale,4000,notinstalled,,torenovate,gas,,4,0,,true,,true,,,,,,10/18/22
10101029,house,townhouse,199000,forsale,4610,installed,2010,asnew,gas,,2,70,,,,true,,,1,1,,10/18/22
10104334,house,house,199000,forsale,8552,installed,1918,good,,173,3,376,,,283,true,,,1,,,10/18/22
10000273,house,house,199000,forsale,8980,installed,1930,good,,452,3,755,,,,,,,,,,10/18/22
9959177,house,house,200000,forsale,5030,semiequipped,1865,torenovate,,390,2,745,,true,,,,,,3,,10/18/22
10078673,house,house,208000,forsale,8850,installed,1966,good,,345,4,198,,,100,,,,1,,,10/18/22
10116434,house,house,210000,forsale,7864,semiequipped,,good,gas,,2,223,,true,,,,,,,,10/18/22
10114079,house,house,210000,forsale,8400,installed,,tobedoneup,gas,627,2,90,,,,,,,,,,10/18/22
10087983,house,house,215000,forsale,9910,semiequipped,1953,torenovate,gas,480,3,790,true,,,,,,,,,10/18/22
9985601,house,house,219000,forsale,1790,semiequipped,1932,torenovate,,895,3,200,true,true,57,true,,,,1,,10/18/22
10022217,house,house,219000,forsale,4607,installed,,good,,398,2,164,true,true,,true,,,,,,10/18/22
9994933,house,house,225000,forsale,8580,installed,1930,good,,190,3,200,,true,132,,,,,1,,10/18/22
9773877,house,house,230000,forsale,1420,notinstalled,,,gas,,2,394,,true,200,true,,,,,,10/18/22
10125264,house,house,230000,forsale,6220,notinstalled,,torenovate,fueloil,340,3,0,,true,,,,,,,,10/18/22
9734078,house,house,230000,forsale,8650,semiequipped,,tobedoneup,,878,1,1200,true,true,,,,,,,,10/18/22
10081270,house,house,234000,forsale,9600,,2021,good,,,2,115,,,102,true,,,,,,10/18/22
10078658,house,house,235000,forsale,3300,installed,1957,good,,389,3,407,,true,200,true,,,1,1,,10/18/22
9800162,house,farmhouse,235000,forsale,4990,installed,,good,,491,5,420,,,300,true,,,,,,10/18/22
10077610,house,house,239500,forsale,8400,installed,1948,good,,230,2,130,,true,,,,,,,,10/18/22
9511513,house,house,240000,forsale,1300,installed,,torestore,gas,408,3,68,,true,,,,,,,,10/18/22
9957324,house,townhouse,250000,forsale,8800,installed,1990,good,electric,689,2,0,,,,true,,,1,,,10/18/22
10093748,house,house,255000,forsale,1800,,1918,,gas,613,3,444,,,,,true,,,,,10/18/22
10158640,house,house,269000,forsale,6990,semiequipped,1976,good,pellet,247,3,3418,,,,,true,,1,7,,10/18/22
10158639,apartment,apartment,424000,forsale,1030,installed,1954,good,fueloil,192,2,,,true,,,,,,,,10/18/22
10158637,house,house,425000,forsale,2910,installed,,good,gas,,3,594,true,,,true,,,1,1,,10/18/22
10158636,house,house,335000,forsale,6950,semiequipped,2003,,,179,3,2238,,,,true,,,2,2,,10/18/22
10158634,apartment,groundfloor,395000,forsale,8670,installed,2005,good,electric,416,2,,,true,,true,,,,1,,10/18/22
10158624,house,house,2900000,forsale,5640,installed,2021,,gas,,3,589,true,,,true,,,,2,1,10/18/22
10158623,apartment,apartment,427000,forsale,4000,installed,,justrenovated,fueloil,181,2,,,true,,true,,,2,,,10/18/22
10158622,apartment,apartment,362000,forsale,4000,installed,,justrenovated,fueloil,181,2,,,,,true,,,,,,10/18/22
10090706,house,house,255000,forsale,3530,installed,1968,torenovate,fueloil,787,4,1056,true,true,,,,,2,,,10/18/22
9934813,house,house,259500,forsale,8434,installed,,good,electric,340,3,0,,,,,,,,,,10/18/22
9816314,house,house,269000,forsale,3300,,1960,good,gas,553,3,375,true,true,280,true,,,,1,,10/18/22
10038623,house,house,269000,forsale,8210,installed,1918,good,,626,4,396,,,105,,,,1,,,10/18/22
9974675,house,house,269000,forsale,8400,installed,,good,gas,549,3,0,,true,,,,,,,,10/18/22
10038713,house,house,270000,forsale,3290,,,,gas,620,3,630,,true,,,,,2,,,10/18/22
10089305,house,house,270000,forsale,7860,semiequipped,,good,gas,455,3,180,,true,,,,,,,,10/18/22
10073658,house,house,274000,forsale,8870,usainstalled,1973,asnew,gas,218,4,280,,,,,true,,2,,,10/18/22
10126113,house,mixedusebuilding,275000,forsale,9000,installed,,torenovate,gas,427,3,60,,,,,,,,,,10/18/22
9860248,house,house,280000,forsale,7000,,1900,torestore,,,4,778,,,,,true,,,2,,10/18/22
9949065,house,exceptionalproperty,285000,forsale,7070,,,,,,4,154,,true,,,,,3,,,10/18/22
9949064,house,mansion,285000,forsale,7070,,,,,,4,154,,true,,,,,3,,,10/18/22
10121955,house,villa,298000,forsale,6460,installed,2012,,pellet,198,4,1352,,,1218,true,,,,4,,10/18/22
10121953,house,villa,298000,forsale,6596,installed,2012,,pellet,198,4,1352,,,1218,true,,,,4,,10/18/22
9840700,house,house,299000,forsale,4000,semiequipped,,tobedoneup,,470,7,0,,,,,,,,,,10/18/22
10001465,house,house,299000,forsale,4602,,,,gas,192,3,396,,true,,,,,,,,10/18/22
9558137,house,villa,299000,forsale,5101,,1978,tobedoneup,fueloil,400,3,1183,,true,,true,,,1,2,,10/18/22
9490273,house,house,299000,forsale,5600,semiequipped,,tobedoneup,,434,3,981,,true,,,,,,,,10/18/22
10000258,house,house,299000,forsale,8540,installed,1955,good,,268,4,173,,true,30,true,,,2,2,,10/18/22
10050472,house,house,299000,forsale,8650,semiequipped,,tobedoneup,fueloil,1072,1,7193,true,true,,,,,,,,10/18/22
10105252,house,villa,300000,forsale,5070,semiequipped,1940,good,fueloil,621,2,520,,true,,true,true,,,6,,10/18/22
9996283,house,house,320000,forsale,4000,semiequipped,,tobedoneup,,188,7,0,,true,,,,,,,,10/18/22
10101912,house,house,325000,forsale,1020,notinstalled,2022,,,,4,0,,,,true,,,,,,10/18/22
10056064,house,townhouse,325000,forsale,2620,,,good,electric,,3,289,,,222,,,,1,1,,10/18/22
10034747,house,house,325000,forsale,3300,installed,1963,good,,318,5,469,,true,260,true,,true,,,,10/18/22
9895299,house,house,325000,forsale,3370,installed,1948,good,,273,4,285,,true,130,true,,,,,,10/18/22
10104667,house,house,329000,forsale,9200,,,tobedoneup,gas,480,3,566,,,,,,,2,3,,10/18/22
10104628,house,house,329000,forsale,9200,,,tobedoneup,gas,480,3,566,,,,,,,2,3,,10/18/22
10082950,house,house,339000,forsale,2310,installed,1963,good,,666,3,588,,,,,,,1,7,,10/18/22
10011212,house,mixedusebuilding,349900,forsale,9000,installed,1957,good,,448,2,120,,true,,,,,,,,10/18/22
10158640,house,house,269000,forsale,6990,semiequipped,1976,good,pellet,247,3,3418,,,,,true,,1,7,,10/18/22
10158639,apartment,apartment,424000,forsale,1030,installed,1954,good,fueloil,192,2,,,true,,,,,,,,10/18/22
10158637,house,house,425000,forsale,2910,installed,,good,gas,,3,594,true,,,true,,,1,1,,10/18/22
10158636,house,house,335000,forsale,6950,semiequipped,2003,,,179,3,2238,,,,true,,,2,2,,10/18/22
10158634,apartment,groundfloor,395000,forsale,8670,installed,2005,good,electric,416,2,,,true,,true,,,,1,,10/18/22
10158624,house,house,2900000,forsale,5640,installed,2021,,gas,,3,589,true,,,true,,,,2,1,10/18/22
10158623,apartment,apartment,427000,forsale,4000,installed,,justrenovated,fueloil,181,2,,,true,,true,,,2,,,10/18/22
10158622,apartment,apartment,362000,forsale,4000,installed,,justrenovated,fueloil,181,2,,,,,true,,,,,,10/18/22
10126951,house,house,350000,forsale,1348,semiequipped,1981,torenovate,gas,,4,515,,,,true,,,2,2,,10/18/22
10121543,house,house,350000,forsale,1470,,1930,good,fueloil,425,3,2500,,true,3249,true,true,,,,,10/18/22
9982193,house,house,350000,forsale,2531,semiequipped,1965,torenovate,fueloil,795,3,382,,true,,,,,1,4,,10/18/22
10029826,house,house,359000,forsale,2070,hyperequipped,,asnew,gas,209,3,215,true,true,,true,,,,,,10/18/22
10127401,house,house,360000,forsale,1420,,1940,good,gas,363,4,682,,,,,true,,,,,10/18/22
10127579,house,house,360000,forsale,3300,installed,1979,good,,358,2,950,,true,225,true,,,1,6,,10/18/22
10053574,house,house,369000,forsale,8670,installed,1930,good,,331,3,137,,true,50,,,,,2,,10/18/22
9911745,house,house,370000,forsale,1180,semiequipped,1909,torenovate,,416,4,210,,true,120,,,,,,,10/18/22
10112691,house,house,374000,forsale,5500,installed,,tobedoneup,,323,4,135,true,true,,,,,,,,10/18/22
10100516,house,townhouse,375000,forsale,2170,installed,1955,justrenovated,gas,178,2,168,true,true,50,true,true,,1,1,,10/18/22
10045560,house,house,375000,forsale,8000,usainstalled,,asnew,gas,296,2,0,,,19,true,,,,,,10/18/22
10044568,house,mixedusebuilding,379000,forsale,7812,,2001,,gas,,0,834,,,1,true,,,,,,10/18/22
10104942,house,villa,390000,forsale,6680,installed,2010,,,61,4,759,,true,,,,,1,,,10/18/22
10121526,house,house,395000,forsale,1400,,1930,good,gas,250,5,75,,,,true,true,,,,,10/18/22
9896701,house,mixedusebuilding,395000,forsale,3090,hyperequipped,1930,good,gas,,3,140,,true,,true,,,,,,10/18/22
9971660,house,house,395000,forsale,8740,installed,1998,good,,267,2,784,,,325,,,,1,2,,10/18/22
10121095,house,house,399000,forsale,3300,,2003,good,gas,,3,676,true,true,530,true,,,,4,,10/18/22
10105442,house,house,399000,forsale,9420,installed,1977,asnew,gas,401,3,692,,,,,,,1,,,10/18/22
10110884,house,bungalow,410000,forsale,8434,,1978,good,gas,458,3,525,,,,true,,,,,,10/18/22
10118988,house,house,419000,forsale,2960,installed,1938,good,,405,3,461,,true,,,,,,,,10/18/22
10104986,house,house,420000,forsale,3080,,,torenovate,gas,471,4,0,,true,,,,,,,,10/18/22
10045728,house,house,425000,forsale,4140,installed,,good,,170,2,1632,,,100,true,,,,,,10/18/22
10100373,house,house,425000,forsale,8730,installed,1981,good,,185,3,815,,true,,true,,,1,4,,10/18/22
10060229,house,house,429000,forsale,9800,installed,1950,good,,190,3,450,,true,265,,,,,2,,10/18/22
10057307,house,house,430000,forsale,3620,hyperequipped,1992,asnew,gas,142,3,714,true,true,,,true,,1,,,10/18/22
10087148,house,house,438000,forsale,3390,installed,1994,good,,289,4,549,,,165,,,,1,,,10/18/22
10108201,house,farmhouse,445000,forsale,4280,semiequipped,,tobedoneup,,410,3,4244,true,,,true,,,1,1,,10/18/22
10094164,house,house,449000,forsale,2980,installed,2013,asnew,electric,,3,291,,,1,true,,,1,4,,10/18/22
10111436,house,house,457500,forsale,2310,installed,2005,good,,336,3,1244,,,,,,,1,4,,10/18/22
10071121,house,apartmentblock,458000,forsale,1740,semiequipped,,tobedoneup,gas,,4,0,,,,true,,,2,,,10/18/22
10158640,house,house,269000,forsale,6990,semiequipped,1976,good,pellet,247,3,3418,,,,,true,,1,7,,10/18/22
10158639,apartment,apartment,424000,forsale,1030,installed,1954,good,fueloil,192,2,,,true,,,,,,,,10/18/22
10158637,house,house,425000,forsale,2910,installed,,good,gas,,3,594,true,,,true,,,1,1,,10/18/22
10158636,house,house,335000,forsale,6950,semiequipped,2003,,,179,3,2238,,,,true,,,2,2,,10/18/22
10158634,apartment,groundfloor,395000,forsale,8670,installed,2005,good,electric,416,2,,,true,,true,,,,1,,10/18/22
10158624,house,house,2900000,forsale,5640,installed,2021,,gas,,3,589,true,,,true,,,,2,1,10/18/22
10158623,apartment,apartment,427000,forsale,4000,installed,,justrenovated,fueloil,181,2,,,true,,true,,,2,,,10/18/22
10158622,apartment,apartment,362000,forsale,4000,installed,,justrenovated,fueloil,181,2,,,,,true,,,,,,10/18/22
9875019,house,mixedusebuilding,460000,forsale,9200,installed,1932,justrenovated,gas,,3,1005,true,,400,true,true,,10,,,10/18/22
10120685,house,house,475000,forsale,8620,installed,1976,good,,663,5,901,,,750,,,,32,,,10/18/22
10026090,house,house,479000,forsale,8720,installed,1950,good,,239,3,500,,,220,,,,,4,,10/18/22
9929545,house,villa,485000,forsale,3440,installed,1980,good,,439,4,3526,,true,1775,true,true,,1,,,10/18/22
10127912,house,house,489000,forsale,8750,installed,1910,asnew,,487,3,2009,,true,,,,,1,,,10/18/22
10065573,house,villa,494000,forsale,8820,installed,2012,good,,77,4,674,,,,,,,,,,10/18/22
10121560,house,villa,495000,forsale,1470,,1930,good,fueloil,425,4,3829,,true,4000,true,true,,,,,10/18/22
10099637,house,house,495000,forsale,4900,installed,2003,asnew,gas,,3,633,,true,633,true,true,,1,2,,10/18/22
9762550,house,house,508000,forsale,2018,usahyperequipped,2021,,,,3,0,,true,48,true,,,,,,10/18/22
10103891,house,house,517500,forsale,9230,hyperequipped,2008,asnew,,80,3,270,,,220,true,,,,3,,10/18/22
10107599,house,house,520000,forsale,2018,,1907,good,gas,306,3,76,,true,,true,,,,,,10/18/22
9896893,house,house,520000,forsale,8020,installed,1984,good,,503,4,1402,,,1280,true,,,1,5,,10/18/22
9980708,house,apartmentblock,539000,forsale,9550,,1958,asnew,gas,,5,400,,true,,true,true,,1,,,10/18/22
9976215,house,house,539000,forsale,9550,,1958,asnew,gas,,5,400,,true,,true,true,,1,,,10/18/22
10108713,house,apartmentblock,550000,forsale,1630,installed,1970,good,gas,,2,240,,,,,,,2,,,10/18/22
10093387,house,house,564000,forsale,3051,installed,2022,,gas,,3,0,,,,,,,,,,10/18/22
9999370,house,villa,574000,forsale,8790,hyperequipped,1986,justrenovated,solar,,3,1072,,,800,true,,true,3,3,,10/18/22
9661000,house,mixedusebuilding,575000,forsale,1090,semiequipped,,torenovate,gas,,2,220,,true,,true,,,,,,10/18/22
10120556,house,countrycottage,575000,forsale,3150,installed,1930,good,,339,3,973,,true,,true,true,true,1,4,,10/18/22
10105163,house,house,585000,forsale,9620,installed,1899,good,,327,3,2670,,true,,true,,,2,1,,10/18/22
10093653,house,villa,588000,forsale,8430,,1997,good,gas,333,2,715,,,452,,,,,,,10/18/22
9689343,house,house,595000,forsale,8000,installed,,good,gas,462,6,190,true,true,,true,,,,,,10/18/22
10017163,house,apartmentblock,599000,forsale,1420,installed,,good,gas,220,3,218,,,80,true,,,,,,10/18/22
10125284,house,villa,599000,forsale,2310,installed,1970,good,,496,4,1869,,,,,,,1,8,,10/18/22
9812201,house,house,599000,forsale,4280,installed,,good,,22,6,1000,true,,700,true,,,,,,10/18/22
10076527,house,villa,599900,forsale,2280,hyperequipped,,asnew,gas,117,5,0,true,true,,true,,true,,1,,10/18/22
10115174,house,mansion,600000,forsale,8310,installed,1910,tobedoneup,,359,3,699,,true,353,,,,1,,,10/18/22
10081125,house,house,630000,forsale,1640,,1900,asnew,gas,,4,561,true,true,1,true,,,,2,,10/18/22
10073440,house,apartmentblock,649000,forsale,1800,installed,1992,good,gas,,6,310,,,150,,,,,,,10/18/22
10128624,house,house,649000,forsale,2018,semiequipped,,tobedoneup,,621,4,285,true,true,,true,,,1,1,,10/18/22
10158640,house,house,269000,forsale,6990,semiequipped,1976,good,pellet,247,3,3418,,,,,true,,1,7,,10/18/22
10158639,apartment,apartment,424000,forsale,1030,installed,1954,good,fueloil,192,2,,,true,,,,,,,,10/18/22
10158637,house,house,425000,forsale,2910,installed,,good,gas,,3,594,true,,,true,,,1,1,,10/18/22
10158636,house,house,335000,forsale,6950,semiequipped,2003,,,179,3,2238,,,,true,,,2,2,,10/18/22
10158634,apartment,groundfloor,395000,forsale,8670,installed,2005,good,electric,416,2,,,true,,true,,,,1,,10/18/22
10158624,house,house,2900000,forsale,5640,installed,2021,,gas,,3,589,true,,,true,,,,2,1,10/18/22
10158623,apartment,apartment,427000,forsale,4000,installed,,justrenovated,fueloil,181,2,,,true,,true,,,2,,,10/18/22
10158622,apartment,apartment,362000,forsale,4000,installed,,justrenovated,fueloil,181,2,,,,,true,,,,,,10/18/22
10101906,house,apartmentblock,650000,forsale,2140,hyperequipped,1983,asnew,gas,,4,120,,,,true,,,4,,,10/18/22
9942326,house,house,665000,forsale,2310,installed,1958,asnew,,57,4,1215,,true,,,,,1,8,,10/18/22
10095878,house,house,695000,forsale,1650,installed,1989,good,,209,3,1493,,,,,,,1,2,,10/18/22
10067429,house,house,695000,forsale,8830,installed,1987,good,,330,7,3998,,true,2500,,,,2,2,,10/18/22
10009198,house,apartmentblock,720000,forsale,1070,,1969,tobedoneup,gas,198,0,216,,,70,true,,,,,,10/18/22
9703601,house,apartmentblock,749000,forsale,1060,,1975,good,gas,653,8,212,,,,,,,1,,,10/18/22
9964631,house,apartmentblock,775000,forsale,1180,usainstalled,,justrenovated,gas,405,7,0,,,20,true,,,,,,10/18/22
10110452,house,villa,850000,forsale,9660,hyperequipped,2021,asnew,gas,51,4,1050,,,,,,,1,2,,10/18/22
9868616,house,villa,900000,forsale,1020,semiequipped,,torenovate,,458,8,859,true,true,250,true,,,,,,10/18/22
10023253,house,apartmentblock,920000,forsale,1020,usahyperequipped,,good,gas,518,7,300,,true,,true,,,,2,,10/18/22
10115231,house,house,920000,forsale,1040,usahyperequipped,,asnew,gas,,5,0,,,30,,true,,1,1,,10/18/22
10010020,house,house,947000,forsale,1560,usahyperequipped,1986,justrenovated,electric,,4,900,true,true,800,true,,,2,2,,10/18/22
9981875,house,house,950000,forsale,2000,,,good,gas,206,3,0,,true,,true,,,,,,10/18/22
10113856,house,house,965000,forsale,8340,,1984,,,350,4,15387,,true,,true,true,,1,4,,10/18/22
9964796,house,apartmentblock,995000,forsale,1030,installed,,good,gas,350,9,0,,true,,true,,,,,,10/18/22
10047374,house,apartmentblock,1100000,forsale,1000,usahyperequipped,1890,asnew,,155,2,86,true,true,,true,true,,,,,10/18/22
10001512,house,apartmentblock,1100000,forsale,1851,,1970,good,electric,270,0,633,,,,,,,,,,10/18/22
10123063,house,mixedusebuilding,1100000,forsale,8800,semiequipped,1900,good,gas,,4,505,,,,,,,,,,10/18/22
9954811,house,villa,1150000,forsale,2530,installed,1962,asnew,gas,197,4,1540,true,true,,,true,true,2,6,,10/18/22
9954793,house,villa,1150000,forsale,2540,installed,1962,asnew,gas,197,4,1540,true,true,,,true,true,2,4,,10/18/22
10099186,house,mansion,1245000,forsale,2018,usahyperequipped,1906,justrenovated,gas,293,5,225,,,,true,,,1,,,10/18/22
10044819,house,mixedusebuilding,1250000,forsale,3020,,1970,good,gas,587,5,3738,,,,true,,,,,,10/18/22
10111105,house,house,1290000,forsale,1170,,1918,good,gas,303,5,190,,true,40,true,,,1,,,10/18/22
10123218,house,house,1375000,forsale,8300,usainstalled,2005,asnew,gas,131,5,145,,,,,,,2,,,10/18/22
9714672,house,villa,1400000,forsale,1180,hyperequipped,1930,asnew,gas,362,3,516,,true,125,true,true,,,2,,10/18/22
9909953,house,villa,1450000,forsale,1150,,1959,good,gas,444,5,792,true,true,300,true,true,,1,3,,10/18/22
9740551,house,exceptionalproperty,1475000,forsale,3700,hyperequipped,2018,justrenovated,fueloil,,3,7683,,true,7000,true,,,1,10,,10/18/22
9860308,house,villa,1495000,forsale,7000,hyperequipped,1880,asnew,fueloil,452,7,10550,,true,10200,true,true,true,4,4,,10/18/22
9966768,house,otherproperty,1525000,forsale,4030,hyperequipped,,good,gas,,20,7075,,,,,,,,12,,10/18/22
10018045,house,villa,1650000,forsale,3320,installed,1992,asnew,,132,3,2508,,,795,true,true,true,1,7,,10/18/22
10158640,house,house,269000,forsale,6990,semiequipped,1976,good,pellet,247,3,3418,,,,,true,,1,7,,10/18/22
10158639,apartment,apartment,424000,forsale,1030,installed,1954,good,fueloil,192,2,,,true,,,,,,,,10/18/22
10158637,house,house,425000,forsale,2910,installed,,good,gas,,3,594,true,,,true,,,1,1,,10/18/22
10158636,house,house,335000,forsale,6950,semiequipped,2003,,,179,3,2238,,,,true,,,2,2,,10/18/22
10158634,apartment,groundfloor,395000,forsale,8670,installed,2005,good,electric,416,2,,,true,,true,,,,1,,10/18/22
10158624,house,house,2900000,forsale,5640,installed,2021,,gas,,3,589,true,,,true,,,,2,1,10/18/22
10158623,apartment,apartment,427000,forsale,4000,installed,,justrenovated,fueloil,181,2,,,true,,true,,,2,,,10/18/22
10158622,apartment,apartment,362000,forsale,4000,installed,,justrenovated,fueloil,181,2,,,,,true,,,,,,10/18/22
10057648,house,villa,1700000,forsale,1180,usahyperequipped,1965,asnew,gas,184,4,1800,,,,true,,,2,4,,10/18/22
9934897,house,villa,1850000,forsale,1380,,,good,,827,5,6400,,true,,,true,true,,,,10/18/22
9965298,house,exceptionalproperty,2050000,forsale,1400,,1850,justrenovated,gas,267,7,18000,,true,,true,,,,,,10/18/22
9926276,house,villa,2490000,forsale,1180,usahyperequipped,2008,good,gas,229,6,1530,,true,,true,,,2,4,,10/18/22
10060046,house,castle,2600000,forsale,3000,,1865,,,445,8,53550,,true,,true,true,,2,6,,10/18/22
10060047,house,castle,2600000,forsale,3210,,1865,,,445,8,53550,,true,,true,true,,2,6,,10/18/22
10091056,house,villa,2795000,forsale,1420,,1993,asnew,fueloil,266,6,3161,,true,,true,true,true,2,6,,10/18/22
10126061,house,villa,2850000,forsale,8300,hyperequipped,1997,justrenovated,gas,,5,793,,,793,true,,,1,2,,10/18/22
10016298,house,mansion,2900000,forsale,1000,,1933,good,gas,184,4,395,,,,true,true,,1,3,,10/18/22
9510498,house,villa,3150000,forsale,2500,hyperequipped,,asnew,,115,4,6400,,true,,true,,true,1,1,,10/18/22
9956329,house,house,3450000,forsale,1050,,1928,tobedoneup,gas,326,6,1260,,true,,,true,,1,1,,10/18/22
10095270,house,villa,3475000,forsale,1640,,1989,asnew,gas,163,6,3500,,,,true,true,,3,,,10/18/22
10082274,house,villa,3475000,forsale,1640,,1989,asnew,gas,169,6,3500,,,,true,true,,3,,,10/18/22
10050654,house,villa,3500000,forsale,1180,hyperequipped,2002,asnew,fueloil,,5,2500,,true,2500,true,true,true,3,3,,10/18/22
9359216,house,house,3850000,forsale,1180,installed,1949,tobedoneup,gas,373,6,2855,true,true,,true,true,,2,3,,10/18/22
9887758,house,villa,5100000,forsale,1180,installed,1963,asnew,gas,,10,5561,true,true,,,true,true,8,,,10/18/22
10157213,house,house,209000,forsale,8870,installed,,justrenovated,gas,161,1,84,,true,,,,,,,,10/18/22
10157212,house,house,209000,forsale,8870,installed,,justrenovated,gas,161,1,84,,true,,,,,,,,10/18/22
10157593,house,house,269000,forsale,7711,installed,1960,good,,387,4,579,true,,,true,true,,1,,,10/18/22
10157321,house,house,329500,forsale,9600,installed,1947,asnew,fueloil,415,3,1042,,true,,true,true,,1,3,,10/18/22
10157320,house,house,329500,forsale,9600,installed,1947,asnew,fueloil,415,3,1042,,true,,true,true,,1,3,,10/18/22
10132872,house,house,215000,forsale,9160,installed,,good,gas,445,3,90,,,,true,,,,,,10/18/22
10132623,house,house,240000,forsale,1600,semiequipped,1920,,gas,391,2,381,true,true,,true,,,,,,10/18/22
10132771,house,house,260000,forsale,4347,installed,,good,fueloil,334,4,585,true,true,488,true,true,true,,,,10/18/22
10133106,house,house,335000,forsale,8380,,,good,gas,257,4,0,,true,,,,,2,1,,10/18/22
10132455,house,house,469000,forsale,1030,usahyperequipped,,asnew,fueloil,,3,60,true,true,,true,true,,,,,10/18/22
10133343,house,house,725000,forsale,9000,installed,1824,asnew,gas,228,3,107,,,,,,,1,1,,10/18/22
10130660,house,villa,2975000,forsale,3080,,1990,good,,312,4,4800,,true,4500,true,,,2,2,,10/18/22
10000331,house,house,98000,forsale,5060,semiequipped,,tobedoneup,carbon,628,3,424,,true,248,,,,,,,10/18/22
10134241,house,house,125000,forsale,7062,semiequipped,,torenovate,gas,683,2,402,,true,,true,,,1,,,10/18/22
10158640,house,house,269000,forsale,6990,semiequipped,1976,good,pellet,247,3,3418,,,,,true,,1,7,,10/18/22
10158639,apartment,apartment,424000,forsale,1030,installed,1954,good,fueloil,192,2,,,true,,,,,,,,10/18/22
10158637,house,house,425000,forsale,2910,installed,,good,gas,,3,594,true,,,true,,,1,1,,10/18/22
10158636,house,house,335000,forsale,6950,semiequipped,2003,,,179,3,2238,,,,true,,,2,2,,10/18/22
10158634,apartment,groundfloor,395000,forsale,8670,installed,2005,good,electric,416,2,,,true,,true,,,,1,,10/18/22
10158624,house,house,2900000,forsale,5640,installed,2021,,gas,,3,589,true,,,true,,,,2,1,10/18/22
10158623,apartment,apartment,427000,forsale,4000,installed,,justrenovated,fueloil,181,2,,,true,,true,,,2,,,10/18/22
10158622,apartment,apartment,362000,forsale,4000,installed,,justrenovated,fueloil,181,2,,,,,true,,,,,,10/18/22
10134239,house,house,395000,forsale,1480,installed,,justrenovated,gas,359,3,380,,true,,true,,,1,4,,10/18/22
10134452,house,farmhouse,550000,forsale,1547,semiequipped,,good,fueloil,710,5,30884,,true,,,true,,6,5,,10/18/22
10135392,house,farmhouse,550000,forsale,7830,semiequipped,,good,fueloil,710,5,30000,,true,,,true,,6,5,,10/18/22
10134003,house,villa,645000,forsale,8200,,1988,justrenovated,gas,184,4,576,,,350,true,,,1,3,,10/18/22
10074241,house,house,219000,forsale,6560,installed,2021,,gas,102,3,0,true,,,true,,,,2,1,10/18/22
10074240,house,house,219000,forsale,6560,installed,2021,,gas,102,3,0,true,,,true,,,,2,1,10/18/22
10074239,house,house,219000,forsale,6560,installed,2021,,gas,102,3,0,true,,,true,,,,2,1,10/18/22
10074238,house,house,219000,forsale,6560,installed,2021,,gas,102,3,0,true,,,true,,,,2,1,10/18/22
10139677,house,exceptionalproperty,272000,forsale,9040,installed,,good,,522,3,100,true,true,,,,,,,,10/18/22
9365523,house,mixedusebuilding,314836,forsale,9900,installed,2018,asnew,gas,51,3,107,,,,,,,1,1,1,10/18/22
9014189,house,house,328271,forsale,2400,installed,2022,asnew,gas,,3,451,,,,,,,,,1,10/18/22
10138574,house,house,345000,forsale,2360,,1975,tobedoneup,fueloil,438,2,958,true,,,true,,,1,1,,10/18/22
9671589,house,house,352215,forsale,8730,usainstalled,2022,asnew,,,3,233,true,,,,,,,2,1,10/18/22
9671587,house,house,352215,forsale,8730,usainstalled,2022,asnew,,,3,237,true,,,,,,,2,1,10/18/22
9671580,house,house,352215,forsale,8730,usainstalled,2022,asnew,,,3,235,true,,,,,,,2,1,10/18/22
9671582,house,house,354215,forsale,8730,usainstalled,2022,asnew,,,3,249,true,,,,,,,2,1,10/18/22
9671603,house,house,357215,forsale,8730,usainstalled,2022,asnew,,,3,322,true,,,,,,1,1,1,10/18/22
9671586,house,house,357215,forsale,8730,usainstalled,2022,asnew,,,3,238,true,,,,,,,2,1,10/18/22
10121945,house,house,435500,forsale,3460,hyperequipped,2022,asnew,gas,,3,555,true,true,,,true,,,3,1,10/18/22
10139424,house,villa,450000,forsale,1332,,,,gas,525,4,430,,true,,,,,1,,,10/18/22
10117989,house,house,475000,forsale,3390,installed,,,gas,,3,1013,,,,true,,,2,1,1,10/18/22
9589277,house,apartmentblock,480000,forsale,4602,installed,2021,asnew,gas,,9,220,,,,true,,,2,5,1,10/18/22
9937685,house,exceptionalproperty,495000,forsale,6690,hyperequipped,1815,asnew,fueloil,,6,4155,true,true,3950,true,true,,,,,10/18/22
9744932,house,house,535000,forsale,7730,,2010,asnew,gas,166,5,820,,true,820,true,,true,2,4,,10/18/22
10138740,house,villa,595000,forsale,8610,notinstalled,1988,good,,199,5,3508,,,,,,,2,15,,10/18/22
10144812,house,house,249000,forsale,9320,installed,,justrenovated,gas,285,2,130,,,,true,,,,,,10/18/22
10143544,house,house,269000,forsale,5377,,,torenovate,fueloil,500,3,390,true,true,285,true,,,1,1,,10/18/22
10142984,house,bungalow,279000,forsale,6661,,,tobedoneup,pellet,871,2,14135,,,14040,true,true,,1,3,,10/18/22
10142813,house,house,379000,forsale,9090,installed,1957,good,gas,431,3,250,,,,,,,,1,,10/18/22
10142954,house,house,379000,forsale,9300,installed,1992,good,gas,292,3,472,true,,100,true,,,1,2,,10/18/22
10158640,house,house,269000,forsale,6990,semiequipped,1976,good,pellet,247,3,3418,,,,,true,,1,7,,10/18/22
10158639,apartment,apartment,424000,forsale,1030,installed,1954,good,fueloil,192,2,,,true,,,,,,,,10/18/22
10158637,house,house,425000,forsale,2910,installed,,good,gas,,3,594,true,,,true,,,1,1,,10/18/22
10158636,house,house,335000,forsale,6950,semiequipped,2003,,,179,3,2238,,,,true,,,2,2,,10/18/22
10158634,apartment,groundfloor,395000,forsale,8670,installed,2005,good,electric,416,2,,,true,,true,,,,1,,10/18/22
10158624,house,house,2900000,forsale,5640,installed,2021,,gas,,3,589,true,,,true,,,,2,1,10/18/22
10158623,apartment,apartment,427000,forsale,4000,installed,,justrenovated,fueloil,181,2,,,true,,true,,,2,,,10/18/22
10158622,apartment,apartment,362000,forsale,4000,installed,,justrenovated,fueloil,181,2,,,,,true,,,,,,10/18/22
10143043,house,house,399000,forsale,2950,hyperequipped,,asnew,gas,254,3,191,,true,,true,,,,,,10/18/22
10144020,house,house,429000,forsale,8830,,1974,good,gas,275,4,848,true,true,360,true,,,,,,10/18/22
10143752,house,house,565000,forsale,8510,,1979,,gas,335,4,795,,,,,,,1,,,10/18/22
10143210,house,exceptionalproperty,1295000,forsale,8300,hyperequipped,2009,asnew,gas,99,4,301,,,,true,true,true,1,3,,10/18/22
7784764,housegroup,housegroup,300000-337000,forsale,1370,,,,,,,,,,,,,,,,1,10/18/22
10146548,house,house,195000,forsale,8870,installed,1964,torenovate,,560,3,376,,true,,,,,1,,,10/18/22
10146345,house,house,265000,forsale,9620,installed,1960,torenovate,fueloil,403,3,357,,true,,true,,,1,1,,10/18/22
10149375,house,house,120000,forsale,7742,installed,,tobedoneup,fueloil,682,3,650,true,true,,,true,,,,,10/18/22
10148696,house,house,150000,forsale,6032,notinstalled,,tobedoneup,fueloil,578,2,539,true,true,,true,,,1,,,10/18/22
10148911,house,house,235000,forsale,8880,installed,,justrenovated,gas,263,4,185,,,68,true,,,,,,10/18/22
10148708,house,townhouse,324900,forsale,2170,installed,,torenovate,gas,210,2,192,,,85,,true,,1,2,,10/18/22
10149163,house,house,360000,forsale,1480,,,good,gas,252,3,352,true,true,264,,,,1,1,,10/18/22
10139354,house,house,465000,forsale,1030,hyperequipped,,asnew,gas,,3,0,,,,true,,,,,1,10/18/22
10149609,house,house,549000,forsale,6940,usahyperequipped,,,fueloil,205,4,0,,,,,,,,,,10/18/22
10155622,house,house,299000,forsale,9500,installed,1931,,,148,4,109,,,,,,,1,,,10/18/22
10155370,house,exceptionalproperty,335000,forsale,7387,installed,,justrenovated,fueloil,,6,4000,,,3800,true,true,,,,,10/18/22
10155121,house,house,470000,forsale,9500,hyperequipped,,good,gas,697,6,1729,true,true,400,true,true,,1,,,10/18/22
10154360,house,villa,795000,forsale,2570,installed,1994,asnew,,343,4,1266,,,,,,,1,,,10/18/22
10157061,house,villa,850000,forsale,1640,,1961,torenovate,,,5,0,,,,true,,,,,,10/18/22
10157060,house,villa,850000,forsale,1640,,1961,torenovate,,,5,0,,,,true,,,,,,10/18/22
10157063,house,villa,850000,forsale,1650,,1961,torenovate,,,5,0,,,,true,,,,,,10/18/22
10131437,house,house,85000,forsale,4870,installed,,torenovate,gas,388,2,71,,,,,true,,1,,,10/18/22
10131114,house,house,100000,forsale,5377,notinstalled,,torenovate,fueloil,396,2,198,,true,,true,,,1,2,,10/18/22
10130782,house,house,145000,forsale,5502,semiequipped,,torenovate,,,3,4707,true,,4707,,,,,,,10/18/22
10130409,house,house,195000,forsale,6042,semiequipped,,good,gas,349,4,470,true,true,300,true,,,,,,10/18/22
10130813,house,house,299000,forsale,8980,installed,,asnew,electric,160,4,473,,,,,,,,,,10/18/22
10131683,house,house,325000,forsale,5101,,1970,,fueloil,408,3,613,,true,,true,,,,3,,10/18/22
10131906,house,house,360000,forsale,1020,notinstalled,,,gas,424,4,124,,true,40,,,,,,,10/18/22
10131089,house,villa,459000,forsale,1325,semiequipped,1984,,gas,394,3,1208,,,1208,,,,2,3,,10/18/22
10131397,house,villa,495000,forsale,1410,installed,1961,torenovate,gas,383,4,626,true,,,true,true,,1,1,,10/18/22
10158640,house,house,269000,forsale,6990,semiequipped,1976,good,pellet,247,3,3418,,,,,true,,1,7,,10/18/22
10158639,apartment,apartment,424000,forsale,1030,installed,1954,good,fueloil,192,2,,,true,,,,,,,,10/18/22
10158637,house,house,425000,forsale,2910,installed,,good,gas,,3,594,true,,,true,,,1,1,,10/18/22
10158636,house,house,335000,forsale,6950,semiequipped,2003,,,179,3,2238,,,,true,,,2,2,,10/18/22
10158634,apartment,groundfloor,395000,forsale,8670,installed,2005,good,electric,416,2,,,true,,true,,,,1,,10/18/22
10158624,house,house,2900000,forsale,5640,installed,2021,,gas,,3,589,true,,,true,,,,2,1,10/18/22
10158623,apartment,apartment,427000,forsale,4000,installed,,justrenovated,fueloil,181,2,,,true,,true,,,2,,,10/18/22
10158622,apartment,apartment,362000,forsale,4000,installed,,justrenovated,fueloil,181,2,,,,,true,,,,,,10/18/22
10131233,house,apartmentblock,1395000,forsale,1180,usahyperequipped,,asnew,gas,205,6,0,,true,20,,,,,,,10/18/22
10133437,house,house,285000,forsale,9870,installed,1966,torenovate,,596,4,542,,true,,,,,,2,,10/18/22
10136396,house,house,74999,forsale,6020,notinstalled,1950,torenovate,gas,398,4,0,true,,,true,,,,,,10/18/22
10099836,house,house,217000,forsale,8730,,1931,torenovate,gas,696,2,353,,,,true,,,,,,10/18/22
10099847,house,house,293500,forsale,9250,,1967,justrenovated,,435,3,406,true,,1,,,,1,1,,10/18/22
10138013,house,house,319000,forsale,9140,,,good,gas,304,4,0,,true,,,,,,1,,10/18/22
10137964,house,house,319000,forsale,9140,,,good,gas,304,4,0,,true,,,,,,1,,10/18/22
10136348,house,house,350000,forsale,2830,,1949,good,gas,249,3,320,,,,true,,,1,3,,10/18/22
10136252,house,house,399000,forsale,9400,hyperequipped,1985,,gas,408,3,587,,,,true,true,,1,3,,10/18/22
10137785,house,mixedusebuilding,3390000,forsale,1180,installed,2008,,,112,22,694,,true,218,true,,,1,2,,10/18/22
10141174,house,house,159000,forsale,4420,installed,,tobedoneup,fueloil,412,3,100,,true,,true,,,,,,10/18/22
10140925,house,house,249000,forsale,1790,,1954,torenovate,,823,2,357,true,true,,true,,,,,,10/18/22
10140370,house,house,315000,forsale,1320,,1978,tobedoneup,fueloil,258,2,1617,,,,,,,,2,,10/18/22
10140388,house,house,329000,forsale,8020,,1972,asnew,gas,241,4,342,,,,true,,,1,,,10/18/22
10142024,house,house,340000,forsale,5364,installed,1997,asnew,fueloil,243,3,0,true,true,,true,true,,,,,10/18/22
10140439,house,house,394500,forsale,2830,,1969,,gas,292,4,354,,,,true,,,,,,10/18/22
10142471,house,house,395000,forsale,6997,installed,2012,asnew,fueloil,245,3,1551,,,,,,,,,,10/18/22
10140636,house,house,395000,forsale,9300,usasemiequipped,1968,,fueloil,576,3,555,true,true,,true,true,,3,3,,10/18/22
10140635,house,villa,430000,forsale,4420,installed,2003,asnew,fueloil,153,3,593,,true,290,true,,,2,2,,10/18/22
10140907,house,townhouse,480000,forsale,1420,installed,1968,asnew,gas,183,4,216,,true,100,true,true,,,2,,10/18/22
10141179,house,villa,630000,forsale,2990,hyperequipped,,asnew,,,3,1320,,,,true,,,1,,,10/18/22
10141086,house,mixedusebuilding,750000,forsale,6990,,,good,electric,138,8,219,,,,,,,,,,10/18/22
10097971,house,house,795000,forsale,1200,,,torenovate,gas,264,7,475,true,true,300,true,true,,,,,10/18/22
10146111,house,house,325000,forsale,2590,usahyperequipped,2022,,,,2,0,,,48,true,,,,,,10/18/22
10146112,house,house,365000,forsale,2590,usahyperequipped,2022,,,,3,0,,,47,true,,,,,,10/18/22
10146114,house,house,399000,forsale,2590,usahyperequipped,2022,,,,3,0,,,58,true,,,,,,10/18/22
10146043,house,countrycottage,575000,forsale,3150,installed,,good,,339,3,973,,true,,true,true,true,1,4,,10/18/22
10147035,house,house,159000,forsale,6030,installed,,good,gas,384,4,325,true,true,,true,true,,,,,10/18/22
10147749,house,house,185000,forsale,4000,,1965,torenovate,gas,231,4,374,,,,true,,,1,,,10/18/22
10008074,house,house,210000,forsale,5020,installed,,torenovate,pellet,,4,1029,,true,694,,,,1,,,10/18/22
10158640,house,house,269000,forsale,6990,semiequipped,1976,good,pellet,247,3,3418,,,,,true,,1,7,,10/18/22
10158639,apartment,apartment,424000,forsale,1030,installed,1954,good,fueloil,192,2,,,true,,,,,,,,10/18/22
10158637,house,house,425000,forsale,2910,installed,,good,gas,,3,594,true,,,true,,,1,1,,10/18/22
10158636,house,house,335000,forsale,6950,semiequipped,2003,,,179,3,2238,,,,true,,,2,2,,10/18/22
10158634,apartment,groundfloor,395000,forsale,8670,installed,2005,good,electric,416,2,,,true,,true,,,,1,,10/18/22
10158624,house,house,2900000,forsale,5640,installed,2021,,gas,,3,589,true,,,true,,,,2,1,10/18/22
10158623,apartment,apartment,427000,forsale,4000,installed,,justrenovated,fueloil,181,2,,,true,,true,,,2,,,10/18/22
10158622,apartment,apartment,362000,forsale,4000,installed,,justrenovated,fueloil,181,2,,,,,true,,,,,,10/18/22
10148468,house,house,220000,forsale,9000,,1933,torenovate,,915,3,90,,,,,,,,,,10/18/22
10073661,house,house,209000,forsale,8770,,1950,tobedoneup,,438,4,240,true,,,,true,,2,,,10/18/22
10151626,house,house,229000,forsale,9420,semiequipped,1962,torenovate,,1031,3,793,true,true,693,true,,,1,1,,10/18/22
10153034,house,house,259000,forsale,8600,usainstalled,,asnew,pellet,581,3,230,,,,true,,,,1,,10/18/22
10152247,house,house,285000,forsale,6750,installed,,,fueloil,431,3,352,true,true,,,,,1,,,10/18/22
10154279,house,house,415000,forsale,2070,installed,,asnew,gas,342,4,253,,,,true,true,,1,,,10/18/22
10151674,house,mixedusebuilding,480000,forsale,9600,installed,,,gas,,4,630,,true,,true,,,1,,,10/18/22
10151671,house,house,480000,forsale,9600,installed,,,gas,,4,630,,true,,true,,,1,,,10/18/22
10108458,house,house,10000,forsale,4032,installed,,torenovate,gas,409,3,220,,true,,true,,,,,,10/18/22
10086936,house,house,25000,forsale,4040,,1953,torenovate,gas,920,3,217,,true,,,,,1,,,10/18/22
10086821,house,house,30000,forsale,7080,,1900,torenovate,gas,444,2,110,,,,,,,,,,10/18/22
9862713,house,house,30000,forsale,7390,installed,,good,gas,362,2,220,,true,100,true,,,,,,10/18/22
9969472,house,house,50000,forsale,7390,installed,,good,gas,331,3,370,,true,170,,,,2,2,,10/18/22
10106249,house,house,69000,forsale,7134,notinstalled,,torenovate,fueloil,910,2,151,true,,,,,,,,,10/18/22
10054136,house,house,76050,forsale,7370,,,torenovate,gas,503,2,118,true,true,58,,,,,,,10/18/22
9709577,house,house,80000,forsale,7866,notinstalled,,torenovate,gas,371,2,0,,,,,,,1,,,10/18/22
10047500,house,house,85000,forsale,4032,,1962,tobedoneup,fueloil,463,2,173,,,100,true,,,1,,,10/18/22
9879994,house,house,85000,forsale,6560,semiequipped,,good,gas,399,2,150,,true,,true,,,,,,10/18/22
10011957,house,house,85000,forsale,7170,semiequipped,,torenovate,gas,425,2,300,,true,,true,,,,,,10/18/22
9958046,house,house,90000,forsale,7300,,,torenovate,gas,463,2,300,true,,236,true,,,,,,10/18/22
9995576,house,house,94000,forsale,7370,,,tobedoneup,gas,821,3,95,true,true,30,,,,,,,10/18/22
9917620,house,house,95000,forsale,6182,semiequipped,,tobedoneup,gas,247,2,203,,true,,true,,,,1,,10/18/22
10112721,house,house,99000,forsale,5620,semiequipped,,tobedoneup,,,2,3000,,,3000,,,,,,,10/18/22
9560175,house,mixedusebuilding,99000,forsale,7110,semiequipped,,tobedoneup,fueloil,589,5,260,true,true,,true,true,,,,,10/18/22
10088446,house,house,100000,forsale,4052,,1941,torenovate,fueloil,589,4,230,true,true,,true,,,,3,,10/18/22
9719344,house,house,100000,forsale,7130,semiequipped,,torenovate,gas,517,2,230,,true,,,,,,,,10/18/22
10062985,house,house,110000,forsale,4800,semiequipped,,good,fueloil,576,4,1463,true,true,1400,true,,,,,,10/18/22
9893549,house,mixedusebuilding,114000,forsale,4860,semiequipped,,torenovate,gas,364,4,115,true,true,,,true,,,,,10/18/22
9888927,house,house,114500,forsale,4860,semiequipped,,torenovate,gas,369,3,90,true,true,40,true,true,,,,,10/18/22
10077343,house,house,115000,forsale,4030,,,torenovate,gas,527,2,120,,,60,true,,,,,,10/18/22
10158640,house,house,269000,forsale,6990,semiequipped,1976,good,pellet,247,3,3418,,,,,true,,1,7,,10/18/22
10158639,apartment,apartment,424000,forsale,1030,installed,1954,good,fueloil,192,2,,,true,,,,,,,,10/18/22
10158637,house,house,425000,forsale,2910,installed,,good,gas,,3,594,true,,,true,,,1,1,,10/18/22
10158636,house,house,335000,forsale,6950,semiequipped,2003,,,179,3,2238,,,,true,,,2,2,,10/18/22
10158634,apartment,groundfloor,395000,forsale,8670,installed,2005,good,electric,416,2,,,true,,true,,,,1,,10/18/22
10158624,house,house,2900000,forsale,5640,installed,2021,,gas,,3,589,true,,,true,,,,2,1,10/18/22
10158623,apartment,apartment,427000,forsale,4000,installed,,justrenovated,fueloil,181,2,,,true,,true,,,2,,,10/18/22
10158622,apartment,apartment,362000,forsale,4000,installed,,justrenovated,fueloil,181,2,,,,,true,,,,,,10/18/22
10093116,house,house,115000,forsale,9200,notinstalled,1925,torenovate,gas,733,2,149,true,,70,true,,,,,,10/18/22
10066773,house,house,117500,forsale,4860,notinstalled,,tobedoneup,gas,625,4,310,,true,,true,,,,,,10/18/22
9854657,house,house,120000,forsale,7130,semiequipped,,tobedoneup,gas,286,2,40,,true,,true,,,,,,10/18/22
9995575,house,house,120000,forsale,7370,,,justrenovated,gas,314,1,85,true,,,,,,1,2,,10/18/22
10086521,house,house,120000,forsale,7700,semiequipped,,tobedoneup,gas,49465,2,0,,,85,true,,,,,,10/18/22
9941116,house,house,125000,forsale,4800,notinstalled,,tobedoneup,gas,397,5,130,true,true,,true,true,,,,,10/18/22
9533378,house,house,130000,forsale,4800,semiequipped,,tobedoneup,gas,304,5,45,true,true,,true,,,,2,,10/18/22
9854658,house,house,130000,forsale,7131,semiequipped,,torenovate,gas,319,2,440,,true,,,,,,,,10/18/22
10071024,house,house,135000,forsale,7700,semiequipped,,justrenovated,gas,868,2,60,,,,,,,,,,10/18/22
10088972,house,house,139000,forsale,3700,,1967,tobedoneup,gas,442,2,300,,,190,true,,,1,,,10/18/22
10082266,house,house,139000,forsale,4020,,,good,gas,400,2,70,true,true,,,,,,,,10/18/22
9876887,house,house,139000,forsale,4400,semiequipped,,torenovate,fueloil,479,4,330,,true,,,,,,,,10/18/22
9795175,house,apartmentblock,139000,forsale,7100,installed,,good,electric,790,2,55,,true,,true,,,,,,10/18/22
9795174,house,house,139000,forsale,7100,installed,,good,electric,790,2,55,,true,,true,,,,,,10/18/22
10008043,house,house,139999,forsale,7140,semiequipped,,good,gas,474,2,334,true,true,167,true,,,,,,10/18/22
10029572,house,house,140000,forsale,6250,semiequipped,,good,gas,396,5,0,,true,,,,,,,,10/18/22
9945142,house,house,140000,forsale,7134,semiequipped,,tobedoneup,fueloil,338,3,209,,true,30,,,,,,,10/18/22
9918425,house,house,146500,forsale,4860,notinstalled,,good,fueloil,572,5,369,true,true,80,true,,,,3,,10/18/22
10051469,house,house,148000,forsale,7700,semiequipped,,tobedoneup,gas,326,3,105,,,31,,,,,,,10/18/22
10126331,house,house,149999,forsale,6040,installed,,good,gas,319,3,450,true,true,280,,,,,1,,10/18/22
10099602,house,house,149999,forsale,6060,semiequipped,,good,gas,1504,3,75,,true,,true,,,,1,,10/18/22
10065408,house,house,150000,forsale,4130,notinstalled,1959,torenovate,pellet,906,2,1210,,true,1114,true,,,1,1,,10/18/22
10119984,house,house,150000,forsale,4347,,1930,torenovate,fueloil,572,2,570,true,true,570,true,true,,,,,10/18/22
10078772,house,house,150000,forsale,6150,semiequipped,,torenovate,gas,641,3,300,,true,,,,,,,,10/18/22
9981214,house,house,150000,forsale,6180,installed,,good,gas,416,2,342,,,342,,,,,,,10/18/22
9943969,house,house,150000,forsale,6769,,1850,torenovate,,502,3,998,,,998,,,,1,,,10/18/22
9522939,house,house,154000,forsale,4400,installed,,tobedoneup,fueloil,,3,100,true,true,45,,,,,,,10/18/22
10041222,house,mixedusebuilding,154500,forsale,4020,installed,,good,gas,750,3,88,,true,,true,true,,,,,10/18/22
10128248,house,house,155000,forsale,4030,,,good,gas,578,2,75,,true,,true,,,,,,10/18/22
10128745,house,chalet,159000,forsale,3980,,2008,good,pellet,385,2,1042,true,,972,true,,,,2,,10/18/22
10158640,house,house,269000,forsale,6990,semiequipped,1976,good,pellet,247,3,3418,,,,,true,,1,7,,10/18/22
10158639,apartment,apartment,424000,forsale,1030,installed,1954,good,fueloil,192,2,,,true,,,,,,,,10/18/22
10158637,house,house,425000,forsale,2910,installed,,good,gas,,3,594,true,,,true,,,1,1,,10/18/22
10158636,house,house,335000,forsale,6950,semiequipped,2003,,,179,3,2238,,,,true,,,2,2,,10/18/22
10158634,apartment,groundfloor,395000,forsale,8670,installed,2005,good,electric,416,2,,,true,,true,,,,1,,10/18/22
10158624,house,house,2900000,forsale,5640,installed,2021,,gas,,3,589,true,,,true,,,,2,1,10/18/22
10158623,apartment,apartment,427000,forsale,4000,installed,,justrenovated,fueloil,181,2,,,true,,true,,,2,,,10/18/22
10158622,apartment,apartment,362000,forsale,4000,installed,,justrenovated,fueloil,181,2,,,,,true,,,,,,10/18/22
9853706,house,house,159999,forsale,7141,installed,,good,gas,262,2,166,true,true,53,true,true,,,1,,10/18/22
10024481,house,house,160000,forsale,7130,installed,,tobedoneup,gas,445,3,220,,true,,true,,,,,,10/18/22
10094793,house,house,165000,forsale,4102,notinstalled,,tobedoneup,fueloil,499,4,400,true,true,195,true,,,,,,10/18/22
9946698,house,house,165000,forsale,7134,semiequipped,,torenovate,fueloil,461,3,380,,true,,true,,,1,,,10/18/22
9873147,house,house,169500,forsale,4100,semiequipped,,good,gas,394,3,215,true,,65,true,,,,,,10/18/22
10069415,house,house,170000,forsale,9950,installed,1968,tobedoneup,electric,770,3,407,,,,true,,,1,1,,10/18/22
10025905,house,house,175000,forsale,4100,installed,,good,gas,118,2,150,true,true,75,,,,2,,,10/18/22
9928389,house,house,175000,forsale,4870,notinstalled,,,fueloil,,3,0,,true,240,true,,,1,1,,10/18/22
10019585,house,house,175000,forsale,5060,semiequipped,,good,fueloil,480,4,480,,true,340,true,,,,,,10/18/22
9806657,house,house,175000,forsale,7062,,,,fueloil,626,2,250,true,true,,true,,,,,,10/18/22
9687797,house,house,175000,forsale,7134,installed,,justrenovated,gas,375,3,230,,true,,true,,,,1,,10/18/22
10110567,house,house,179000,forsale,6224,semiequipped,,good,gas,230,2,0,,,,,,,,,,10/18/22
10096283,house,house,179000,forsale,6690,semiequipped,1930,,wood,599,4,933,true,true,933,,,,2,,,10/18/22
10091254,house,house,179000,forsale,6760,installed,1962,good,,731,2,150,,true,,,,,,,,10/18/22
10011675,house,house,180000,forsale,4020,,1950,torenovate,gas,354,4,0,,true,,,,,,,,10/18/22
9296154,house,house,180000,forsale,8750,semiequipped,,tobedoneup,gas,453,4,325,true,true,235,true,,,,,,10/18/22
9992083,house,house,184500,forsale,7320,usainstalled,1850,good,gas,350,3,1094,,,,true,,,,,,10/18/22
10025877,house,house,185000,forsale,4800,installed,1933,good,fueloil,507,3,440,,true,300,true,true,,,,,10/18/22
10057207,house,house,185000,forsale,9700,,,torenovate,gas,539,3,310,true,true,,true,,,,,,10/18/22
10027501,house,mixedusebuilding,186000,forsale,4020,,1971,good,fueloil,489,4,0,,,,,,,,,,10/18/22
10105041,house,house,189000,forsale,4300,semiequipped,,torenovate,fueloil,473,2,0,,true,,,,,1,,,10/18/22
10089682,house,house,190000,forsale,5190,installed,,good,fueloil,461,2,504,true,true,,true,true,,1,5,,10/18/22
10095714,house,apartmentblock,190000,forsale,6220,semiequipped,,good,pellet,315,2,0,,,,,,,,,,10/18/22
10118991,house,house,190000,forsale,7134,installed,,justrenovated,gas,280,2,580,,true,,true,,,1,1,,10/18/22
10113136,house,house,190000,forsale,7134,installed,,justrenovated,gas,240,2,397,,true,,,,,1,,,10/18/22
10020746,house,house,195000,forsale,3320,,1850,torenovate,,617,4,217,,,90,true,,,,,,10/18/22
10040754,house,house,196000,forsale,3520,semiequipped,1950,torenovate,fueloil,741,4,523,true,true,,true,,,2,6,,10/18/22
10028746,house,house,197000,forsale,6250,installed,,justrenovated,gas,492,2,390,,true,275,true,,,,1,,10/18/22
10108851,house,house,198000,forsale,9800,semiequipped,,,gas,521,3,70,,true,,,,,,,,10/18/22
10047361,house,house,199000,forsale,3400,usasemiequipped,,tobedoneup,fueloil,458,5,302,,,193,true,true,,1,,,10/18/22
10158640,house,house,269000,forsale,6990,semiequipped,1976,good,pellet,247,3,3418,,,,,true,,1,7,,10/18/22
10158639,apartment,apartment,424000,forsale,1030,installed,1954,good,fueloil,192,2,,,true,,,,,,,,10/18/22
10158637,house,house,425000,forsale,2910,installed,,good,gas,,3,594,true,,,true,,,1,1,,10/18/22
10158636,house,house,335000,forsale,6950,semiequipped,2003,,,179,3,2238,,,,true,,,2,2,,10/18/22
10158634,apartment,groundfloor,395000,forsale,8670,installed,2005,good,electric,416,2,,,true,,true,,,,1,,10/18/22
10158624,house,house,2900000,forsale,5640,installed,2021,,gas,,3,589,true,,,true,,,,2,1,10/18/22
10158623,apartment,apartment,427000,forsale,4000,installed,,justrenovated,fueloil,181,2,,,true,,true,,,2,,,10/18/22
10158622,apartment,apartment,362000,forsale,4000,installed,,justrenovated,fueloil,181,2,,,,,true,,,,,,10/18/22
10112973,house,house,199000,forsale,3945,,2000,good,gas,258,3,516,true,,1,true,,,1,1,,10/18/22
10012988,house,house,199000,forsale,6200,installed,1969,tobedoneup,fueloil,318,2,398,,,,true,true,,,,,10/18/22
10122046,house,house,199000,forsale,6210,,,torenovate,,713,4,851,,true,670,,,,2,,,10/18/22
9352549,house,house,199000,forsale,7160,installed,,good,gas,875,2,430,true,true,,true,,,,,,10/18/22
10121843,house,house,199900,forsale,8820,,1932,tobedoneup,fueloil,640,4,400,,true,,,,,1,,,10/18/22
9989218,house,house,199999,forsale,6031,hyperequipped,,justrenovated,gas,767,2,1630,true,true,1100,,true,,2,1,,10/18/22
9834086,house,house,199999,forsale,6040,installed,1950,tobedoneup,,310,4,229,true,true,,true,,,1,,,10/18/22
10063303,house,house,199999,forsale,6180,usainstalled,,good,gas,328,3,640,true,,,true,,,,,,10/18/22
10097839,house,house,200000,forsale,7170,semiequipped,,good,gas,289,1,260,,,,true,,,1,1,,10/18/22
10110128,house,house,200000,forsale,9000,installed,1950,tobedoneup,gas,325,5,140,true,true,,true,true,,,,,10/18/22
9952243,house,house,205000,forsale,7830,,,,fueloil,444,3,355,,true,,,true,,1,,,10/18/22
10108464,house,townhouse,209000,forsale,4000,installed,,good,fueloil,401,3,227,,true,,true,,,,,,10/18/22
10110017,house,house,209000,forsale,7170,installed,1900,good,gas,152,3,0,true,true,,true,true,,,1,,10/18/22
10120444,house,house,209900,forsale,4100,installed,,good,gas,622,4,205,,true,62,true,,,,,,10/18/22
10095058,house,house,210000,forsale,1360,,2003,,gas,229,2,0,,,,true,,,,,,10/18/22
10117462,house,house,210000,forsale,3300,,1900,torenovate,gas,364,4,124,true,true,35,true,,,,,,10/18/22
9956929,house,house,210000,forsale,4101,installed,,good,gas,300,3,165,,true,95,,true,,,,,10/18/22
10068000,house,house,210000,forsale,4820,,,tobedoneup,fueloil,406,6,595,,true,290,true,true,,2,2,,10/18/22
10124188,house,house,210000,forsale,8940,installed,,good,gas,283,3,0,true,,,,,,,,,10/18/22
10019085,house,house,214999,forsale,6220,semiequipped,,torenovate,gas,371,3,150,true,true,,,,,2,1,,10/18/22
10071459,house,house,219000,forsale,8870,installed,1930,asnew,gas,176,3,130,,,,,,,,,,10/18/22
10119587,house,house,220000,forsale,5070,semiequipped,,tobedoneup,fueloil,557,2,1008,true,true,849,true,,,,5,,10/18/22
9818740,house,house,220000,forsale,7134,installed,,good,fueloil,296,2,800,,true,,true,true,,,1,,10/18/22
10063539,house,apartmentblock,225000,forsale,6040,semiequipped,,good,gas,263,4,348,,,200,,,,,,,10/18/22
9966517,house,house,225000,forsale,6180,installed,,asnew,fueloil,329,2,1330,,true,1250,,,,1,,,10/18/22
9979586,house,house,229000,forsale,6041,installed,1918,asnew,gas,164,4,140,,true,,true,,,,,,10/18/22
10028888,house,townhouse,230000,forsale,4870,hyperequipped,,justrenovated,gas,98,3,195,,true,60,true,true,,,1,,10/18/22
9993299,house,house,234500,forsale,4860,installed,,good,fueloil,264,3,212,true,,20,true,true,,1,2,,10/18/22
10054881,house,house,235000,forsale,1560,installed,,good,gas,426,2,48,,true,,,,,,,,10/18/22
10011504,house,house,235000,forsale,1850,semiequipped,,tobedoneup,fueloil,558,1,0,,,,,,,2,1,,10/18/22
10158640,house,house,269000,forsale,6990,semiequipped,1976,good,pellet,247,3,3418,,,,,true,,1,7,,10/18/22
10158639,apartment,apartment,424000,forsale,1030,installed,1954,good,fueloil,192,2,,,true,,,,,,,,10/18/22
10158637,house,house,425000,forsale,2910,installed,,good,gas,,3,594,true,,,true,,,1,1,,10/18/22
10158636,house,house,335000,forsale,6950,semiequipped,2003,,,179,3,2238,,,,true,,,2,2,,10/18/22
10158634,apartment,groundfloor,395000,forsale,8670,installed,2005,good,electric,416,2,,,true,,true,,,,1,,10/18/22
10158624,house,house,2900000,forsale,5640,installed,2021,,gas,,3,589,true,,,true,,,,2,1,10/18/22
10158623,apartment,apartment,427000,forsale,4000,installed,,justrenovated,fueloil,181,2,,,true,,true,,,2,,,10/18/22
10158622,apartment,apartment,362000,forsale,4000,installed,,justrenovated,fueloil,181,2,,,,,true,,,,,,10/18/22
9960050,house,house,238000,forsale,9790,,1975,torenovate,fueloil,453,4,1454,,,,true,,,3,2,,10/18/22
10036718,house,house,239000,forsale,1500,,1900,,,480,3,115,,,,,,,,,,10/18/22
9982609,house,house,239000,forsale,1851,semiequipped,,torenovate,pellet,767,3,130,,true,,,true,,1,,,10/18/22
9985804,house,house,239000,forsale,3300,,1900,good,fueloil,684,4,843,true,true,,true,,,1,1,,10/18/22
9869846,house,mixedusebuilding,240000,forsale,4020,installed,,good,fueloil,369,3,145,,,,true,,,,,,10/18/22
10067666,house,house,240000,forsale,6060,hyperequipped,,good,gas,204,3,181,,,,,,,1,,,10/18/22
9875390,house,house,240000,forsale,6940,semiequipped,1978,good,pellet,669,3,1150,,,,,,,3,5,,10/18/22
10127357,house,house,245000,forsale,9000,usahyperequipped,,good,gas,360,3,51,true,,,true,,,,,,10/18/22
10085523,house,house,245000,forsale,9600,,,justrenovated,gas,361,3,150,,,,true,,,,1,,10/18/22
9914103,house,house,249000,forsale,3890,,1950,tobedoneup,fueloil,877,4,415,true,true,308,,true,,1,1,,10/18/22
10108199,house,house,249000,forsale,4000,hyperequipped,,good,gas,,3,290,,true,,true,,,1,,,10/18/22
9915527,house,house,249000,forsale,4257,,1950,tobedoneup,fueloil,877,4,415,true,true,308,,true,,1,1,,10/18/22
10029751,house,farmhouse,249000,forsale,4280,,1894,torenovate,,794,4,6990,true,true,6990,,true,,1,6,,10/18/22
10114948,house,apartmentblock,249000,forsale,7134,semiequipped,,torenovate,fueloil,910,5,346,true,true,,,true,,,,,10/18/22
10059178,house,house,249000,forsale,9700,,1963,,gas,347,3,720,true,true,,true,,,1,,,10/18/22
9976214,house,house,249500,forsale,9700,,1982,,gas,413,3,667,true,,,true,,,1,,,10/18/22
10026626,house,house,250000,forsale,1472,usainstalled,,good,electric,538,2,365,,true,,true,,,2,2,,10/18/22
10112206,house,house,250000,forsale,1500,notinstalled,1900,,,,2,170,,true,,true,,,1,2,,10/18/22
10112207,house,house,250000,forsale,1502,notinstalled,1900,,,,2,170,,true,,true,,,1,2,,10/18/22
10107740,house,house,250000,forsale,4140,installed,1984,tobedoneup,fueloil,439,3,1063,,true,,true,,,,,,10/18/22
10129920,house,house,250000,forsale,6110,installed,,good,gas,493,4,897,true,true,,true,true,,1,4,,10/18/22
9961053,house,house,255000,forsale,4420,installed,,good,fueloil,503,3,173,,true,,true,true,,2,,,10/18/22
10013188,house,house,255000,forsale,5570,installed,,good,fueloil,520,3,2407,,true,,true,,,1,2,,10/18/22
9796389,house,house,257000,forsale,8820,installed,1930,good,gas,561,2,69,,,,,,,,,,10/18/22
10087411,house,house,258000,forsale,9700,,,good,gas,328,3,291,,true,,true,,,1,,,10/18/22
10083217,house,house,259900,forsale,9190,installed,1935,asnew,pellet,674,4,171,,,,,,,1,,,10/18/22
9922310,house,house,260000,forsale,1400,installed,,good,gas,662,3,350,true,true,,true,true,,,,,10/18/22
10052867,house,townhouse,260000,forsale,4620,installed,1965,good,gas,270,3,315,,,138,true,true,,1,,,10/18/22
10024609,house,house,260000,forsale,6927,installed,,good,fueloil,368,3,794,true,,,,,,1,,,10/18/22
10124158,house,house,263000,forsale,7180,installed,,good,gas,329,4,176,,true,,true,,,,,,10/18/22
10158640,house,house,269000,forsale,6990,semiequipped,1976,good,pellet,247,3,3418,,,,,true,,1,7,,10/18/22
10158639,apartment,apartment,424000,forsale,1030,installed,1954,good,fueloil,192,2,,,true,,,,,,,,10/18/22
10158637,house,house,425000,forsale,2910,installed,,good,gas,,3,594,true,,,true,,,1,1,,10/18/22
10158636,house,house,335000,forsale,6950,semiequipped,2003,,,179,3,2238,,,,true,,,2,2,,10/18/22
10158634,apartment,groundfloor,395000,forsale,8670,installed,2005,good,electric,416,2,,,true,,true,,,,1,,10/18/22
10158624,house,house,2900000,forsale,5640,installed,2021,,gas,,3,589,true,,,true,,,,2,1,10/18/22
10158623,apartment,apartment,427000,forsale,4000,installed,,justrenovated,fueloil,181,2,,,true,,true,,,2,,,10/18/22
10158622,apartment,apartment,362000,forsale,4000,installed,,justrenovated,fueloil,181,2,,,,,true,,,,,,10/18/22
10019666,house,house,264000,forsale,4030,hyperequipped,,asnew,gas,197,4,98,,true,10,true,true,,,,,10/18/22
9870079,house,apartmentblock,265000,forsale,6000,usasemiequipped,,tobedoneup,gas,345,3,250,,true,150,true,,,,,,10/18/22
10049797,house,house,265000,forsale,6780,installed,,good,fueloil,243,3,127,,true,,,true,,1,1,,10/18/22
9916668,house,house,265000,forsale,7060,installed,,torenovate,fueloil,431,5,195,,true,,true,true,,,,,10/18/22
10044362,house,house,265000,forsale,7830,,1875,,,359,3,2645,,,,,,,,,,10/18/22
9962769,house,house,268000,forsale,5310,,1900,tobedoneup,fueloil,570,3,800,,,800,true,,,,,,10/18/22
10064857,house,house,269000,forsale,1600,installed,1945,good,gas,419,2,170,true,true,,true,,,,,,10/18/22
10049003,house,house,269000,forsale,1860,notinstalled,1930,torenovate,,1039,3,228,true,,,,,,2,,,10/18/22
10050212,house,villa,269000,forsale,5351,,,asnew,fueloil,309,2,1000,true,true,892,true,,,1,6,,10/18/22
10096724,house,house,269000,forsale,9550,installed,1943,asnew,electric,504,3,651,true,true,,true,,,2,2,,10/18/22
10121162,house,house,269000,forsale,9700,,1949,torenovate,pellet,687,3,1094,true,true,,,,,1,,,10/18/22
10003610,house,villa,269999,forsale,6250,semiequipped,,tobedoneup,fueloil,750,4,520,true,true,520,,true,,1,1,,10/18/22
9981575,house,house,274000,forsale,9520,,1961,torenovate,carbon,653,4,672,true,,,true,,,,,,10/18/22
9819537,house,apartmentblock,275000,forsale,4000,,,tobedoneup,gas,333,5,280,true,true,,,,,1,,,10/18/22
10060230,house,apartmentblock,275000,forsale,6061,semiequipped,,good,gas,492,4,170,,,,true,,,2,,,10/18/22
9966743,house,mixedusebuilding,275000,forsale,6180,installed,1900,good,gas,327,3,0,true,,,,true,,,,,10/18/22
10109938,house,house,275000,forsale,7031,,,good,gas,438,3,1380,true,true,1,true,true,,2,1,,10/18/22
10095688,house,house,275000,forsale,9620,,1919,,,207,3,240,,,,,,,,,,10/18/22
9912614,house,house,279000,forsale,3320,,1918,good,fueloil,396,3,686,true,true,300,true,true,,,,,10/18/22
9998116,house,house,279000,forsale,3890,installed,1934,tobedoneup,gas,478,3,909,true,true,,true,,,4,10,,10/18/22
10001016,house,house,279000,forsale,4800,installed,,good,gas,292,3,260,true,true,200,true,true,,2,1,,10/18/22
10103240,house,house,279000,forsale,9032,installed,1976,tobedoneup,gas,275,3,282,,,,,,,,,,10/18/22
9724066,house,house,280000,forsale,1315,usainstalled,,good,,248,3,200,,true,,true,,,,2,,10/18/22
10062068,house,villa,280000,forsale,1350,installed,,good,fueloil,449,6,5560,,true,,true,true,true,,,,10/18/22
10092648,house,house,280000,forsale,8791,hyperequipped,2015,asnew,gas,100,3,130,,,,true,,,,1,,10/18/22
9858173,house,house,285000,forsale,3300,installed,1936,good,gas,401,3,290,,true,150,true,,,,,,10/18/22
10017626,house,house,285000,forsale,4000,,,torenovate,gas,433,3,0,,true,265,true,true,,1,,,10/18/22
10117496,house,house,289000,forsale,9000,usahyperequipped,1930,good,gas,486,3,50,,true,,true,,,,,,10/18/22
10117495,house,house,289000,forsale,9040,usahyperequipped,1930,good,gas,486,3,50,,true,,true,,,,,,10/18/22
9994748,house,house,289500,forsale,2300,,1992,good,gas,230,3,181,true,,50,,,,1,1,,10/18/22
10158640,house,house,269000,forsale,6990,semiequipped,1976,good,pellet,247,3,3418,,,,,true,,1,7,,10/18/22
10158639,apartment,apartment,424000,forsale,1030,installed,1954,good,fueloil,192,2,,,true,,,,,,,,10/18/22
10158637,house,house,425000,forsale,2910,installed,,good,gas,,3,594,true,,,true,,,1,1,,10/18/22
10158636,house,house,335000,forsale,6950,semiequipped,2003,,,179,3,2238,,,,true,,,2,2,,10/18/22
10158634,apartment,groundfloor,395000,forsale,8670,installed,2005,good,electric,416,2,,,true,,true,,,,1,,10/18/22
10158624,house,house,2900000,forsale,5640,installed,2021,,gas,,3,589,true,,,true,,,,2,1,10/18/22
10158623,apartment,apartment,427000,forsale,4000,installed,,justrenovated,fueloil,181,2,,,true,,true,,,2,,,10/18/22
10158622,apartment,apartment,362000,forsale,4000,installed,,justrenovated,fueloil,181,2,,,,,true,,,,,,10/18/22
10112706,house,apartmentblock,295000,forsale,1300,semiequipped,,good,gas,275,1,0,,true,,,,,,,,10/18/22
9845177,house,house,295000,forsale,1470,installed,1930,good,fueloil,274,3,469,,true,,,,,1,2,,10/18/22
9320428,house,mixedusebuilding,295000,forsale,4800,semiequipped,,good,gas,240,4,505,,,,,true,,,,,10/18/22
10057959,house,house,295000,forsale,6110,,,good,gas,234,4,1016,true,true,130,true,true,,1,,,10/18/22
9904378,house,house,295000,forsale,6940,installed,1992,good,fueloil,459,2,928,,,,,,,1,,,10/18/22
10083554,house,house,299000,forsale,1500,,1900,,,305,3,185,,,,,,,,,,10/18/22
10112504,house,townhouse,299000,forsale,1650,installed,1953,tobedoneup,electric,672,2,372,,,,true,,,1,,,10/18/22
10112503,house,townhouse,299000,forsale,1651,installed,1953,tobedoneup,electric,672,2,372,,,,true,true,,1,,,10/18/22
10080407,house,house,299000,forsale,3300,,1850,asnew,gas,391,2,70,true,true,17,true,,,,,,10/18/22
10032937,house,house,299000,forsale,3390,usahyperequipped,2008,good,fueloil,222,3,1174,,,1054,true,,,,5,,10/18/22
9976530,house,house,299000,forsale,4020,notinstalled,1969,tobedoneup,fueloil,508,3,927,,true,,true,,,1,2,,10/18/22
10114180,house,villa,299000,forsale,5600,installed,2008,asnew,fueloil,98,4,1310,,true,,true,true,,1,4,,10/18/22
10114911,house,villa,299000,forsale,6280,installed,1972,good,fueloil,436,4,511,,true,,true,true,,1,,,10/18/22
10108622,house,house,299999,forsale,5310,hyperequipped,1962,good,fueloil,377,3,1017,,true,,true,true,,,1,,10/18/22
10015164,house,villa,299999,forsale,7100,installed,1980,good,gas,509,3,826,true,true,417,true,,,2,1,,10/18/22
10015163,house,house,299999,forsale,7100,installed,1980,good,gas,509,3,826,true,true,417,true,,,2,1,,10/18/22
10023840,house,house,305000,forsale,1500,,1919,,,395,4,345,,,,,,,,,,10/18/22
10034644,house,house,310000,forsale,5300,installed,2001,asnew,fueloil,184,3,560,,,,true,true,,1,2,,10/18/22
10085918,house,house,310000,forsale,6700,notinstalled,1912,torenovate,,505,4,1500,,,550,,,,,2,,10/18/22
10074198,house,house,310000,forsale,6900,,,good,gas,95,3,593,,,593,true,,,1,4,,10/18/22
10110130,house,house,310000,forsale,7850,semiequipped,1956,torenovate,fueloil,,3,900,true,true,700,true,true,,1,4,,10/18/22
10015100,house,mixedusebuilding,310000,forsale,9400,hyperequipped,1990,torenovate,electric,533,2,356,,,,true,,,,,,10/18/22
9829230,house,mixedusebuilding,315000,forsale,1790,semiequipped,1957,torenovate,fueloil,,4,108,,,,true,,,,,,10/18/22
10085394,house,house,315000,forsale,4218,semiequipped,1850,justrenovated,pellet,179,4,1405,true,,1200,true,true,,,2,,10/18/22
10061167,house,house,315000,forsale,5000,,,good,gas,262,3,580,true,true,544,true,,,,,,10/18/22
10019557,house,house,315000,forsale,8550,installed,1985,good,fueloil,232,3,0,,,285,true,true,,,,,10/18/22
10009252,house,house,315000,forsale,9000,,,asnew,gas,248,3,55,,,,,,,,,,10/18/22
10109438,house,house,315000,forsale,9320,hyperequipped,,asnew,gas,151,4,220,true,,80,true,,,1,1,,10/18/22
10082225,house,house,319000,forsale,1800,usahyperequipped,1930,,gas,277,3,0,,true,,,,,,,,10/18/22
10005157,house,house,319000,forsale,2930,,1982,good,gas,287,2,175,,,,true,,,,,,10/18/22
10158640,house,house,269000,forsale,6990,semiequipped,1976,good,pellet,247,3,3418,,,,,true,,1,7,,10/18/22
10158639,apartment,apartment,424000,forsale,1030,installed,1954,good,fueloil,192,2,,,true,,,,,,,,10/18/22
10158637,house,house,425000,forsale,2910,installed,,good,gas,,3,594,true,,,true,,,1,1,,10/18/22
10158636,house,house,335000,forsale,6950,semiequipped,2003,,,179,3,2238,,,,true,,,2,2,,10/18/22
10158634,apartment,groundfloor,395000,forsale,8670,installed,2005,good,electric,416,2,,,true,,true,,,,1,,10/18/22
10158624,house,house,2900000,forsale,5640,installed,2021,,gas,,3,589,true,,,true,,,,2,1,10/18/22
10158623,apartment,apartment,427000,forsale,4000,installed,,justrenovated,fueloil,181,2,,,true,,true,,,2,,,10/18/22
10158622,apartment,apartment,362000,forsale,4000,installed,,justrenovated,fueloil,181,2,,,,,true,,,,,,10/18/22
9963932,house,mixedusebuilding,319000,forsale,4860,semiequipped,,good,gas,478,5,128,true,,,,true,,,,,10/18/22
10067709,house,house,319000,forsale,8211,installed,,good,gas,,2,240,,true,,true,,,,,,10/18/22
10087231,house,townhouse,319000,forsale,8500,installed,1946,justrenovated,gas,,3,103,,true,,true,,,1,1,,10/18/22
9788252,house,house,319500,forsale,8550,installed,1975,tobedoneup,gas,262,3,390,,,,,,,,,,10/18/22
10128375,house,townhouse,320000,forsale,1502,semiequipped,1956,tobedoneup,gas,391,2,443,true,,,true,true,,1,2,,10/18/22
10128255,house,house,320000,forsale,4218,notinstalled,1954,tobedoneup,gas,456,4,2920,true,true,2500,,,,1,4,,10/18/22
10119622,house,mixedusebuilding,320000,forsale,9340,,1950,good,gas,482,3,445,true,true,,,,,2,2,,10/18/22
9958060,house,townhouse,325000,forsale,1501,installed,1968,good,gas,491,3,84,,,,true,,,,,,10/18/22
9787800,house,house,325000,forsale,6600,installed,1968,good,fueloil,498,2,9525,,,,,,,1,,,10/18/22
10078238,house,house,325000,forsale,6890,,,tobedoneup,pellet,339,6,1387,true,true,1194,true,,,2,5,,10/18/22
10027500,house,apartmentblock,325000,forsale,9240,installed,1943,good,gas,413,5,242,,,30,true,true,,,,,10/18/22
9964380,house,house,329000,forsale,1470,installed,2005,asnew,gas,246,3,185,true,,,true,,,1,,,10/18/22
9752433,house,house,329000,forsale,4340,installed,,tobedoneup,fueloil,315,3,746,true,true,500,,,,1,2,,10/18/22
10011073,house,house,329000,forsale,4550,,1900,good,fueloil,439,3,708,true,true,530,true,true,,1,1,,10/18/22
10020220,house,house,329000,forsale,9600,hyperequipped,1921,asnew,gas,158,4,300,true,true,170,true,true,,,,,10/18/22
9518632,house,house,330000,forsale,1315,usasemiequipped,1955,good,,400,2,638,,true,,true,,,1,1,,10/18/22
10039979,house,house,330000,forsale,2500,installed,1929,asnew,gas,351,3,0,true,,,true,,,,,,10/18/22
10030082,house,house,330000,forsale,9050,,1956,tobedoneup,electric,851,5,86,,,6,true,,,,,,10/18/22
10127230,house,house,334000,forsale,9000,installed,,,gas,168,3,0,,,,,,,,,,10/18/22
10014564,house,house,335000,forsale,9700,,,asnew,gas,447,4,200,,true,,true,,,,,,10/18/22
9958731,house,villa,339000,forsale,8610,installed,,good,fueloil,,4,684,true,true,,,,,,,,10/18/22
10080229,house,mixedusebuilding,339000,forsale,9340,hyperequipped,,asnew,gas,220,1,100,true,true,,true,,,,,,10/18/22
10051945,house,house,340000,forsale,3800,installed,1970,justrenovated,gas,386,3,417,true,true,,,,,,,,10/18/22
9841605,house,house,340000,forsale,4041,,,,gas,250,7,0,,true,320,true,,,,1,,10/18/22
10020831,house,house,340000,forsale,4100,installed,,good,gas,263,5,350,true,true,150,true,true,,,,,10/18/22
10100753,house,house,349000,forsale,1500,,1977,,,440,3,324,,,,,,,,,,10/18/22
9496153,house,mixedusebuilding,349000,forsale,4860,notinstalled,,good,gas,210,4,435,,true,,true,,,,8,,10/18/22
9460066,house,apartmentblock,349000,forsale,7100,installed,,good,gas,104,3,0,true,true,,true,,,1,1,,10/18/22
10087850,house,house,349000,forsale,9300,hyperequipped,1961,asnew,gas,415,4,265,,true,,true,,,1,2,,10/18/22
10004783,house,house,349000,forsale,9900,installed,2013,asnew,gas,133,5,304,,,,,,,1,,,10/18/22
10158640,house,house,269000,forsale,6990,semiequipped,1976,good,pellet,247,3,3418,,,,,true,,1,7,,10/18/22
10158639,apartment,apartment,424000,forsale,1030,installed,1954,good,fueloil,192,2,,,true,,,,,,,,10/18/22
10158637,house,house,425000,forsale,2910,installed,,good,gas,,3,594,true,,,true,,,1,1,,10/18/22
10158636,house,house,335000,forsale,6950,semiequipped,2003,,,179,3,2238,,,,true,,,2,2,,10/18/22
10158634,apartment,groundfloor,395000,forsale,8670,installed,2005,good,electric,416,2,,,true,,true,,,,1,,10/18/22
10158624,house,house,2900000,forsale,5640,installed,2021,,gas,,3,589,true,,,true,,,,2,1,10/18/22
10158623,apartment,apartment,427000,forsale,4000,installed,,justrenovated,fueloil,181,2,,,true,,true,,,2,,,10/18/22
10158622,apartment,apartment,362000,forsale,4000,installed,,justrenovated,fueloil,181,2,,,,,true,,,,,,10/18/22
10122636,house,house,350000,forsale,3500,semiequipped,,torenovate,gas,,8,114,true,true,,,,,,1,,10/18/22
10080301,house,house,350000,forsale,4845,installed,,good,fueloil,162,5,510,,true,300,true,,,1,,,10/18/22
10065599,house,house,350000,forsale,5377,semiequipped,,tobedoneup,fueloil,392,3,463,,true,,true,,,1,2,,10/18/22
10121666,house,villa,350000,forsale,6460,installed,1964,asnew,fueloil,340,4,788,true,true,,true,true,,,,,10/18/22
10128922,house,house,350000,forsale,6900,installed,,good,gas,265,3,258,,true,258,true,,,1,,,10/18/22
10028626,house,house,354000,forsale,2381,installed,2023,,,,3,255,,,,true,,,,,,10/18/22
9960093,house,house,355000,forsale,9400,installed,1956,good,electric,417,3,338,,,,,,,,,,10/18/22
10065770,house,house,359000,forsale,1850,semiequipped,,good,gas,379,3,174,,true,,true,,,1,,,10/18/22
9862336,house,house,359000,forsale,2560,installed,,good,gas,477,3,395,,true,,true,,,11,5,,10/18/22
9791703,house,house,360000,forsale,6940,installed,2006,good,fueloil,239,4,888,,,,true,,,1,4,,10/18/22
10041170,house,apartmentblock,365000,forsale,1600,installed,1925,tobedoneup,gas,395,4,113,true,,,true,,,1,,,10/18/22
10091827,house,house,365000,forsale,7070,usasemiequipped,2017,,,129,4,1087,,,100,true,,,1,2,,10/18/22
10122162,house,house,365000,forsale,8900,installed,,good,gas,,1,124,,,,,,,,,,10/18/22
9869412,house,house,368000,forsale,4710,,,,pellet,474,4,0,,,330,true,,,1,1,,10/18/22
10105703,house,house,369000,forsale,3530,usahyperequipped,1983,good,gas,296,4,855,true,true,,true,true,,1,3,,10/18/22
10128566,house,house,372000,forsale,1840,usasemiequipped,1967,good,fueloil,562,3,428,true,true,,true,,,1,2,,10/18/22
10117464,house,house,375000,forsale,1400,usahyperequipped,,justrenovated,gas,292,3,111,,true,,true,,,,,,10/18/22
10129711,house,house,375000,forsale,8490,,1980,good,gas,362,4,456,,,,true,,,1,1,,10/18/22
10085405,house,townhouse,378000,forsale,4040,,2019,,,120,3,191,,,48,true,,,1,1,,10/18/22
10122874,house,house,379000,forsale,5060,semiequipped,,tobedoneup,fueloil,418,4,590,,true,200,true,,,1,2,,10/18/22
10102718,house,mixedusebuilding,380000,forsale,2100,installed,1969,good,fueloil,781,4,223,,true,,true,true,,10,10,,10/18/22
9620781,house,house,380000,forsale,6600,,1930,,fueloil,,4,1416,,,,,,,,,,10/18/22
10116304,house,house,389000,forsale,1730,hyperequipped,1965,asnew,gas,387,3,286,,true,150,,,,1,2,,10/18/22
10114190,house,house,390000,forsale,1082,installed,,asnew,gas,207,4,90,,true,,true,,,,,,10/18/22
10078794,house,house,390000,forsale,6747,installed,1984,,electric,305,3,1698,true,true,1600,true,,,1,2,,10/18/22
9956809,house,mixedusebuilding,390000,forsale,6760,installed,1930,good,fueloil,361,6,420,,true,,,,,3,,,10/18/22
10095065,house,house,390000,forsale,7190,installed,,good,electric,225,3,628,,,,,,,1,10,,10/18/22
10119689,house,house,395000,forsale,1480,,1900,,,259,3,3823,,,,,,,,,,10/18/22
10119690,house,house,395000,forsale,1670,,1900,,,259,3,3823,,,,,,,,,,10/18/22
10107641,house,house,395000,forsale,1800,hyperequipped,1931,good,gas,154,5,115,,true,,,,,,,,10/18/22
10158640,house,house,269000,forsale,6990,semiequipped,1976,good,pellet,247,3,3418,,,,,true,,1,7,,10/18/22
10158639,apartment,apartment,424000,forsale,1030,installed,1954,good,fueloil,192,2,,,true,,,,,,,,10/18/22
10158637,house,house,425000,forsale,2910,installed,,good,gas,,3,594,true,,,true,,,1,1,,10/18/22
10158636,house,house,335000,forsale,6950,semiequipped,2003,,,179,3,2238,,,,true,,,2,2,,10/18/22
10158634,apartment,groundfloor,395000,forsale,8670,installed,2005,good,electric,416,2,,,true,,true,,,,1,,10/18/22
10158624,house,house,2900000,forsale,5640,installed,2021,,gas,,3,589,true,,,true,,,,2,1,10/18/22
10158623,apartment,apartment,427000,forsale,4000,installed,,justrenovated,fueloil,181,2,,,true,,true,,,2,,,10/18/22
10158622,apartment,apartment,362000,forsale,4000,installed,,justrenovated,fueloil,181,2,,,,,true,,,,,,10/18/22
10077576,house,house,395000,forsale,4121,,,,fueloil,204,3,725,,true,450,true,true,,1,1,,10/18/22
10102234,house,house,395000,forsale,4681,installed,,asnew,gas,298,3,704,true,,,true,,,1,3,,10/18/22
10107785,house,villa,395000,forsale,5060,installed,1998,asnew,fueloil,219,4,1010,true,true,850,true,true,,2,2,,10/18/22
10052156,house,house,395000,forsale,9200,semiequipped,1962,torenovate,fueloil,350,4,430,true,,,true,true,,1,2,,10/18/22
10106165,house,house,395000,forsale,9500,hyperequipped,1997,asnew,pellet,198,3,550,,,,true,true,,1,,,10/18/22
10043042,house,house,399000,forsale,1500,installed,1961,tobedoneup,gas,410,5,1389,true,true,,true,true,,1,4,,10/18/22
10089961,house,house,399000,forsale,1500,,1985,,,175,3,321,,,,,,,,,,10/18/22
10063663,house,house,399000,forsale,2620,usainstalled,1980,justrenovated,,,3,147,,true,27,,,,,,,10/18/22
10114726,house,villa,399000,forsale,4920,installed,,asnew,fueloil,218,4,1800,,true,1500,true,true,,1,5,,10/18/22
10085093,house,villa,399000,forsale,6210,installed,2003,asnew,electric,353,3,753,,,,true,,,1,,,10/18/22
9974460,house,house,399000,forsale,7866,,1960,,wood,615,6,1814,,true,,true,,,1,1,,10/18/22
9854937,house,apartmentblock,399000,forsale,8580,,1980,torenovate,gas,239,3,207,true,,,true,true,,,,,10/18/22
9852712,house,house,399000,forsale,8580,,1980,torenovate,gas,239,3,207,true,,,true,true,,,,,10/18/22
10119369,house,house,399000,forsale,9032,installed,1935,good,gas,234,2,185,,,,,,,,,,10/18/22
10087282,house,house,399000,forsale,9971,hyperequipped,2022,justrenovated,gas,248,4,448,,,,,,,,1,,10/18/22
10108961,house,house,400000,forsale,1070,semiequipped,,good,gas,181,4,192,,true,,,,,,,,10/18/22
9253800,house,house,410000,forsale,7370,semiequipped,,tobedoneup,fueloil,416,7,1950,,true,1200,,,,2,3,,10/18/22
9596101,house,villa,419000,forsale,7712,hyperequipped,,good,gas,205,4,573,,true,,true,,,1,3,,10/18/22
9998133,house,house,425000,forsale,1502,,1931,,,756,4,1431,,,,,,,,,,10/18/22
10080628,house,house,425000,forsale,2180,,1973,good,,271,3,270,,,,true,,true,1,2,,10/18/22
9943529,house,villa,425000,forsale,4130,hyperequipped,1987,asnew,gas,235,3,1065,,true,,true,,,1,2,,10/18/22
10063671,house,villa,425000,forsale,5590,hyperequipped,2014,asnew,electric,74,3,1175,,,,true,true,,1,2,,10/18/22
9969491,house,mixedusebuilding,425000,forsale,6530,installed,,tobedoneup,gas,284,0,260,,true,,true,,,,,,10/18/22
10005433,house,villa,425000,forsale,7000,,1968,tobedoneup,fueloil,591,5,2301,true,true,,true,true,,3,20,,10/18/22
10001210,house,villa,425000,forsale,7130,,1968,tobedoneup,fueloil,591,5,2301,true,true,,true,true,,3,20,,10/18/22
10121110,house,house,428000,forsale,9850,installed,1982,torenovate,gas,,2,940,,,700,true,,,1,4,,10/18/22
10097128,house,house,429000,forsale,9506,hyperequipped,1988,good,fueloil,541,5,696,true,true,696,true,true,,2,6,,10/18/22
9936617,house,apartmentblock,435000,forsale,7141,installed,,asnew,gas,257,6,190,,,,true,,,1,,,10/18/22
10084467,house,mixedusebuilding,435000,forsale,9600,,,tobedoneup,,234,0,222,,,,,,,,,,10/18/22
10062103,house,house,439000,forsale,6792,hyperequipped,,asnew,fueloil,251,5,500,true,true,,true,,,4,3,,10/18/22
10158640,house,house,269000,forsale,6990,semiequipped,1976,good,pellet,247,3,3418,,,,,true,,1,7,,10/18/22
10158639,apartment,apartment,424000,forsale,1030,installed,1954,good,fueloil,192,2,,,true,,,,,,,,10/18/22
10158637,house,house,425000,forsale,2910,installed,,good,gas,,3,594,true,,,true,,,1,1,,10/18/22
10158636,house,house,335000,forsale,6950,semiequipped,2003,,,179,3,2238,,,,true,,,2,2,,10/18/22
10158634,apartment,groundfloor,395000,forsale,8670,installed,2005,good,electric,416,2,,,true,,true,,,,1,,10/18/22
10158624,house,house,2900000,forsale,5640,installed,2021,,gas,,3,589,true,,,true,,,,2,1,10/18/22
10158623,apartment,apartment,427000,forsale,4000,installed,,justrenovated,fueloil,181,2,,,true,,true,,,2,,,10/18/22
10158622,apartment,apartment,362000,forsale,4000,installed,,justrenovated,fueloil,181,2,,,,,true,,,,,,10/18/22
9880658,house,house,444000,forsale,2830,usasemiequipped,1964,good,gas,215,5,1090,true,true,700,true,,,2,4,,10/18/22
10081380,house,villa,445000,forsale,1450,hyperequipped,1994,good,electric,,4,1187,,,400,true,,,,,,10/18/22
9853551,house,bungalow,449000,forsale,1600,installed,1967,tobedoneup,fueloil,912,2,608,true,true,,true,,,1,1,,10/18/22
9690553,house,exceptionalproperty,449000,forsale,1800,usainstalled,1930,good,gas,243,4,590,true,true,430,true,true,,,,,10/18/22
10129626,house,house,449000,forsale,2800,installed,2012,asnew,gas,73,3,0,,,60,true,,,1,1,,10/18/22
9986833,house,villa,449000,forsale,8830,installed,1977,tobedoneup,gas,219,5,1659,true,true,,true,true,,3,7,,10/18/22
10101380,house,villa,450000,forsale,4453,usahyperequipped,2002,asnew,fueloil,231,4,1050,true,true,,true,true,,1,4,,10/18/22
10127834,house,apartmentblock,450000,forsale,9032,installed,1973,tobedoneup,gas,491,4,236,,,,,,,2,2,,10/18/22
10123570,house,villa,459000,forsale,1300,semiequipped,1984,,gas,394,3,1208,,,1208,,,,2,3,,10/18/22
10076374,house,house,464000,forsale,9280,hyperequipped,1992,good,electric,362,4,874,true,,,true,true,,1,4,,10/18/22
10116528,house,villa,465000,forsale,1360,installed,1993,,electric,252,4,784,,true,,true,true,,2,3,,10/18/22
10033040,house,house,465000,forsale,5000,installed,2006,,fueloil,170,4,1823,,true,,,,,1,3,,10/18/22
10001816,house,house,465000,forsale,5330,installed,2006,,fueloil,170,4,1823,,true,,,,,1,3,,10/18/22
10119368,house,house,465000,forsale,9940,installed,2009,asnew,gas,141,3,773,,,,,,,,,,10/18/22
10099586,house,villa,469000,forsale,9255,installed,1968,good,fueloil,370,2,832,true,true,,true,,,1,2,,10/18/22
9934103,house,house,470000,forsale,9040,hyperequipped,,justrenovated,gas,146,3,80,,true,,true,,,,,,10/18/22
9964150,house,house,475000,forsale,1180,installed,1969,torenovate,gas,389,3,219,true,true,,true,true,,1,1,,10/18/22
10080276,house,house,475000,forsale,1502,,1949,,,219,6,254,,,,,,,,,,10/18/22
10032553,house,bungalow,475000,forsale,1850,hyperequipped,1978,good,gas,328,3,812,true,,355,true,,,2,4,,10/18/22
10074146,house,house,475000,forsale,3472,,2018,asnew,,59,4,391,true,,,true,,,,2,,10/18/22
10121464,house,villa,475000,forsale,6110,,2014,good,gas,154,4,777,true,true,696,true,true,,2,2,,10/18/22
10127443,house,mansion,475000,forsale,7000,installed,1890,,fueloil,390,5,850,,true,,,,,1,4,,10/18/22
10129982,house,apartmentblock,475000,forsale,9000,,1932,,gas,284,2,90,,,,,,,,,,10/18/22
10044963,house,house,475000,forsale,9150,installed,1998,good,gas,304,4,751,,,751,,,true,2,,,10/18/22
10022449,house,apartmentblock,479000,forsale,1830,installed,,good,gas,559,6,230,,true,,,,,2,,,10/18/22
9880303,house,mixedusebuilding,479000,forsale,9700,,,asnew,gas,260,4,1079,,true,,true,true,true,1,,,10/18/22
9877868,house,house,479000,forsale,9700,,,asnew,gas,260,4,1079,,true,,true,true,true,1,,,10/18/22
9674764,house,apartmentblock,485000,forsale,1745,semiequipped,2010,good,,,0,1309,,,600,,,,,6,,10/18/22
10050005,house,house,485000,forsale,9280,hyperequipped,2019,asnew,gas,84,3,230,,,,true,,,,,,10/18/22
9784630,house,villa,490000,forsale,3090,usahyperequipped,1973,asnew,fueloil,348,3,1482,true,,,true,,,1,3,,10/18/22
10158640,house,house,269000,forsale,6990,semiequipped,1976,good,pellet,247,3,3418,,,,,true,,1,7,,10/18/22
10158639,apartment,apartment,424000,forsale,1030,installed,1954,good,fueloil,192,2,,,true,,,,,,,,10/18/22
10158637,house,house,425000,forsale,2910,installed,,good,gas,,3,594,true,,,true,,,1,1,,10/18/22
10158636,house,house,335000,forsale,6950,semiequipped,2003,,,179,3,2238,,,,true,,,2,2,,10/18/22
10158634,apartment,groundfloor,395000,forsale,8670,installed,2005,good,electric,416,2,,,true,,true,,,,1,,10/18/22
10158624,house,house,2900000,forsale,5640,installed,2021,,gas,,3,589,true,,,true,,,,2,1,10/18/22
10158623,apartment,apartment,427000,forsale,4000,installed,,justrenovated,fueloil,181,2,,,true,,true,,,2,,,10/18/22
10158622,apartment,apartment,362000,forsale,4000,installed,,justrenovated,fueloil,181,2,,,,,true,,,,,,10/18/22
10107316,house,villa,490000,forsale,9860,installed,1970,justrenovated,fueloil,479,3,1789,true,,1396,true,,,,1,,10/18/22
10034985,house,house,495000,forsale,1850,installed,,good,gas,326,5,803,,true,,true,,,1,3,,10/18/22
10003076,house,house,495000,forsale,4032,notinstalled,,justrenovated,fueloil,210,3,1373,,,,,,,3,,,10/18/22
10059519,house,villa,499000,forsale,1653,installed,1966,tobedoneup,fueloil,789,4,885,true,true,,true,,,1,2,,10/18/22
10083976,house,house,500000,forsale,9500,hyperequipped,1989,good,gas,512,3,5970,,,,true,,,2,3,,10/18/22
10118617,house,house,510000,forsale,1860,installed,1954,good,gas,240,3,464,true,true,,true,true,,1,2,,10/18/22
10124814,house,house,515000,forsale,1000,hyperequipped,,asnew,gas,,3,76,,,24,true,,,,,,10/18/22
10124812,house,house,515000,forsale,1080,hyperequipped,,asnew,gas,,3,76,,,24,true,,,,,,10/18/22
10119712,house,villa,520000,forsale,1755,hyperequipped,2000,asnew,gas,209,3,674,,,400,true,,,2,6,,10/18/22
10080389,house,villa,525000,forsale,1653,semiequipped,1960,tobedoneup,fueloil,380,3,1061,true,,,true,,,1,5,,10/18/22
10038541,house,villa,525000,forsale,4287,usahyperequipped,2000,asnew,fueloil,142,4,1200,true,true,1100,true,true,true,,,,10/18/22
9970553,house,house,525000,forsale,9570,,1981,asnew,fueloil,311,4,1194,,true,,,,,1,,,10/18/22
9792407,house,house,529000,forsale,1800,,,tobedoneup,,639,5,400,,true,,true,,,,,,10/18/22
10125723,house,house,529000,forsale,9030,installed,1966,torenovate,fueloil,467,3,1150,,,,,,,2,2,,10/18/22
10025907,house,exceptionalproperty,545000,forsale,2845,,,torenovate,gas,631,2,885,,true,,,,,17,,,10/18/22
10006668,house,house,545000,forsale,9000,,1930,good,gas,363,5,133,,true,,true,,,,,,10/18/22
9952476,house,apartmentblock,545000,forsale,9000,,1930,good,gas,363,5,133,,true,,true,,,,,,10/18/22
9940456,house,house,546500,forsale,9700,installed,2022,good,,,3,482,,,,true,,,1,,,10/18/22
10055437,house,mansion,548000,forsale,4000,,1927,good,gas,464,6,480,,true,340,true,true,,1,,,10/18/22
10037235,house,house,549000,forsale,5530,installed,,justrenovated,fueloil,412,5,3268,,true,3268,,true,,6,,,10/18/22
10015967,house,apartmentblock,549000,forsale,5530,installed,,justrenovated,fueloil,412,5,3268,,true,3268,,true,,6,,,10/18/22
10015878,house,apartmentblock,549000,forsale,5530,installed,,justrenovated,fueloil,412,5,3268,,true,3268,,true,,6,,,10/18/22
10002388,house,house,549000,forsale,5530,installed,,justrenovated,fueloil,412,5,3268,,true,3268,,true,,6,,,10/18/22
10019685,house,house,549000,forsale,9140,hyperequipped,2005,asnew,gas,111,2,121,true,,,,,,1,1,,10/18/22
10087416,house,house,549000,forsale,9700,,2009,asnew,gas,182,3,655,,,,true,,,1,,,10/18/22
10099082,house,villa,549000,forsale,9860,,1990,asnew,gas,259,4,1375,,,,true,true,,2,4,,10/18/22
10093286,house,exceptionalproperty,550000,forsale,6700,installed,1930,asnew,gas,259,5,155,true,,55,true,,,,,,10/18/22
10089708,house,house,550000,forsale,9840,installed,1968,justrenovated,gas,175,6,666,,,,,,,1,4,,10/18/22
10117925,house,villa,555000,forsale,2950,installed,1951,torenovate,gas,547,4,2013,,true,,true,true,,,3,,10/18/22
9940457,house,house,564240,forsale,9700,installed,2022,good,,,3,559,,,,true,,,,,,10/18/22
10158640,house,house,269000,forsale,6990,semiequipped,1976,good,pellet,247,3,3418,,,,,true,,1,7,,10/18/22
10158639,apartment,apartment,424000,forsale,1030,installed,1954,good,fueloil,192,2,,,true,,,,,,,,10/18/22
10158637,house,house,425000,forsale,2910,installed,,good,gas,,3,594,true,,,true,,,1,1,,10/18/22
10158636,house,house,335000,forsale,6950,semiequipped,2003,,,179,3,2238,,,,true,,,2,2,,10/18/22
10158634,apartment,groundfloor,395000,forsale,8670,installed,2005,good,electric,416,2,,,true,,true,,,,1,,10/18/22
10158624,house,house,2900000,forsale,5640,installed,2021,,gas,,3,589,true,,,true,,,,2,1,10/18/22
10158623,apartment,apartment,427000,forsale,4000,installed,,justrenovated,fueloil,181,2,,,true,,true,,,2,,,10/18/22
10158622,apartment,apartment,362000,forsale,4000,installed,,justrenovated,fueloil,181,2,,,,,true,,,,,,10/18/22
10094066,house,house,569000,forsale,2870,usainstalled,,justrenovated,gas,138,5,919,true,,811,true,,,3,2,,10/18/22
10129524,house,house,575000,forsale,1560,,1991,,fueloil,331,4,646,true,true,,true,true,,2,3,,10/18/22
10052200,house,house,575000,forsale,4130,installed,1890,good,fueloil,671,4,2705,,true,,true,,,,10,,10/18/22
10060503,house,house,579000,forsale,9890,,1996,asnew,fueloil,187,4,1331,true,,,true,,,2,,,10/18/22
10019658,house,house,585000,forsale,1410,installed,1985,good,gas,429,3,588,,true,,,true,,1,1,,10/18/22
9968536,house,villa,589000,forsale,9250,installed,1998,asnew,gas,208,3,789,,,789,,,,1,,,10/18/22
9972258,house,villa,590000,forsale,4450,installed,2013,asnew,,,4,1230,,,1165,true,true,,2,8,,10/18/22
10120005,house,villa,590000,forsale,9500,installed,1977,good,gas,463,3,2130,,,,true,,,4,10,,10/18/22
10089185,house,exceptionalproperty,595000,forsale,1083,hyperequipped,1962,good,gas,192,6,274,,true,160,true,,,1,1,,10/18/22
10087607,house,house,595000,forsale,1083,hyperequipped,1962,good,gas,192,6,274,,true,160,true,,,1,1,,10/18/22
10126935,house,villa,595000,forsale,1410,installed,1954,tobedoneup,gas,414,4,1129,true,true,,true,true,,1,1,,10/18/22
10022735,house,villa,595000,forsale,8540,,2001,good,electric,255,4,2518,,true,,,,,1,4,,10/18/22
10041174,house,villa,599000,forsale,1500,hyperequipped,1974,asnew,fueloil,224,3,735,true,,,true,true,,2,4,,10/18/22
10041173,house,villa,599000,forsale,1500,hyperequipped,1974,asnew,fueloil,224,3,735,true,,,true,true,,2,4,,10/18/22
10108907,house,villa,600000,forsale,9900,installed,1991,good,gas,422,6,1511,,,,,,,1,5,,10/18/22
9723433,house,villa,625000,forsale,1652,installed,1970,good,fueloil,454,4,1629,,true,,true,true,true,2,3,,10/18/22
9878596,house,apartmentblock,630000,forsale,1190,semiequipped,1932,tobedoneup,gas,530,4,0,,true,,true,true,,,,,10/18/22
10099635,house,house,638000,forsale,2630,hyperequipped,,good,gas,219,3,910,,true,500,true,true,,,5,,10/18/22
9890543,house,villa,645000,forsale,8430,installed,2010,asnew,gas,198,3,1713,,,1500,,,,,5,,10/18/22
10110046,house,villa,650000,forsale,1440,hyperequipped,1964,good,gas,258,5,950,,true,,,true,,2,2,,10/18/22
9949576,house,exceptionalproperty,675000,forsale,1547,usainstalled,,good,,457,4,0,,,,true,,,,,,10/18/22
10082904,house,house,685000,forsale,1070,,1950,good,gas,343,3,348,,,250,true,,,,,,10/18/22
10008533,house,mixedusebuilding,690000,forsale,4000,,,,electric,401,9,0,,true,,,,,1,,,10/18/22
9325784,house,exceptionalproperty,690000,forsale,7050,usahyperequipped,,good,,187,3,405,,true,,true,,,3,,,10/18/22
10111616,house,mixedusebuilding,690000,forsale,9000,installed,1855,good,gas,353,4,120,,,,,,,,,,10/18/22
10082201,house,villa,695000,forsale,1180,,1962,torenovate,electric,372,4,591,,true,591,true,true,,1,1,,10/18/22
10070966,house,mixedusebuilding,699000,forsale,1020,hyperequipped,1953,good,gas,166,4,0,,true,160,true,,,1,2,,10/18/22
10070965,house,exceptionalproperty,699000,forsale,1020,hyperequipped,1953,good,gas,166,4,0,,true,160,true,,,1,2,,10/18/22
10075723,house,villa,710000,forsale,1980,usainstalled,1996,good,gas,232,4,1100,true,true,950,true,,,,3,,10/18/22
10158640,house,house,269000,forsale,6990,semiequipped,1976,good,pellet,247,3,3418,,,,,true,,1,7,,10/18/22
10158639,apartment,apartment,424000,forsale,1030,installed,1954,good,fueloil,192,2,,,true,,,,,,,,10/18/22
10158637,house,house,425000,forsale,2910,installed,,good,gas,,3,594,true,,,true,,,1,1,,10/18/22
10158636,house,house,335000,forsale,6950,semiequipped,2003,,,179,3,2238,,,,true,,,2,2,,10/18/22
10158634,apartment,groundfloor,395000,forsale,8670,installed,2005,good,electric,416,2,,,true,,true,,,,1,,10/18/22
10158624,house,house,2900000,forsale,5640,installed,2021,,gas,,3,589,true,,,true,,,,2,1,10/18/22
10158623,apartment,apartment,427000,forsale,4000,installed,,justrenovated,fueloil,181,2,,,true,,true,,,2,,,10/18/22
10158622,apartment,apartment,362000,forsale,4000,installed,,justrenovated,fueloil,181,2,,,,,true,,,,,,10/18/22
10004608,house,villa,735000,forsale,7503,hyperequipped,,justrenovated,electric,240,5,1200,,true,,true,true,,3,1,,10/18/22
10125540,house,villa,745000,forsale,9051,installed,1958,tobedoneup,fueloil,495,3,1020,,,,,,,1,2,,10/18/22
10029620,house,house,750000,forsale,1780,hyperequipped,,asnew,gas,321,4,0,true,true,85,true,true,,,,,10/18/22
8597526,house,mixedusebuilding,750000,forsale,9000,usainstalled,,tobedoneup,gas,390,5,71,,true,,,,,,,,10/18/22
9889536,house,house,780000,forsale,1000,,1968,good,gas,457,4,160,true,true,,true,true,,1,1,,10/18/22
9892011,house,house,780000,forsale,1050,,1968,good,gas,457,4,160,,true,,true,true,,1,1,,10/18/22
10129838,house,villa,785000,forsale,9930,hyperequipped,2019,,,14,4,1402,,,,,,,,,,10/18/22
9965581,house,villa,788500,forsale,3210,,,good,,,1,7255,,true,,,,,,10,,10/18/22
9987461,house,villa,790000,forsale,1650,hyperequipped,,asnew,gas,214,4,1088,,true,650,true,true,,3,3,,10/18/22
9946892,house,villa,790000,forsale,1652,hyperequipped,,asnew,gas,214,4,1088,,true,650,true,true,,3,3,,10/18/22
10069232,house,exceptionalproperty,795000,forsale,5650,semiequipped,1900,tobedoneup,fueloil,493,8,56483,,true,,,,,3,,,10/18/22
10075283,house,villa,795000,forsale,6717,hyperequipped,1975,good,fueloil,241,7,5943,,,,true,true,,2,2,,10/18/22
10069859,house,house,795000,forsale,6717,hyperequipped,1975,good,fueloil,241,7,5943,,,,true,true,,2,2,,10/18/22
9711934,house,countrycottage,795000,forsale,7700,,,good,gas,421,7,4432,,true,,true,true,,1,,,10/18/22
10126062,house,house,795000,forsale,8300,semiequipped,,good,gas,342,3,200,,,200,true,,,,,,10/18/22
10117493,house,villa,795000,forsale,9000,usahyperequipped,1964,good,gas,202,5,1714,,true,,true,true,true,2,6,,10/18/22
10043400,house,villa,845000,forsale,1420,hyperequipped,1972,tobedoneup,fueloil,329,4,1674,true,true,,true,true,true,1,2,,10/18/22
10090211,house,villa,845000,forsale,1600,hyperequipped,1977,asnew,gas,230,5,1014,,true,,true,true,,,6,,10/18/22
10090210,house,villa,845000,forsale,1600,hyperequipped,1977,asnew,gas,230,5,1014,,true,,true,true,,,6,,10/18/22
10090208,house,villa,845000,forsale,1600,hyperequipped,1977,asnew,gas,230,5,1014,,true,,true,true,,,6,,10/18/22
10089137,house,house,875000,forsale,1000,,1899,good,gas,224,5,180,true,true,,true,true,,,,,10/18/22
10124128,house,house,895000,forsale,1950,,1959,asnew,fueloil,342,3,610,true,,490,true,true,,,,,10/18/22
10102076,house,house,895000,forsale,2520,hyperequipped,,justrenovated,gas,158,4,1000,,true,750,true,true,,1,5,,10/18/22
10045398,house,villa,950000,forsale,1440,usahyperequipped,2010,asnew,fueloil,113,6,3320,,true,,true,true,true,2,10,,10/18/22
9983665,house,villa,950000,forsale,4820,,1966,asnew,fueloil,153,4,14739,,true,14416,true,true,true,,10,,10/18/22
10085728,house,countrycottage,950000,forsale,9170,installed,,torenovate,fueloil,1037,3,0,,,,,,,,,,10/18/22
9826277,house,house,975000,forsale,8300,semiequipped,1936,torenovate,gas,616,6,249,true,true,,,,,1,1,,10/18/22
9443486,house,house,975000,forsale,8300,semiequipped,1936,torenovate,gas,616,6,249,true,true,,,,,1,1,,10/18/22
10110955,house,mansion,985000,forsale,1420,installed,1900,good,gas,344,5,800,true,true,,true,,,2,2,,10/18/22
10116878,house,villa,990000,forsale,9090,installed,1960,good,gas,554,5,5695,,,5451,,,,2,12,,10/18/22
10158640,house,house,269000,forsale,6990,semiequipped,1976,good,pellet,247,3,3418,,,,,true,,1,7,,10/18/22
10158639,apartment,apartment,424000,forsale,1030,installed,1954,good,fueloil,192,2,,,true,,,,,,,,10/18/22
10158637,house,house,425000,forsale,2910,installed,,good,gas,,3,594,true,,,true,,,1,1,,10/18/22
10158636,house,house,335000,forsale,6950,semiequipped,2003,,,179,3,2238,,,,true,,,2,2,,10/18/22
10158634,apartment,groundfloor,395000,forsale,8670,installed,2005,good,electric,416,2,,,true,,true,,,,1,,10/18/22
10158624,house,house,2900000,forsale,5640,installed,2021,,gas,,3,589,true,,,true,,,,2,1,10/18/22
10158623,apartment,apartment,427000,forsale,4000,installed,,justrenovated,fueloil,181,2,,,true,,true,,,2,,,10/18/22
10158622,apartment,apartment,362000,forsale,4000,installed,,justrenovated,fueloil,181,2,,,,,true,,,,,,10/18/22
10116878,house,villa,990000,forsale,9090,installed,1960,good,gas,554,5,5695,,,5451,,,,2,12,,10/18/22
10069935,house,otherproperty,1095000,forsale,1180,hyperequipped,1933,good,gas,265,5,610,,,450,true,,,1,,,10/18/22
8808340,house,apartmentblock,1149000,forsale,9420,installed,1875,asnew,gas,237,3,2040,,true,,true,,,,10,,10/18/22
10106566,house,house,1190000,forsale,1420,usahyperequipped,1965,asnew,fueloil,271,4,1707,,,1400,true,true,,2,6,,10/18/22
10117152,house,house,995000,forsale,1150,installed,1954,tobedoneup,,439,6,330,true,true,,true,,,2,1,,10/18/22
10025569,house,house,1200000,forsale,2960,hyperequipped,2000,asnew,gas,177,4,2078,true,true,,true,true,true,2,2,,10/18/22
9789342,house,exceptionalproperty,1250000,forsale,1790,installed,1974,good,gas,338,3,49317,true,true,1500,true,,,1,6,,10/18/22
9789343,house,exceptionalproperty,1250000,forsale,9310,installed,1974,good,gas,338,3,49317,true,true,1500,true,,,1,6,,10/18/22
10102258,house,mansion,1275000,forsale,1000,hyperequipped,1895,good,,258,3,100,true,true,,true,true,,,,,10/18/22
9907131,house,mixedusebuilding,1350000,forsale,4900,installed,2022,asnew,gas,83,8,96,,,,,,,,,,10/18/22
9907129,house,apartmentblock,1350000,forsale,4900,installed,2022,asnew,gas,83,8,96,,,,,,,,,,10/18/22
9869362,house,house,1368000,forsale,2830,installed,2021,,,,4,608,,true,,,,true,2,3,,10/18/22
9947466,house,mansion,1375000,forsale,8000,,1930,good,,,7,444,,,,,,,4,3,,10/18/22
10083386,house,house,1375000,forsale,8300,hyperequipped,2004,asnew,gas,131,5,145,,,,,,,1,1,,10/18/22
10000590,house,house,1375000,forsale,8300,hyperequipped,2004,asnew,gas,131,5,145,,,,,,,1,1,,10/18/22
9914605,house,villa,1395000,forsale,3080,installed,1979,good,fueloil,330,5,1500,,true,,,true,,,3,,10/18/22
10084146,house,villa,1545000,forsale,3080,,1971,good,gas,209,6,1510,,,,true,true,,1,2,,10/18/22
10109999,house,apartmentblock,1600000,forsale,7850,installed,2000,good,electric,,0,750,,true,,true,,,5,9,,10/18/22
10052392,house,house,1645000,forsale,2018,usahyperequipped,1970,justrenovated,gas,516,3,0,,,,true,true,,3,,,10/18/22
9998982,house,house,1650000,forsale,1390,usahyperequipped,2011,,gas,145,5,3200,true,,,true,true,,1,5,,10/18/22
10102136,house,villa,1750000,forsale,1640,hyperequipped,1978,asnew,gas,303,4,1594,,true,,true,true,,2,,,10/18/22
9852019,house,villa,1790000,forsale,2500,,1944,torenovate,,782,4,99519,,,,,,,,,,10/18/22
9949137,house,exceptionalproperty,1795000,forsale,1310,hyperequipped,,good,gas,,6,3445,true,true,3231,true,true,true,3,5,,10/18/22
9899469,house,house,1795000,forsale,8301,installed,2001,good,gas,177,4,140,,true,,true,,,1,,,10/18/22
9882772,house,villa,1850000,forsale,1410,,1965,tobedoneup,fueloil,324,6,4724,true,true,4300,true,true,,1,4,,10/18/22
9983151,house,house,1850000,forsale,8301,installed,1955,tobedoneup,gas,429,5,398,,true,,,true,,1,1,,10/18/22
9939031,house,house,1950000,forsale,1180,installed,1950,,,262,4,295,,true,,true,true,,1,,,10/18/22
10050481,house,exceptionalproperty,1975000,forsale,1420,installed,1959,tobedoneup,fueloil,368,6,5000,true,true,3500,true,true,true,3,5,,10/18/22
9572776,house,mansion,2150000,forsale,1190,,1910,asnew,gas,144,5,143,,true,,,true,,1,2,,10/18/22
10158640,house,house,269000,forsale,6990,semiequipped,1976,good,pellet,247,3,3418,,,,,true,,1,7,,10/18/22
10158639,apartment,apartment,424000,forsale,1030,installed,1954,good,fueloil,192,2,,,true,,,,,,,,10/18/22
10158637,house,house,425000,forsale,2910,installed,,good,gas,,3,594,true,,,true,,,1,1,,10/18/22
10158636,house,house,335000,forsale,6950,semiequipped,2003,,,179,3,2238,,,,true,,,2,2,,10/18/22
10158634,apartment,groundfloor,395000,forsale,8670,installed,2005,good,electric,416,2,,,true,,true,,,,1,,10/18/22
10158624,house,house,2900000,forsale,5640,installed,2021,,gas,,3,589,true,,,true,,,,2,1,10/18/22
10158623,apartment,apartment,427000,forsale,4000,installed,,justrenovated,fueloil,181,2,,,true,,true,,,2,,,10/18/22
10158622,apartment,apartment,362000,forsale,4000,installed,,justrenovated,fueloil,181,2,,,,,true,,,,,,10/18/22
9995898,house,apartmentblock,2400000,forsale,1040,installed,,good,gas,389,7,190,,true,50,true,,,,,,10/18/22
10090830,house,house,2495000,forsale,3080,hyperequipped,1964,torenovate,fueloil,331,6,18309,,true,,true,true,true,2,4,,10/18/22
9971311,house,house,2690000,forsale,1640,hyperequipped,2012,asnew,gas,138,5,1920,,true,1700,true,true,true,2,4,,10/18/22
10016029,house,villa,2795000,forsale,1420,hyperequipped,1970,asnew,gas,266,6,3160,,true,,true,,true,2,,,10/18/22
9707621,house,apartmentblock,2800000,forsale,1150,installed,1986,good,gas,140,11,1900,,true,,,,,4,,,10/18/22
10098064,house,villa,2950000,forsale,1640,hyperequipped,1930,asnew,gas,255,8,5300,,true,,true,true,,3,,,10/18/22
10097310,house,villa,2975000,forsale,1180,usahyperequipped,2015,,,96,5,1773,,true,1073,true,true,,3,4,,10/18/22
9914977,house,villa,3150000,forsale,1150,hyperequipped,1970,asnew,gas,268,7,2137,true,true,,true,true,true,2,,,10/18/22
10028276,house,villa,3450000,forsale,1970,usahyperequipped,1967,asnew,,91,4,44000,true,true,4000,true,,true,1,3,,10/18/22
9889119,house,house,3475000,forsale,1640,usahyperequipped,,justrenovated,,169,6,3000,,,3000,true,true,true,,,,10/18/22
9910229,house,house,3750000,forsale,9111,hyperequipped,2015,asnew,,72,5,6000,,true,,true,,,2,2,,10/18/22
10037088,house,house,3800000,forsale,1410,hyperequipped,,good,gas,461,6,9647,true,true,,true,true,true,3,8,,10/18/22
10081680,house,villa,3850000,forsale,1150,,,asnew,gas,221,6,17,,,,true,true,true,1,,,10/18/22
10080532,house,house,3850000,forsale,1150,hyperequipped,,asnew,gas,221,6,1745,,true,,true,true,,1,1,,10/18/22
9899828,house,exceptionalproperty,3900000,forsale,1390,,1972,torenovate,fueloil,475,5,28182,true,true,,true,true,true,4,10,,10/18/22
9880290,house,house,4100000,forsale,1050,hyperequipped,1920,asnew,gas,351,6,1260,,true,,true,true,,2,4,,10/18/22
10006284,house,exceptionalproperty,4250000,forsale,3080,hyperequipped,1996,asnew,gas,134,7,6222,true,true,,true,true,,5,6,,10/18/22
9826388,house,villa,4500000,forsale,1310,installed,1964,tobedoneup,fueloil,340,6,60000,true,true,,true,true,,1,,,10/18/22
10016593,house,house,4750000,forsale,1050,,,good,gas,,0,0,,,,,,,,,,10/18/22
10158030,house,house,369000,forsale,4020,,,good,gas,334,3,110,,true,,true,true,,,,,10/18/22
10158029,house,apartmentblock,369000,forsale,4020,,,good,gas,334,3,110,,true,,true,true,,,,,10/18/22
10158076,house,villa,1250000,forsale,5580,,,good,fueloil,306,7,9019,true,true,9019,true,,true,1,,,10/18/22
10132778,house,house,189000,forsale,9000,installed,,good,gas,592,1,30,,,,,,,,,,10/18/22
10132205,house,house,229000,forsale,8870,installed,1967,torenovate,fueloil,695,3,369,,,,true,,,1,1,,10/18/22
10132365,house,villa,499000,forsale,2950,hyperequipped,1989,asnew,,474,3,603,true,,,true,true,,1,2,,10/18/22
10077980,housegroup,housegroup,332000-378500,forsale,8680,,,,,,,,,,,,,,,,1,10/18/22
10089075,house,house,189000,forsale,4031,,,good,gas,201,3,56,,,,,,,1,,,10/18/22
10134085,house,house,330000,forsale,1653,installed,,good,fueloil,397,4,0,true,true,,true,true,,,,,10/18/22
10133941,house,house,349000,forsale,9070,installed,,,gas,134,2,110,,,,true,,,,,,10/18/22
10135219,house,house,385000,forsale,2500,installed,,asnew,gas,81,3,137,,,,,,,,,,10/18/22
10158640,house,house,269000,forsale,6990,semiequipped,1976,good,pellet,247,3,3418,,,,,true,,1,7,,10/18/22
10158639,apartment,apartment,424000,forsale,1030,installed,1954,good,fueloil,192,2,,,true,,,,,,,,10/18/22
10158637,house,house,425000,forsale,2910,installed,,good,gas,,3,594,true,,,true,,,1,1,,10/18/22
10158636,house,house,335000,forsale,6950,semiequipped,2003,,,179,3,2238,,,,true,,,2,2,,10/18/22
10158634,apartment,groundfloor,395000,forsale,8670,installed,2005,good,electric,416,2,,,true,,true,,,,1,,10/18/22
10158624,house,house,2900000,forsale,5640,installed,2021,,gas,,3,589,true,,,true,,,,2,1,10/18/22
10158623,apartment,apartment,427000,forsale,4000,installed,,justrenovated,fueloil,181,2,,,true,,true,,,2,,,10/18/22
10158622,apartment,apartment,362000,forsale,4000,installed,,justrenovated,fueloil,181,2,,,,,true,,,,,,10/18/22
10134201,house,house,399000,forsale,1800,,1970,good,gas,365,4,207,,,,,,,,,,10/18/22
10135560,house,house,409000,forsale,9050,installed,2021,asnew,gas,82,3,69,,,,,,,,,,10/18/22
10135115,house,apartmentblock,1250000,forsale,1050,notinstalled,,justrenovated,gas,,0,200,true,true,100,,true,,,,,10/18/22
10139154,house,house,180000,forsale,4920,installed,2006,good,fueloil,203,3,571,,true,,true,true,,1,,,10/18/22
10139150,house,apartmentblock,225000,forsale,1470,installed,,good,gas,140,3,50,,true,,true,,,,,,10/18/22
10139218,house,house,259000,forsale,8460,installed,1977,torenovate,fueloil,519,4,584,,,,true,,,1,2,,10/18/22
9849166,house,house,277500,forsale,2440,usainstalled,2022,,gas,,2,0,,true,29,true,,,,,1,10/18/22
9945028,house,house,279500,forsale,2440,usainstalled,2022,,gas,,3,0,,true,30,true,,,,,1,10/18/22
10138734,house,house,295000,forsale,9450,installed,1973,good,gas,324,3,1063,true,true,747,true,true,,1,2,,10/18/22
10023048,house,house,342450,forsale,8610,installed,2022,,gas,27,3,385,,,,true,,,,,1,10/18/22
10140086,house,house,375000,forsale,9620,installed,2005,good,,,4,537,,,378,true,,,1,3,,10/18/22
10138352,house,house,385000,forsale,1730,hyperequipped,,good,fueloil,724,9,174,true,true,,,,,1,,,10/18/22
10139671,house,house,386000,forsale,2018,installed,,tobedoneup,gas,717,4,104,,true,20,,,,,,,10/18/22
9666332,house,house,425000,forsale,3390,installed,,,gas,,3,639,,,,true,,,2,1,1,10/18/22
10003625,house,house,446246,forsale,8540,hyperequipped,2020,asnew,,10,4,512,,,356,true,,,,2,1,10/18/22
10140151,house,house,475000,forsale,1020,notinstalled,2022,,,,4,0,,,,true,,,,,,10/18/22
9666334,house,house,475000,forsale,3390,installed,,,gas,,3,1013,,,,true,,,2,1,1,10/18/22
9666333,house,house,475000,forsale,3390,installed,,,gas,,3,934,,,,true,,,2,1,1,10/18/22
9666331,house,house,475000,forsale,3390,installed,,,gas,,3,910,,,,true,,,2,1,1,10/18/22
10058865,house,villa,495000,forsale,8470,installed,1992,good,gas,242,4,980,,,600,true,,,,,,10/18/22
9900410,house,house,572000,forsale,1140,installed,2022,asnew,gas,,4,130,,,59,,,,,,1,10/18/22
9900418,house,house,592000,forsale,1140,installed,2022,asnew,gas,,4,140,,,65,true,,,,,1,10/18/22
10139206,house,villa,990000,forsale,9990,,2003,asnew,,146,5,2310,,,,true,true,,,3,,10/18/22
10058893,house,house,162500,forsale,1502,,1900,,,,3,105,,,,,,,,,,10/18/22
10143253,house,house,250000,forsale,6900,,2020,,,,4,915,true,true,,,true,,1,1,,10/18/22
10144150,house,mansion,497000,forsale,8620,hyperequipped,1926,asnew,gas,450,3,80,,,,,,,,,,10/18/22
10146346,house,house,750000,forsale,9230,,1986,tobedoneup,fueloil,287,4,2387,,true,,true,,,3,3,,10/18/22
10149752,house,house,134900,forsale,7170,,,,,437,2,60,,true,,true,,,1,,,10/18/22
10148597,house,house,175000,forsale,9550,,1936,torenovate,gas,645,5,224,,true,,,,,1,,,10/18/22
10151097,house,house,225000,forsale,8434,installed,1938,torenovate,,335,4,229,,true,99,,,,1,,,10/18/22
10158640,house,house,269000,forsale,6990,semiequipped,1976,good,pellet,247,3,3418,,,,,true,,1,7,,10/18/22
10158639,apartment,apartment,424000,forsale,1030,installed,1954,good,fueloil,192,2,,,true,,,,,,,,10/18/22
10158637,house,house,425000,forsale,2910,installed,,good,gas,,3,594,true,,,true,,,1,1,,10/18/22
10158636,house,house,335000,forsale,6950,semiequipped,2003,,,179,3,2238,,,,true,,,2,2,,10/18/22
10158634,apartment,groundfloor,395000,forsale,8670,installed,2005,good,electric,416,2,,,true,,true,,,,1,,10/18/22
10158624,house,house,2900000,forsale,5640,installed,2021,,gas,,3,589,true,,,true,,,,2,1,10/18/22
10158623,apartment,apartment,427000,forsale,4000,installed,,justrenovated,fueloil,181,2,,,true,,true,,,2,,,10/18/22
10158622,apartment,apartment,362000,forsale,4000,installed,,justrenovated,fueloil,181,2,,,,,true,,,,,,10/18/22
10151084,house,house,275000,forsale,9230,,1958,,,322,3,164,,,,true,,,1,,,10/18/22
9820291,house,house,285000,forsale,3440,,,good,,667,3,650,,,196,true,,,1,2,,10/18/22
10148592,house,house,324000,forsale,9050,installed,,justrenovated,gas,165,2,51,,,,true,,,,,,10/18/22
10148756,house,house,470000,forsale,9506,hyperequipped,,good,gas,697,6,1729,true,true,400,true,true,,1,,,10/18/22
10151290,house,house,559000,forsale,9790,,2022,,electric,,4,721,,,,true,,,1,,,10/18/22
10148658,house,exceptionalproperty,595000,forsale,7350,hyperequipped,2018,asnew,gas,146,4,1038,,true,453,true,true,true,2,5,,10/18/22
10149084,house,house,652790,forsale,3000,usainstalled,,asnew,,30,3,0,,,,true,,,,,,10/18/22
10151039,house,apartmentblock,775000,forsale,1020,notinstalled,,tobedoneup,fueloil,,5,223,,,,true,,,,,,10/18/22
10155332,house,house,95000,forsale,5541,,,asnew,electric,776,2,42,,,42,true,,,,1,,10/18/22
10155824,house,apartmentblock,95000,forsale,7130,installed,,good,gas,261,2,60,,true,,,,,,,,10/18/22
10155352,house,townhouse,110000,forsale,5500,,,good,fueloil,681,4,70,true,true,,,,,,,,10/18/22
10155368,house,countrycottage,129000,forsale,5540,,,asnew,gas,249,2,755,,,755,true,,,,1,,10/18/22
10155394,house,house,135000,forsale,5543,,,torenovate,fueloil,412,3,160,true,,,,,,1,,,10/18/22
10155389,house,villa,160000,forsale,5540,,,good,electric,645,2,733,true,,800,true,,,,,,10/18/22
10155342,house,house,165000,forsale,5530,,,tobedoneup,fueloil,342,3,148,true,true,,,,,,,,10/18/22
10154784,house,house,165000,forsale,6060,,,asnew,fueloil,333,4,120,,true,,true,,,,,,10/18/22
10155238,house,house,175000,forsale,5070,,,good,fueloil,403,3,288,true,true,,,,,,,,10/18/22
10155399,house,villa,199000,forsale,5500,,,tobedoneup,fueloil,384,3,1400,true,,1400,true,,,,,,10/18/22
10155888,house,apartmentblock,210000,forsale,7300,,,tobedoneup,gas,575,4,340,,true,,,,,,,,10/18/22
10155339,house,villa,215000,forsale,5540,,,asnew,fueloil,303,2,185,,,185,true,,,,1,,10/18/22
10155346,house,house,219000,forsale,5540,,,torenovate,fueloil,107827,6,1417,true,true,1417,true,,,1,,,10/18/22
10155338,house,villa,220000,forsale,5541,,,good,fueloil,270,2,325,,,325,true,,,,1,,10/18/22
10155382,house,townhouse,230000,forsale,5500,,,asnew,gas,291,3,70,,true,,true,,,,,,10/18/22
10155165,house,house,240000,forsale,1840,,1928,torenovate,,1163,3,340,true,true,,true,,,,1,,10/18/22
10155903,house,house,245000,forsale,5590,,,tobedoneup,fueloil,417,3,589,,,589,true,,,1,1,,10/18/22
10155889,house,house,250000,forsale,7322,,,tobedoneup,gas,322,2,779,,true,,,,,,,,10/18/22
10155314,house,villa,265000,forsale,5580,,,good,fueloil,401,2,884,,true,884,true,,,1,,,10/18/22
10155387,house,countrycottage,265000,forsale,6997,,,good,electric,578,4,2501,,,2501,true,,,,1,,10/18/22
10155386,house,villa,275000,forsale,6900,,,tobedoneup,fueloil,520,5,626,,true,626,,,,1,,,10/18/22
10154376,house,house,295000,forsale,9930,installed,,good,gas,193,3,306,,,,,,,,1,,10/18/22
10158640,house,house,269000,forsale,6990,semiequipped,1976,good,pellet,247,3,3418,,,,,true,,1,7,,10/18/22
10158639,apartment,apartment,424000,forsale,1030,installed,1954,good,fueloil,192,2,,,true,,,,,,,,10/18/22
10158637,house,house,425000,forsale,2910,installed,,good,gas,,3,594,true,,,true,,,1,1,,10/18/22
10158636,house,house,335000,forsale,6950,semiequipped,2003,,,179,3,2238,,,,true,,,2,2,,10/18/22
10158634,apartment,groundfloor,395000,forsale,8670,installed,2005,good,electric,416,2,,,true,,true,,,,1,,10/18/22
10158624,house,house,2900000,forsale,5640,installed,2021,,gas,,3,589,true,,,true,,,,2,1,10/18/22
10158623,apartment,apartment,427000,forsale,4000,installed,,justrenovated,fueloil,181,2,,,true,,true,,,2,,,10/18/22
10158622,apartment,apartment,362000,forsale,4000,installed,,justrenovated,fueloil,181,2,,,,,true,,,,,,10/18/22
10155356,house,house,315000,forsale,5500,,,tobedoneup,gas,173,3,120,true,true,,,,,,,,10/18/22
10155337,house,villa,345000,forsale,5544,,,asnew,fueloil,417,4,1207,,true,1207,true,,,1,,,10/18/22
10155357,house,house,357000,forsale,5500,,,good,gas,341,7,148,,true,148,true,,,1,,,10/18/22
10155381,house,villa,359000,forsale,5620,,,asnew,gas,124,3,2218,,,21,,,,,1,,10/18/22
10154752,house,house,369000,forsale,2950,,,good,gas,533,3,455,,,,true,,,1,,,10/18/22
10156030,house,house,370000,forsale,5350,,,good,fueloil,387,5,1319,,true,1319,true,,,1,1,,10/18/22
10154836,house,house,375000,forsale,9400,installed,,good,gas,336,3,242,,,,true,,,1,2,,10/18/22
10156653,house,house,395000,forsale,1500,installed,1971,good,,196,3,165,,true,,true,,,1,2,,10/18/22
10155396,house,villa,398000,forsale,6941,,,good,electric,215,3,907,,,907,true,,,,,,10/18/22
10155907,house,house,400000,forsale,5590,,,good,fueloil,223,9,153,true,true,,,,,1,,,10/18/22
10155920,house,house,415000,forsale,5336,,,asnew,fueloil,198,5,1285,true,true,1285,true,,,,1,,10/18/22
10155311,house,villa,495000,forsale,5377,,,asnew,fueloil,112,4,1100,true,true,1100,true,,,1,,,10/18/22
10154600,house,mixedusebuilding,525000,forsale,6980,,1952,asnew,fueloil,277,7,0,,true,200,true,,,,,,10/18/22
10154626,house,apartmentblock,669000,forsale,1020,semiequipped,,good,gas,208,6,254,,true,135,true,,,1,1,,10/18/22
10155397,house,house,690000,forsale,5522,,,good,fueloil,132,6,3050,,true,3050,true,,,,1,,10/18/22
10155347,house,villa,720000,forsale,5520,,,asnew,fueloil,214,6,5000,,,,true,,,,1,,10/18/22
10138471,house,mansion,820000,forsale,7500,hyperequipped,1955,asnew,gas,303,5,1200,true,true,,true,true,,,3,,10/18/22
10155398,house,house,850000,forsale,6900,,,asnew,fueloil,247,20,2800,true,true,,,,,,,,10/18/22
10154409,house,house,3500000,forsale,8300,hyperequipped,,torenovate,gas,211,4,551,,true,,true,,,,4,,10/18/22
10130313,house,house,155000,forsale,5060,usahyperequipped,,good,pellet,1218,2,165,,true,25,true,,,,2,,10/18/22
10130987,house,house,199000,forsale,9900,,1939,good,,312,3,142,,,116,,,,,,,10/18/22
10130089,house,house,269000,forsale,9000,installed,,justrenovated,gas,224,3,46,,,,,,,,,,10/18/22
9949393,house,mansion,324900,forsale,7110,usainstalled,,justrenovated,gas,226,6,551,,true,300,true,true,,,,,10/18/22
10130994,house,townhouse,425000,forsale,3010,notinstalled,1977,good,,142,3,185,,,100,,,,1,1,,10/18/22
10131601,house,house,795000,forsale,1020,installed,,tobedoneup,gas,317,9,230,,true,90,true,true,,1,,,10/18/22
10155016,housegroup,housegroup,395000-419000,forsale,2830,,,,,,,,,,,,,,,,1,10/18/22
10155094,housegroup,housegroup,419000-444000,forsale,2830,,,,,,,,,,,,,,,,1,10/18/22
10154984,housegroup,housegroup,699500-699500,forsale,2800,,,,,,,,,,,,,,,2,1,10/18/22
10133597,house,townhouse,395000,forsale,2620,,1981,asnew,,152,3,363,,,1,true,,,2,1,,10/18/22
10148878,house,house,295000,forsale,6730,,2021,asnew,gas,112,2,0,true,,26,true,,,1,,1,10/18/22
10158640,house,house,269000,forsale,6990,semiequipped,1976,good,pellet,247,3,3418,,,,,true,,1,7,,10/18/22
10158639,apartment,apartment,424000,forsale,1030,installed,1954,good,fueloil,192,2,,,true,,,,,,,,10/18/22
10158637,house,house,425000,forsale,2910,installed,,good,gas,,3,594,true,,,true,,,1,1,,10/18/22
10158636,house,house,335000,forsale,6950,semiequipped,2003,,,179,3,2238,,,,true,,,2,2,,10/18/22
10158634,apartment,groundfloor,395000,forsale,8670,installed,2005,good,electric,416,2,,,true,,true,,,,1,,10/18/22
10158624,house,house,2900000,forsale,5640,installed,2021,,gas,,3,589,true,,,true,,,,2,1,10/18/22
10158623,apartment,apartment,427000,forsale,4000,installed,,justrenovated,fueloil,181,2,,,true,,true,,,2,,,10/18/22
10158622,apartment,apartment,362000,forsale,4000,installed,,justrenovated,fueloil,181,2,,,,,true,,,,,,10/18/22
10136415,house,house,129000,forsale,4100,installed,,,gas,603,2,70,true,true,,true,,,,,,10/18/22
10137003,house,house,189000,forsale,4000,notinstalled,,torenovate,gas,429,4,0,,true,104,true,,,,,,10/18/22
10136061,house,house,219000,forsale,9300,hyperequipped,,good,gas,308,3,82,,true,,true,,,,,,10/18/22
10136885,house,house,330000,forsale,1600,installed,,good,gas,251,3,280,,true,190,true,,,,,,10/18/22
10136303,house,exceptionalproperty,475000,forsale,7012,hyperequipped,,good,gas,472,9,1850,,true,1598,true,true,true,3,6,,10/18/22
10135746,house,villa,765000,forsale,9800,hyperequipped,1960,asnew,gas,249,4,963,,true,,true,true,,1,5,,10/18/22
10141586,house,house,120000,forsale,7911,,,,,963,3,236,true,,,,,,1,,,10/18/22
10141789,house,house,315000,forsale,8400,notinstalled,,,,,3,75,,,,,,,,,,10/18/22
10140716,house,mansion,599000,forsale,9470,usainstalled,1942,good,gas,477,4,1329,true,true,,true,,,,,,10/18/22
10141723,house,villa,1585000,forsale,1180,hyperequipped,1963,asnew,gas,,5,833,,true,,true,true,true,1,,,10/18/22
10146192,house,house,120000,forsale,4500,,,tobedoneup,,,3,0,,,,,,,,,,10/18/22
10146182,house,house,185000,forsale,5060,notinstalled,,tobedoneup,fueloil,414,3,387,true,true,,,,,,,,10/18/22
10145173,house,apartmentblock,239000,forsale,4800,semiequipped,,tobedoneup,gas,217,4,200,,true,94,true,,,,,,10/18/22
10145261,house,house,265000,forsale,9200,hyperequipped,,justrenovated,gas,406,3,520,true,true,300,true,,,1,2,,10/18/22
10145996,house,house,425000,forsale,1800,installed,1972,good,gas,339,4,204,,,105,true,true,,1,,,10/18/22
10133760,house,house,730000,forsale,9041,installed,2022,asnew,,32,4,1580,,,,,true,,,2,1,10/18/22
10145129,house,villa,1250000,forsale,1380,semiequipped,1991,asnew,fueloil,316,6,2050,true,true,,true,true,true,1,5,,10/18/22
10145627,house,house,1550000,forsale,1050,usahyperequipped,2004,asnew,gas,156,4,700,,true,,true,,,2,2,,10/18/22
10067065,house,apartmentblock,1780000,forsale,1420,installed,1990,good,gas,198,13,0,,true,,true,,,6,,,10/18/22
10154754,house,house,250000,forsale,1420,installed,1950,tobedoneup,gas,477,4,104,true,true,32,,true,,,,,10/18/22
10147007,house,house,989000,forsale,6750,installed,1995,good,fueloil,291,3,2400,,,2108,true,,true,1,6,,10/18/22
10147348,house,house,109900,forsale,7340,,,torenovate,,208,2,119,,,,,,,,,,10/18/22
10152955,house,house,130000,forsale,7973,,,torenovate,fueloil,567,3,868,,true,,,,,1,,,10/18/22
10153340,house,house,158000,forsale,6460,installed,,,fueloil,372,4,820,,true,576,true,,,,2,,10/18/22
10153473,house,townhouse,165000,forsale,6900,,,tobedoneup,fueloil,573,2,161,true,true,161,,,,,,,10/18/22
10154281,house,house,169000,forsale,9690,,,,gas,382,5,184,,true,,true,,,1,,,10/18/22
10153252,house,house,219000,forsale,3202,,,good,,454,4,472,,,,true,,,,2,,10/18/22
10153526,house,villa,219000,forsale,5600,,,tobedoneup,fueloil,544,3,1013,true,,1013,,,,1,,,10/18/22
10152750,house,house,245000,forsale,9400,hyperequipped,,asnew,gas,239,2,180,true,,,true,,,,,,10/18/22
10152116,house,house,297000,forsale,4000,,,tobedoneup,fueloil,521,5,598,,true,351,true,,,1,,,10/18/22
10110669,house,house,85000,forsale,4860,,,torenovate,,,4,140,,true,,true,,,,,,10/18/22
10158652,house,house,435000,forsale,2640,installed,1956,good,gas,255,3,241,,true,87,true,,,1,1,,10/18/22
10158651,apartment,apartment,469000,forsale,1000,usainstalled,1996,,gas,105,2,,,true,,true,,,,,,10/18/22
10158650,house,house,169500,forsale,7140,installed,,,gas,294,2,150,,true,1,true,,,,,,10/18/22
10158649,apartment,apartment,215000,forsale,1030,installed,1930,good,gas,210,1,,,true,,,,,,,,10/18/22
10158648,house,house,625000,forsale,2160,semiequipped,1983,good,gas,190,3,744,,,330,true,,,2,4,,10/18/22
10158644,house,house,520000,forsale,6747,installed,1988,,,253,4,2721,,true,,,,,1,,,10/18/22
10158640,house,house,269000,forsale,6990,semiequipped,1976,good,pellet,247,3,3418,,,,,true,,1,7,,10/18/22
10151877,house,house,299000,forsale,7730,installed,2016,asnew,gas,109,3,359,true,,205,true,,,1,2,,10/18/22
10152751,house,house,375000,forsale,9420,hyperequipped,,,gas,520,3,748,true,true,,true,true,,1,1,,10/18/22
10151445,house,house,439000,forsale,9090,,2017,good,gas,,3,338,,,,true,,,1,1,,10/18/22
10153116,house,villa,1100000,forsale,1760,usahyperequipped,1986,good,gas,,5,0,,true,3000,,,,6,6,,10/18/22
10153108,house,manorhouse,1100000,forsale,1770,usahyperequipped,1986,good,gas,,5,0,,true,3000,,,,6,6,,10/18/22
10153528,house,house,3100000,forsale,1050,installed,,asnew,gas,,0,460,,true,,true,true,,,,,10/18/22
9919664,house,house,50000,forsale,4550,semiequipped,,good,fueloil,494,2,1124,,true,,true,,,1,2,,10/18/22
9962212,house,house,56000,forsale,6852,notinstalled,1890,torestore,,,1,95,,,,,,,,,,10/18/22
10076678,house,house,65000,forsale,6250,notinstalled,,torenovate,pellet,433,2,0,,,,,,,,,,10/18/22
9953439,house,house,75000,forsale,7110,semiequipped,,torenovate,,490,2,210,,true,,true,,,,,,10/18/22
9939708,house,mixedusebuilding,88000,forsale,3110,,1992,,gas,637,0,0,,true,,,,,,,,10/18/22
10092570,house,house,95000,forsale,5060,notinstalled,,torenovate,,468,3,135,true,,70,true,,,,,,10/18/22
10099137,house,house,95000,forsale,7100,semiequipped,,torenovate,,967,2,251,true,true,,true,true,,,,,10/18/22
10029175,house,house,99000,forsale,5580,notinstalled,,torenovate,,443,3,63,,,,,,,1,,,10/18/22
9880701,house,house,110000,forsale,7100,notinstalled,,tobedoneup,,785,2,110,true,true,,,,,,,,10/18/22
10016097,house,house,119000,forsale,5580,,1918,good,,593,2,180,true,true,123,true,,,,,,10/18/22
9980040,house,house,119000,forsale,8680,semiequipped,,torenovate,pellet,897,3,179,,,,true,,,1,,,10/18/22
10026469,house,house,130000,forsale,7090,installed,1940,tobedoneup,gas,,3,75,,,75,,,,,,,10/18/22
9980276,house,house,130116,forsale,8560,,1950,torenovate,,922,3,454,,true,335,,,,,,,10/18/22
10084318,house,house,140000,forsale,3700,installed,1957,tobedoneup,fueloil,674,3,681,true,true,200,,,,1,5,,10/18/22
10019584,house,house,159000,forsale,5060,semiequipped,,torenovate,fueloil,499,3,105,,true,23,,,,,,,10/18/22
9862007,house,mixedusebuilding,159500,forsale,4100,installed,,good,,330,4,135,true,true,,,,,1,,,10/18/22
9873097,house,house,169000,forsale,4420,installed,,good,gas,359,3,123,true,true,,,,,,,,10/18/22
9973403,house,house,169500,forsale,4101,hyperequipped,,asnew,gas,319,2,150,,true,58,,,,,,,10/18/22
10018999,house,house,170000,forsale,6880,,,good,,,1,130,true,true,,,true,,,,,10/18/22
10097802,house,house,175000,forsale,4460,notinstalled,,tobedoneup,fueloil,488,3,190,true,true,40,true,,,1,,,10/18/22
10021924,house,house,179900,forsale,4100,installed,,justrenovated,gas,835,2,122,true,true,,true,,,,,,10/18/22
10021923,house,apartmentblock,179900,forsale,4100,installed,,justrenovated,pellet,835,2,122,true,true,,true,,,,,,10/18/22
10103459,house,apartmentblock,179900,forsale,4540,,,asnew,,,10,550,,,,true,,,,9,,10/18/22
9883633,house,house,185000,forsale,6220,installed,,torenovate,,464,9,540,,,,,,,,,,10/18/22
10110669,house,house,85000,forsale,4860,,,torenovate,,,4,140,,true,,true,,,,,,10/18/22
10158652,house,house,435000,forsale,2640,installed,1956,good,gas,255,3,241,,true,87,true,,,1,1,,10/18/22
10158651,apartment,apartment,469000,forsale,1000,usainstalled,1996,,gas,105,2,,,true,,true,,,,,,10/18/22
10158650,house,house,169500,forsale,7140,installed,,,gas,294,2,150,,true,1,true,,,,,,10/18/22
10158649,apartment,apartment,215000,forsale,1030,installed,1930,good,gas,210,1,,,true,,,,,,,,10/18/22
10158648,house,house,625000,forsale,2160,semiequipped,1983,good,gas,190,3,744,,,330,true,,,2,4,,10/18/22
10158644,house,house,520000,forsale,6747,installed,1988,,,253,4,2721,,true,,,,,1,,,10/18/22
10158640,house,house,269000,forsale,6990,semiequipped,1976,good,pellet,247,3,3418,,,,,true,,1,7,,10/18/22
9955217,house,house,185000,forsale,6666,,1850,torenovate,,,0,2700,,,,,,,,,,10/18/22
9730518,house,mixedusebuilding,185000,forsale,7000,notinstalled,1850,good,gas,,3,46,,true,,,,,,,,10/18/22
9935894,house,house,185000,forsale,7011,installed,,good,gas,510,4,262,,,100,,,,,,,10/18/22
10073887,house,house,189000,forsale,9320,installed,,good,gas,522,3,180,true,true,25,true,,,,1,,10/18/22
10106435,house,house,195000,forsale,4000,installed,,tobedoneup,,669,5,0,,,,true,,,1,,,10/18/22
10031764,house,house,195000,forsale,4020,semiequipped,,good,gas,511,3,225,,true,339,true,true,,,,,10/18/22
10049572,house,house,199000,forsale,4420,semiequipped,,good,gas,358,3,54,true,true,28,true,,,,,,10/18/22
9993998,house,house,199000,forsale,6887,installed,,good,fueloil,346,3,400,true,true,314,true,true,,1,2,,10/18/22
10103885,house,house,199000,forsale,7331,notinstalled,,good,gas,544,4,247,true,true,151,true,,,1,,,10/18/22
9851175,house,house,199500,forsale,4460,hyperequipped,1988,good,,353,4,208,,,270,true,true,,,1,,10/18/22
10016972,house,villa,199900,forsale,6032,installed,,tobedoneup,gas,382,4,435,true,true,150,true,,,1,1,,10/18/22
9959978,house,house,200000,forsale,7860,,1962,torenovate,,77414,3,770,,,,,,,1,,,10/18/22
9900725,house,house,208500,forsale,8400,installed,1943,,gas,448,3,77,,,14,,,,,,,10/18/22
9973104,house,house,209000,forsale,4032,installed,,good,gas,564,4,192,,,90,true,,true,1,,,10/18/22
10129732,house,house,210000,forsale,8850,installed,1951,good,,821,3,530,,true,,,,,2,,,10/18/22
10108447,house,house,210000,forsale,9550,installed,1918,torenovate,,690,3,680,true,true,,true,true,,1,2,,10/18/22
9983202,house,house,215000,forsale,4300,installed,1934,torenovate,fueloil,344,4,378,true,true,250,true,,,,,,10/18/22
10121842,house,house,215000,forsale,8691,installed,,good,gas,216,3,302,,,210,,,,,,,10/18/22
10085354,house,house,215000,forsale,8850,notinstalled,1934,good,gas,154,2,0,,,,,,,1,,,10/18/22
10111957,house,house,215000,forsale,8870,installed,1895,tobedoneup,gas,372,3,322,,true,,true,,,1,,,10/18/22
10111510,house,house,215000,forsale,8972,installed,,good,gas,216,3,302,,,210,,,,,,,10/18/22
9889267,house,house,219000,forsale,6200,installed,1950,asnew,gas,245,2,170,true,true,10,true,,,,2,,10/18/22
9909005,house,house,219000,forsale,8500,,1930,good,,353,4,248,,true,,,,,,,,10/18/22
10100996,house,house,219000,forsale,9000,,,torenovate,,598,4,0,,,,,,,,,,10/18/22
10120576,house,house,220000,forsale,5190,installed,1890,asnew,,199,3,978,,true,,true,true,,2,3,,10/18/22
9795681,house,house,220000,forsale,6600,semiequipped,1875,good,wood,290,5,1671,,,,,,,1,,,10/18/22
10090175,house,house,220000,forsale,9620,installed,1972,tobedoneup,gas,1124,3,256,,,,true,,,1,,,10/18/22
10104019,house,house,227000,forsale,3680,installed,1965,good,fueloil,707,3,0,,true,,,,,1,,,10/18/22
10071052,house,house,235000,forsale,3440,,1963,good,,753,3,644,,,308,,,,1,1,,10/18/22
10092672,house,house,235000,forsale,9200,installed,,torenovate,gas,393,4,159,true,,45,,true,,,,,10/18/22
10110669,house,house,85000,forsale,4860,,,torenovate,,,4,140,,true,,true,,,,,,10/18/22
10158652,house,house,435000,forsale,2640,installed,1956,good,gas,255,3,241,,true,87,true,,,1,1,,10/18/22
10158651,apartment,apartment,469000,forsale,1000,usainstalled,1996,,gas,105,2,,,true,,true,,,,,,10/18/22
10158650,house,house,169500,forsale,7140,installed,,,gas,294,2,150,,true,1,true,,,,,,10/18/22
10158649,apartment,apartment,215000,forsale,1030,installed,1930,good,gas,210,1,,,true,,,,,,,,10/18/22
10158648,house,house,625000,forsale,2160,semiequipped,1983,good,gas,190,3,744,,,330,true,,,2,4,,10/18/22
10158644,house,house,520000,forsale,6747,installed,1988,,,253,4,2721,,true,,,,,1,,,10/18/22
10158640,house,house,269000,forsale,6990,semiequipped,1976,good,pellet,247,3,3418,,,,,true,,1,7,,10/18/22
10059506,house,house,239000,forsale,8720,installed,,asnew,pellet,485,3,256,,true,,,,,1,1,,10/18/22
10123520,house,house,239000,forsale,9420,hyperequipped,1960,good,,583,3,409,true,true,,true,,,1,1,,10/18/22
9972770,house,house,240000,forsale,8620,semiequipped,1976,tobedoneup,gas,612,4,90,,,,true,,,,1,,10/18/22
9947593,house,house,245000,forsale,8520,,1874,good,,501,2,240,,,,,,,,3,,10/18/22
10116286,house,house,250000,forsale,2630,,,,gas,292,3,221,,true,110,true,,,,,,10/18/22
9846966,house,house,255000,forsale,5060,semiequipped,,good,fueloil,438,4,690,,true,538,true,true,,1,,,10/18/22
9920844,house,otherproperty,260000,forsale,3700,installed,,justrenovated,gas,152,3,86,,,,,,,,,,10/18/22
9636914,house,house,260000,forsale,6200,installed,2021,asnew,gas,,3,110,,,,true,,,1,1,,10/18/22
10104625,house,house,265000,forsale,7850,semiequipped,,good,pellet,259,3,535,,true,,true,,,1,1,,10/18/22
10063621,house,bungalow,265000,forsale,8610,,1967,torenovate,,912,3,1172,,true,430,,,,1,,,10/18/22
10125737,house,house,269000,forsale,9050,installed,,justrenovated,gas,224,3,46,,,,,,,,,,10/18/22
9214640,house,house,270000,forsale,8460,installed,1918,torenovate,gas,524,3,240,,true,150,true,,,2,2,,10/18/22
9864816,house,house,275000,forsale,6238,semiequipped,,tobedoneup,gas,182,3,450,true,true,120,true,true,,1,1,,10/18/22
10115780,house,countrycottage,275000,forsale,7830,semiequipped,,tobedoneup,fueloil,352,5,2440,,true,,,,,1,6,,10/18/22
10074232,house,house,279000,forsale,3960,hyperequipped,1969,asnew,fueloil,322,3,860,,true,,,,,1,4,,10/18/22
10078443,house,house,279000,forsale,6670,semiequipped,,torenovate,,,4,114,true,true,,,,,,,,10/18/22
10043857,house,house,279000,forsale,8400,installed,1958,tobedoneup,gas,835,3,166,,true,,,,,1,,,10/18/22
10081873,house,house,285000,forsale,1435,installed,,tobedoneup,gas,274,4,2040,true,true,,true,true,,1,,,10/18/22
10089515,house,house,285000,forsale,3321,,1948,good,,244,4,93,,true,,true,,,,,,10/18/22
10080349,house,villa,285000,forsale,7100,installed,1978,good,fueloil,310,5,0,true,true,,true,true,,2,3,,10/18/22
9799939,house,mansion,285000,forsale,7812,installed,,good,gas,281,3,551,,true,440,,,,1,,,10/18/22
10015663,house,house,285000,forsale,8790,installed,1937,good,gas,383,3,0,,true,50,,,,,,,10/18/22
10124711,house,house,287000,forsale,9041,semiequipped,,good,gas,455,2,430,,,,true,,,,1,,10/18/22
9931567,house,house,289000,forsale,3630,installed,1954,good,fueloil,409,3,193,,,43,true,,,,,,10/18/22
10117837,house,house,289000,forsale,8400,hyperequipped,,asnew,gas,381,3,197,true,true,70,true,,,,,,10/18/22
10128581,house,house,289000,forsale,8580,installed,2016,asnew,gas,,3,300,,,1,true,,,1,2,,10/18/22
10023966,house,house,295000,forsale,8400,installed,,good,gas,554,6,0,,,,true,,,,,,10/18/22
9781416,house,house,295000,forsale,8520,,1987,good,,264,2,484,,,,true,,,2,4,,10/18/22
10118378,house,house,299000,forsale,8430,installed,1963,torenovate,,413,5,416,,,150,,,,1,,,10/18/22
10077938,house,house,299000,forsale,8700,installed,1937,asnew,gas,449,4,278,true,,,,,,1,,,10/18/22
10110669,house,house,85000,forsale,4860,,,torenovate,,,4,140,,true,,true,,,,,,10/18/22
10158652,house,house,435000,forsale,2640,installed,1956,good,gas,255,3,241,,true,87,true,,,1,1,,10/18/22
10158651,apartment,apartment,469000,forsale,1000,usainstalled,1996,,gas,105,2,,,true,,true,,,,,,10/18/22
10158650,house,house,169500,forsale,7140,installed,,,gas,294,2,150,,true,1,true,,,,,,10/18/22
10158649,apartment,apartment,215000,forsale,1030,installed,1930,good,gas,210,1,,,true,,,,,,,,10/18/22
10158648,house,house,625000,forsale,2160,semiequipped,1983,good,gas,190,3,744,,,330,true,,,2,4,,10/18/22
10158644,house,house,520000,forsale,6747,installed,1988,,,253,4,2721,,true,,,,,1,,,10/18/22
10158640,house,house,269000,forsale,6990,semiequipped,1976,good,pellet,247,3,3418,,,,,true,,1,7,,10/18/22
10053298,house,house,299000,forsale,9100,installed,,justrenovated,gas,101,3,60,,,,true,,,,,,10/18/22
10099321,house,house,299000,forsale,9820,installed,1972,good,fueloil,428,3,240,,,,true,,,1,,,10/18/22
10096224,house,house,319000,forsale,6900,semiequipped,1947,tobedoneup,,349,2,555,true,true,,,,,1,5,,10/18/22
9833807,house,exceptionalproperty,320000,forsale,1340,notinstalled,1990,,electric,,1,4500,,,2500,true,,,,12,,10/18/22
10020257,house,house,320000,forsale,6698,installed,2020,asnew,,111,2,1153,true,true,,,true,,1,3,,10/18/22
10106640,house,house,325000,forsale,1180,,1920,tobedoneup,,543,2,195,,true,110,true,,,,,,10/18/22
10007197,house,house,325000,forsale,3500,semiequipped,1976,torenovate,fueloil,540,3,549,,,,,,,2,,,10/18/22
9990828,house,house,325000,forsale,3890,installed,1933,torenovate,fueloil,865,5,426,true,true,,,true,,1,,,10/18/22
10125438,house,house,329000,forsale,9900,notinstalled,,good,gas,146,3,258,,,,,,,,,,10/18/22
9938667,house,house,329900,forsale,4041,installed,1996,asnew,fueloil,278,3,270,,,140,true,true,,1,1,,10/18/22
9846249,house,mansion,330000,forsale,7100,hyperequipped,,asnew,gas,384,5,390,true,true,,true,true,,,,,10/18/22
10111501,house,house,330000,forsale,9032,,1973,tobedoneup,,281,2,227,,,92,,,,1,1,,10/18/22
10116845,house,house,330000,forsale,9320,installed,,asnew,gas,278,3,509,,,,,,,,,,10/18/22
10005956,house,house,335000,forsale,1357,usahyperequipped,,good,gas,249,4,694,,,307,true,true,,1,4,,10/18/22
10033826,house,house,335000,forsale,2230,installed,2022,,gas,,3,0,,,,true,,,1,,,10/18/22
9938521,house,house,335000,forsale,3840,installed,1966,,fueloil,1042,4,1128,,,,,,,1,,,10/18/22
9991993,house,house,335000,forsale,8540,installed,,good,,747,3,1400,,true,,true,,,2,3,,10/18/22
9991991,house,bungalow,335000,forsale,8540,installed,,good,,747,3,1400,,true,,true,,,2,3,,10/18/22
9907111,house,house,339000,forsale,3700,installed,1961,,gas,675,5,1399,,,,,,,2,,,10/18/22
10120247,house,house,340000,forsale,9930,installed,,asnew,gas,224,3,184,,true,120,true,,,,2,,10/18/22
10125845,house,house,345000,forsale,9991,installed,1976,asnew,,701,3,486,,,,,,,2,,,10/18/22
10056196,house,house,349000,forsale,8610,installed,,good,fueloil,606,3,883,true,true,,,,,,,,10/18/22
10127924,house,house,349000,forsale,8800,installed,2009,asnew,gas,148,5,216,,,,,,,1,,,10/18/22
10105102,house,house,350000,forsale,2310,installed,1946,good,,302,3,390,,true,,,,,2,,,10/18/22
10126846,house,house,350000,forsale,7911,,,,gas,348,3,3530,,,,,,,,2,,10/18/22
10052440,house,villa,350000,forsale,7972,installed,,good,fueloil,314,4,308,,true,163,true,true,,2,1,,10/18/22
10084727,house,house,350000,forsale,8434,installed,,good,gas,183,3,0,,,,,,,,1,,10/18/22
10122186,house,house,359000,forsale,2060,installed,,asnew,gas,245,2,0,true,,,,,,,,,10/18/22
9953686,house,house,359000,forsale,9041,installed,,justrenovated,gas,105,4,171,true,,,true,,,1,,,10/18/22
10119724,house,house,369000,forsale,2040,hyperequipped,1970,asnew,gas,122,4,414,true,true,,true,,,,3,,10/18/22
10110669,house,house,85000,forsale,4860,,,torenovate,,,4,140,,true,,true,,,,,,10/18/22
10158652,house,house,435000,forsale,2640,installed,1956,good,gas,255,3,241,,true,87,true,,,1,1,,10/18/22
10158651,apartment,apartment,469000,forsale,1000,usainstalled,1996,,gas,105,2,,,true,,true,,,,,,10/18/22
10158650,house,house,169500,forsale,7140,installed,,,gas,294,2,150,,true,1,true,,,,,,10/18/22
10158649,apartment,apartment,215000,forsale,1030,installed,1930,good,gas,210,1,,,true,,,,,,,,10/18/22
10158648,house,house,625000,forsale,2160,semiequipped,1983,good,gas,190,3,744,,,330,true,,,2,4,,10/18/22
10158644,house,house,520000,forsale,6747,installed,1988,,,253,4,2721,,true,,,,,1,,,10/18/22
10158640,house,house,269000,forsale,6990,semiequipped,1976,good,pellet,247,3,3418,,,,,true,,1,7,,10/18/22
9998765,house,house,375000,forsale,9160,installed,1991,good,,201,3,489,,,300,,,,,,,10/18/22
10069636,house,house,389000,forsale,8400,installed,,asnew,gas,68,3,178,true,true,62,true,true,,,,,10/18/22
10008664,house,house,395000,forsale,1180,notinstalled,,good,gas,466,2,0,,true,,,,,,,,10/18/22
10115124,house,house,395000,forsale,1300,installed,,,,254,5,720,,,,,,,1,1,,10/18/22
10068315,house,house,395000,forsale,8501,,1950,good,,408,3,379,,true,,,,,,,,10/18/22
9988697,house,house,395000,forsale,9320,hyperequipped,,asnew,gas,191,3,272,true,,50,true,,,1,1,,10/18/22
10009606,house,townhouse,399000,forsale,2630,installed,,tobedoneup,gas,249,3,16,,,,true,true,,1,2,,10/18/22
10014302,house,house,399000,forsale,8610,installed,2020,good,,33,3,361,,,361,true,,,1,1,,10/18/22
10113905,house,house,399000,forsale,9320,hyperequipped,,asnew,gas,96,3,418,,,100,true,,,,,,10/18/22
10106785,house,house,419000,forsale,8501,,1991,good,,177,4,671,,,,,,,1,,,10/18/22
10118634,house,house,425000,forsale,1880,hyperequipped,2003,asnew,gas,,3,288,true,,200,true,,,1,1,,10/18/22
10083537,house,house,425000,forsale,9185,,1992,good,gas,377,3,846,,,,true,,true,2,1,,10/18/22
10127033,house,house,439000,forsale,6663,,,,gas,242,3,1100,,,,true,,,,,,10/18/22
10126704,house,house,439000,forsale,8730,installed,,good,fueloil,352,4,1966,,,,,,,1,,,10/18/22
10120580,house,house,449000,forsale,9320,installed,,justrenovated,gas,187,4,256,,,,true,true,,1,2,,10/18/22
9895177,house,house,450000,forsale,4910,installed,,asnew,gas,340,3,769,,true,,true,true,true,,2,,10/18/22
9897871,house,house,450000,forsale,8972,,2014,good,,175,4,338,,,110,true,,,,,,10/18/22
10101184,house,house,450000,forsale,9940,installed,1995,asnew,gas,245,3,574,,,,,true,true,1,,,10/18/22
10060198,house,house,459000,forsale,8710,,1958,justrenovated,,370,5,472,,,,true,,,,,,10/18/22
10126118,house,villa,460000,forsale,6141,usainstalled,2004,asnew,,190,3,600,true,true,,true,true,,1,1,,10/18/22
9950307,house,house,465000,forsale,6567,notinstalled,,good,fueloil,368,7,1661,true,true,1431,true,true,true,,5,,10/18/22
9716244,house,house,470000,forsale,4000,hyperequipped,,good,gas,166,2,246,,true,60,true,,,,,,10/18/22
10097199,house,house,475000,forsale,2830,hyperequipped,,asnew,gas,171,5,0,true,true,,true,,,,,,10/18/22
10088059,house,villa,475000,forsale,5060,installed,1993,good,electric,480,6,1362,true,true,,true,,,2,4,,10/18/22
9988274,house,castle,490000,forsale,7050,,1854,,fueloil,432,10,4491,,true,,,true,,,,,10/18/22
9988273,house,castle,490000,forsale,7050,,1854,,fueloil,432,10,4491,,true,,,true,,,,,10/18/22
10093929,house,mixedusebuilding,495000,forsale,1081,installed,,good,gas,392,3,89,,true,,true,true,,,,,10/18/22
10115121,house,house,495000,forsale,1457,installed,,,fueloil,347,4,1503,,true,,true,,,2,1,,10/18/22
10003681,house,villa,495000,forsale,5101,installed,1979,,fueloil,238,4,996,,true,880,true,,,2,6,,10/18/22
9903938,house,exceptionalproperty,495000,forsale,6600,notinstalled,1900,torenovate,,396,6,3249,true,true,2025,true,true,,,5,,10/18/22
10110669,house,house,85000,forsale,4860,,,torenovate,,,4,140,,true,,true,,,,,,10/18/22
10158652,house,house,435000,forsale,2640,installed,1956,good,gas,255,3,241,,true,87,true,,,1,1,,10/18/22
10158651,apartment,apartment,469000,forsale,1000,usainstalled,1996,,gas,105,2,,,true,,true,,,,,,10/18/22
10158650,house,house,169500,forsale,7140,installed,,,gas,294,2,150,,true,1,true,,,,,,10/18/22
10158649,apartment,apartment,215000,forsale,1030,installed,1930,good,gas,210,1,,,true,,,,,,,,10/18/22
10158648,house,house,625000,forsale,2160,semiequipped,1983,good,gas,190,3,744,,,330,true,,,2,4,,10/18/22
10158644,house,house,520000,forsale,6747,installed,1988,,,253,4,2721,,true,,,,,1,,,10/18/22
10158640,house,house,269000,forsale,6990,semiequipped,1976,good,pellet,247,3,3418,,,,,true,,1,7,,10/18/22
9941894,house,villa,495000,forsale,8720,,1991,good,,198,4,1362,,,,true,true,,2,5,,10/18/22
10091191,house,villa,495000,forsale,8820,,2014,good,,21,5,762,,,,,,,1,,,10/18/22
9959552,house,house,499000,forsale,8530,installed,,good,gas,416,7,379,,,,true,,,1,,,10/18/22
10048475,house,villa,520000,forsale,5100,installed,1930,tobedoneup,,462,5,1844,,true,,true,,true,1,4,,10/18/22
10108733,house,villa,520000,forsale,8400,installed,1975,good,,368,3,615,,,,,,,2,2,,10/18/22
10067763,house,house,525000,forsale,1300,hyperequipped,1991,good,gas,250,4,1428,true,true,1,true,,,2,8,,10/18/22
10087835,house,house,530000,forsale,3000,installed,1990,good,gas,180,4,238,,true,,true,,,1,2,,10/18/22
10129706,house,house,539000,forsale,8420,installed,1989,good,,127,4,576,,,,true,true,,1,2,,10/18/22
9949202,house,house,547000,forsale,2018,installed,,good,gas,332,3,0,,true,,true,,,,,,10/18/22
10116941,house,house,549000,forsale,2560,installed,2009,asnew,gas,81,4,450,,,,true,,,1,,,10/18/22
10092426,house,house,549000,forsale,9150,installed,1980,justrenovated,gas,269,4,660,,true,,true,,,1,,,10/18/22
10119754,house,mixedusebuilding,549000,forsale,9400,semiequipped,,good,,529,5,1447,true,true,1000,,true,,2,30,,10/18/22
10005135,house,house,550000,forsale,1040,usainstalled,2015,asnew,,215,3,110,,,,true,,,,,,10/18/22
9820929,house,apartmentblock,560000,forsale,8660,semiequipped,1939,good,gas,156,5,0,,true,50,true,,,,,,10/18/22
10051136,house,house,595000,forsale,1190,,1913,torenovate,gas,,7,256,,true,26,true,true,,1,2,,10/18/22
10013280,house,house,597500,forsale,1120,installed,1958,,,180,4,0,,true,45,true,,,1,,,10/18/22
10046574,house,house,598000,forsale,8200,,1971,tobedoneup,gas,377,5,1286,,true,,true,,,1,4,,10/18/22
9903842,house,villa,599000,forsale,6860,usahyperequipped,2016,asnew,,65,3,2800,true,true,2678,true,true,,1,2,,10/18/22
10096383,house,house,620000,forsale,9930,installed,2004,asnew,gas,204,4,621,,,,true,true,true,,,,10/18/22
10040692,house,apartmentblock,625000,forsale,1070,installed,1958,tobedoneup,gas,457,4,203,true,true,,true,,,2,6,,10/18/22
10027820,house,house,625000,forsale,2520,hyperequipped,1975,justrenovated,,238,3,966,true,true,,true,,,1,4,,10/18/22
10034728,house,house,629000,forsale,1600,installed,1974,good,,392,4,1157,,true,,true,true,,2,,,10/18/22
10034727,house,house,629000,forsale,1602,installed,1974,good,,392,4,1157,,true,,true,true,,2,,,10/18/22
10092091,house,house,629000,forsale,2300,installed,2017,asnew,,53.88,4,555,,,,,,true,1,2,,10/18/22
9823965,house,exceptionalproperty,630000,forsale,1367,semiequipped,1900,torenovate,,543,7,2700,,true,,true,true,,2,12,,10/18/22
9943463,house,manorhouse,649000,forsale,3800,installed,1964,torenovate,fueloil,712,3,23017,,true,,,,,1,,,10/18/22
9685816,house,house,649000,forsale,4960,hyperequipped,,,,118,4,24516,,,,true,,true,1,6,,10/18/22
10097331,house,villa,649000,forsale,9450,usahyperequipped,1976,good,fueloil,223,4,1497,true,true,1180,true,true,,2,5,,10/18/22
10031475,house,villa,650000,forsale,8490,installed,1986,good,,285,5,1360,,,,true,,,,4,,10/18/22
10088671,house,exceptionalproperty,655000,forsale,2300,hyperequipped,,good,gas,260,5,498,true,true,200,true,true,,2,,,10/18/22
10110669,house,house,85000,forsale,4860,,,torenovate,,,4,140,,true,,true,,,,,,10/18/22
10158652,house,house,435000,forsale,2640,installed,1956,good,gas,255,3,241,,true,87,true,,,1,1,,10/18/22
10158651,apartment,apartment,469000,forsale,1000,usainstalled,1996,,gas,105,2,,,true,,true,,,,,,10/18/22
10158650,house,house,169500,forsale,7140,installed,,,gas,294,2,150,,true,1,true,,,,,,10/18/22
10158649,apartment,apartment,215000,forsale,1030,installed,1930,good,gas,210,1,,,true,,,,,,,,10/18/22
10158648,house,house,625000,forsale,2160,semiequipped,1983,good,gas,190,3,744,,,330,true,,,2,4,,10/18/22
10158644,house,house,520000,forsale,6747,installed,1988,,,253,4,2721,,true,,,,,1,,,10/18/22
10158640,house,house,269000,forsale,6990,semiequipped,1976,good,pellet,247,3,3418,,,,,true,,1,7,,10/18/22
10096771,house,house,669000,forsale,1380,usahyperequipped,,good,fueloil,,5,650,,true,700,true,true,,,1,,10/18/22
10124978,house,house,675000,forsale,1490,installed,1975,good,fueloil,258,5,2857,true,true,,true,true,,2,4,,10/18/22
9869309,house,house,689000,forsale,8800,installed,2013,good,,80,4,123,,true,57,,,,,,,10/18/22
9940421,house,countrycottage,690000,forsale,6780,,1920,tobedoneup,fueloil,337,4,1928,,,,true,true,,1,,,10/18/22
10109488,house,house,695000,forsale,1160,semiequipped,,tobedoneup,gas,,5,160,,true,65,true,,,1,,,10/18/22
9977937,house,manorhouse,695000,forsale,4260,installed,1900,good,fueloil,336,8,7339,true,true,6500,true,true,,1,10,,10/18/22
9960444,house,mixedusebuilding,695000,forsale,9400,hyperequipped,1961,asnew,gas,156,5,1420,true,,1100,true,,,,,,10/18/22
10082553,house,apartmentblock,699000,forsale,1040,installed,1954,good,gas,363,3,0,,true,55,true,,,,,,10/18/22
10116813,house,house,705000,forsale,9660,,2010,asnew,,95,3,3000,true,true,,true,true,,2,,,10/18/22
10109075,house,villa,705000,forsale,9660,,2010,asnew,,95,3,3000,true,true,,true,true,,2,,,10/18/22
10129165,house,house,750000,forsale,1560,installed,1954,,gas,228,3,646,true,true,583,true,,,1,2,,10/18/22
10049751,house,villa,750000,forsale,8400,installed,1971,asnew,fueloil,477,3,2030,,,2030,,true,,1,,,10/18/22
10114686,house,exceptionalproperty,775000,forsale,9290,hyperequipped,2006,asnew,gas,164,6,690,,,400,true,,true,2,4,,10/18/22
9982948,house,villa,795000,forsale,9041,installed,1936,good,fueloil,243,4,1343,,,,,,,,5,,10/18/22
10124996,house,house,799000,forsale,1755,notinstalled,2022,asnew,pellet,97,7,1200,,,800,true,true,,,,,10/18/22
9862435,house,house,850000,forsale,1367,semiequipped,1900,torenovate,,543,7,5200,,true,,true,true,,2,12,,10/18/22
10002602,house,villa,895000,forsale,9870,,1972,asnew,,483,4,1275,,true,,true,true,true,1,,,10/18/22
10097696,house,villa,925000,forsale,8570,,1970,asnew,,157,3,1443,,,,true,,,,8,,10/18/22
9267446,house,house,925000,forsale,9220,,1910,,,87,6,795,,true,,true,,,1,,,10/18/22
9256531,house,mansion,925000,forsale,9220,,1910,,,87,6,795,,true,,true,,,1,,,10/18/22
9933156,house,house,965000,forsale,9000,,1987,tobedoneup,gas,289,5,123,,,,true,,,,,,10/18/22
10109205,house,mansion,970000,forsale,3000,,,asnew,gas,258,5,450,true,true,,true,true,,,,,10/18/22
9996194,house,villa,985000,forsale,8770,,1949,tobedoneup,,335,6,4116,,true,,,,true,,5,,10/18/22
10072897,house,manorhouse,1060000,forsale,1540,hyperequipped,2008,,,152,4,1254,,true,,true,true,,3,2,,10/18/22
10126743,house,villa,1125000,forsale,1770,installed,1983,good,,163,5,1051,,true,730,true,,true,3,3,,10/18/22
10099155,house,mansion,1200000,forsale,3000,installed,,justrenovated,gas,199,4,120,,,,,,,,,,10/18/22
9874325,house,villa,1380000,forsale,1410,,1990,good,fueloil,195,6,1461,,,,true,true,,2,4,,10/18/22
10125346,house,mansion,1790000,forsale,1050,,1911,,,336,4,170,,true,,true,true,,1,1,,10/18/22
10093648,house,villa,1835000,forsale,1180,usahyperequipped,2013,,,140,4,1060,,true,690,true,,true,2,2,,10/18/22
10059134,house,apartmentblock,1890000,forsale,1030,,,,gas,158,0,1500,,,,,,,,,,10/18/22
10110669,house,house,85000,forsale,4860,,,torenovate,,,4,140,,true,,true,,,,,,10/18/22
10158652,house,house,435000,forsale,2640,installed,1956,good,gas,255,3,241,,true,87,true,,,1,1,,10/18/22
10158651,apartment,apartment,469000,forsale,1000,usainstalled,1996,,gas,105,2,,,true,,true,,,,,,10/18/22
10158650,house,house,169500,forsale,7140,installed,,,gas,294,2,150,,true,1,true,,,,,,10/18/22
10158649,apartment,apartment,215000,forsale,1030,installed,1930,good,gas,210,1,,,true,,,,,,,,10/18/22
10158648,house,house,625000,forsale,2160,semiequipped,1983,good,gas,190,3,744,,,330,true,,,2,4,,10/18/22
10158644,house,house,520000,forsale,6747,installed,1988,,,253,4,2721,,true,,,,,1,,,10/18/22
10158640,house,house,269000,forsale,6990,semiequipped,1976,good,pellet,247,3,3418,,,,,true,,1,7,,10/18/22
10099584,house,house,2790000,forsale,2950,hyperequipped,2008,asnew,,136,3,7245,true,true,,true,true,true,5,4,,10/18/22
10048313,house,castle,2900000,forsale,4800,,1893,torenovate,,,15,11200,,,,,,,,,,10/18/22
10153411,housegroup,housegroup,289000-289000,forsale,5570,,,,,,,,,,,,,,,,1,10/18/22
10151718,housegroup,housegroup,349000-449000,forsale,1360,,,,,,,,,,,,,,,,1,10/18/22
10157203,house,house,175000,forsale,8770,installed,,torenovate,pellet,387,3,261,,,,,,,,,,10/18/22
10157214,house,house,225000,forsale,8720,,,torenovate,gas,391,3,263,,,,true,,,1,,,10/18/22
10100514,house,house,335000,forsale,2110,installed,,justrenovated,gas,283,3,0,true,true,32,true,,,,,,10/18/22
10127857,house,villa,520000,forsale,8500,hyperequipped,1970,asnew,,378,3,1249,,,,,,,1,,,10/18/22
9933179,house,villa,520000,forsale,8930,hyperequipped,1970,asnew,,378,3,1249,,,,,,,1,,,10/18/22
10158485,house,countrycottage,825000,forsale,1702,semiequipped,1963,torenovate,fueloil,824,4,9143,,true,,,,,1,,,10/18/22
10158247,house,house,850000,forsale,1050,hyperequipped,1904,asnew,gas,265,4,45,,true,,true,true,,,,,10/18/22
10132812,house,house,260000,forsale,9200,,1953,good,gas,532,3,534,,,,true,,,,,,10/18/22
10132656,house,townhouse,299000,forsale,2270,usahyperequipped,1982,good,gas,324,3,0,,,,true,,,,,,10/18/22
10132809,house,house,325000,forsale,9200,,1955,good,gas,291,3,280,,,,true,,,,,,10/18/22
10132500,house,house,335000,forsale,9450,installed,1976,,gas,251,3,282,,,,true,,,1,4,,10/18/22
10132313,house,exceptionalproperty,449000,forsale,9255,,,asnew,gas,128,3,410,,,160,,,,1,2,,10/18/22
10007682,house,mixedusebuilding,459000,forsale,1853,semiequipped,1954,tobedoneup,gas,286,6,177,true,true,,true,true,,,,,10/18/22
10132612,house,farmhouse,670000,forsale,7502,hyperequipped,,good,fueloil,285,4,4266,true,true,3473,true,true,,1,4,,10/18/22
10134076,house,house,109000,forsale,5580,,,good,gas,401,2,110,true,true,51,true,,,,,,10/18/22
10134438,house,house,240000,forsale,6040,installed,1973,good,fueloil,382,3,1957,,,,,,,3,3,,10/18/22
10072404,house,house,240000,forsale,8600,installed,,tobedoneup,,1496,4,826,true,true,,true,,,1,1,,10/18/22
10133920,house,house,275000,forsale,9700,,,torenovate,,661,3,690,,true,,true,,,1,,,10/18/22
10134376,house,house,319000,forsale,8400,,1907,tobedoneup,gas,503,6,135,,,,,,,1,,,10/18/22
10135583,house,house,384000,forsale,8560,,1976,asnew,gas,205,3,674,,,,true,true,,1,,,10/18/22
10134897,house,manorhouse,1400000,forsale,3840,installed,1970,good,fueloil,602,5,0,,true,,,,,2,8,,10/18/22
10139009,house,house,95000,forsale,7134,installed,,torenovate,fueloil,505,2,140,,true,,true,,,,,,10/18/22
10138480,house,house,249000,forsale,1600,,1919,,,,3,215,,,,,,,,,,10/18/22
10128486,house,house,265000,forsale,4263,,2022,good,gas,,3,1020,,,420,,,,,4,1,10/18/22
10138263,house,house,289000,forsale,9500,installed,1959,torenovate,fueloil,408,3,306,,,,true,,,1,3,,10/18/22
10126104,house,villa,319000,forsale,9500,usahyperequipped,2023,asnew,gas,,3,334,,,,true,true,,,2,1,10/18/22
10110669,house,house,85000,forsale,4860,,,torenovate,,,4,140,,true,,true,,,,,,10/18/22
10158652,house,house,435000,forsale,2640,installed,1956,good,gas,255,3,241,,true,87,true,,,1,1,,10/18/22
10158651,apartment,apartment,469000,forsale,1000,usainstalled,1996,,gas,105,2,,,true,,true,,,,,,10/18/22
10158650,house,house,169500,forsale,7140,installed,,,gas,294,2,150,,true,1,true,,,,,,10/18/22
10158649,apartment,apartment,215000,forsale,1030,installed,1930,good,gas,210,1,,,true,,,,,,,,10/18/22
10158648,house,house,625000,forsale,2160,semiequipped,1983,good,gas,190,3,744,,,330,true,,,2,4,,10/18/22
10158644,house,house,520000,forsale,6747,installed,1988,,,253,4,2721,,true,,,,,1,,,10/18/22
10158640,house,house,269000,forsale,6990,semiequipped,1976,good,pellet,247,3,3418,,,,,true,,1,7,,10/18/22
10103638,house,house,345000,forsale,9290,installed,2022,asnew,gas,,3,203,true,,,true,,,,2,1,10/18/22
10077069,house,house,349500,forsale,8840,installed,2020,asnew,gas,,3,488,,,,,,,,2,1,10/18/22
10103636,house,house,389000,forsale,9290,hyperequipped,2022,asnew,gas,,3,170,true,,,true,,,,,1,10/18/22
10121604,house,house,393500,forsale,3945,hyperequipped,2022,asnew,gas,,3,392,true,,,,true,,,3,1,10/18/22
10121611,house,house,398000,forsale,3945,hyperequipped,2022,asnew,gas,,3,453,true,,,,true,,,3,1,10/18/22
10121619,house,house,399500,forsale,3945,hyperequipped,2022,asnew,gas,,3,509,true,,,,true,,,3,1,10/18/22
10099813,house,house,425000,forsale,9800,usainstalled,2022,,gas,,3,252,true,,1,true,,,1,1,1,10/18/22
10121840,house,house,448500,forsale,3460,hyperequipped,2022,asnew,gas,,3,563,true,true,,,true,,,3,1,10/18/22
10139214,house,townhouse,455000,forsale,9000,installed,1962,,,293,3,167,,,97,true,,,1,1,,10/18/22
9822229,house,house,470000,forsale,2800,hyperequipped,2022,asnew,gas,,3,108,,,57,,,,,,1,10/18/22
10140250,house,villa,470000,forsale,9300,installed,1990,,,499,3,599,,,,true,,,1,,,10/18/22
9946549,house,house,526250,forsale,8020,installed,2022,asnew,gas,,3,5352,,,487,,,,,3,1,10/18/22
10140288,house,villa,549000,forsale,2310,,1986,good,electric,,6,968,,,656,,,,,,,10/18/22
8617116,house,house,595000,forsale,2880,,2020,good,,,3,0,,,17,true,,,,1,1,10/18/22
10138771,house,villa,695000,forsale,9255,,1975,good,fueloil,315,3,2149,,true,,true,true,true,3,10,,10/18/22
10138341,house,villa,728000,forsale,2970,hyperequipped,1976,good,gas,227,3,1235,,,1161,,,,1,3,,10/18/22
10144469,house,house,187000,forsale,5190,semiequipped,,good,fueloil,281,3,0,,,,true,true,,,,,10/18/22
10144001,house,house,245000,forsale,6230,installed,1975,good,gas,330,3,300,true,true,,true,,,3,,,10/18/22
10143551,house,mixedusebuilding,250000,forsale,7700,installed,2015,asnew,gas,167,3,1297,,,,,true,,1,,,10/18/22
10144726,house,house,319000,forsale,6940,installed,,good,fueloil,315,7,516,,,,,,,,,,10/18/22
10144122,house,house,320000,forsale,1340,semiequipped,1925,torenovate,fueloil,355,3,577,true,true,490,true,,,1,,,10/18/22
10144319,house,house,349500,forsale,2230,,,justrenovated,gas,203,3,573,,,,,,,,,,10/18/22
10048463,house,apartmentblock,350000,forsale,5540,installed,1918,,fueloil,421,5,675,,true,675,,,,3,3,,10/18/22
10144583,house,house,375000,forsale,8530,installed,1969,,fueloil,557,2,736,,,,,,,,1,,10/18/22
10012637,house,house,452000,forsale,2800,usainstalled,1976,,gas,415,4,444,true,,250,true,true,,1,2,,10/18/22
10143330,house,house,463000,forsale,2020,,,good,fueloil,625,4,123,,true,42,true,,,,,,10/18/22
10143111,house,countrycottage,1150000,forsale,7740,installed,,asnew,,479,7,7065,,,,true,true,,3,,,10/18/22
10134202,house,townhouse,335000,forsale,2200,installed,2022,asnew,gas,56,3,161,true,,63,,,,1,1,1,10/18/22
10110071,house,townhouse,339000,forsale,1390,,,justrenovated,pellet,,3,370,,,200,true,,,2,1,,10/18/22
10146339,house,house,600000,forsale,7711,,,good,,386,7,1901,,true,,,,,1,4,,10/18/22
10110669,house,house,85000,forsale,4860,,,torenovate,,,4,140,,true,,true,,,,,,10/18/22
10158652,house,house,435000,forsale,2640,installed,1956,good,gas,255,3,241,,true,87,true,,,1,1,,10/18/22
10158651,apartment,apartment,469000,forsale,1000,usainstalled,1996,,gas,105,2,,,true,,true,,,,,,10/18/22
10158650,house,house,169500,forsale,7140,installed,,,gas,294,2,150,,true,1,true,,,,,,10/18/22
10158649,apartment,apartment,215000,forsale,1030,installed,1930,good,gas,210,1,,,true,,,,,,,,10/18/22
10158648,house,house,625000,forsale,2160,semiequipped,1983,good,gas,190,3,744,,,330,true,,,2,4,,10/18/22
10158644,house,house,520000,forsale,6747,installed,1988,,,253,4,2721,,true,,,,,1,,,10/18/22
10158640,house,house,269000,forsale,6990,semiequipped,1976,good,pellet,247,3,3418,,,,,true,,1,7,,10/18/22
10148699,house,house,75000,forsale,6040,semiequipped,,good,gas,325,2,40,true,true,,,,,,,,10/18/22
10148711,house,house,199900,forsale,2170,,,tobedoneup,gas,464,2,70,,true,20,,,,,,,10/18/22
10148697,house,house,250000,forsale,6032,hyperequipped,,asnew,fueloil,416,3,2100,,true,,,true,,,,,10/18/22
10149111,house,house,299000,forsale,9255,,1932,,fueloil,732,4,821,,,,true,,,1,5,,10/18/22
10148808,house,house,345000,forsale,3020,,1964,good,gas,271,3,186,,true,,true,,,,,,10/18/22
10148916,house,house,379000,forsale,1600,hyperequipped,1930,asnew,gas,219,4,236,true,true,163,true,,,,,,10/18/22
10150943,house,mixedusebuilding,448000,forsale,1030,semiequipped,,torenovate,gas,502,5,0,,,,,,,1,,,10/18/22
10149512,house,house,495000,forsale,1470,usainstalled,,good,,,4,1127,,true,1000,true,true,,,3,,10/18/22
10151105,house,villa,550000,forsale,8340,,2022,asnew,,34.3,4,352,,,,,,,1,,,10/18/22
10148713,house,villa,635000,forsale,1850,,1960,good,gas,627,4,0,,true,,true,true,,1,3,,10/18/22
10149195,house,apartmentblock,985000,forsale,1070,,1925,,gas,533,0,490,,,,,,,1,,,10/18/22
10148999,house,villa,1190000,forsale,1380,hyperequipped,1975,asnew,fueloil,267,3,2300,,,,true,,true,2,3,,10/18/22
10149145,housegroup,housegroup,819500-854500,forsale,1180,,,,,44,,,,,,,,,1,2,1,10/18/22
10156027,house,house,98500,forsale,9968,,1931,torenovate,fueloil,,1,100,,,,true,,,,,,10/18/22
10154558,house,house,187000,forsale,8800,semiequipped,,good,gas,366,2,175,true,true,,true,,,1,,,10/18/22
10156834,house,apartmentblock,325000,forsale,4020,,,,fueloil,215,5,0,,,,,,,,,,10/18/22
10156638,house,house,335000,forsale,8800,,1964,torenovate,,420,4,2043,,true,,,,,1,3,,10/18/22
10156933,house,house,338000,forsale,8540,,,asnew,electric,315,3,543,,,,true,,,1,,,10/18/22
10154483,house,house,594000,forsale,3150,,2021,,,,4,427,,,,,,,,,,10/18/22
10156060,house,house,635000,forsale,4000,,1994,asnew,fueloil,,4,5500,,,5500,true,,,2,,,10/18/22
10154463,house,house,649000,forsale,8780,,1970,tobedoneup,,387,5,2581,,true,,,true,,1,1,,10/18/22
10154471,house,villa,695000,forsale,8301,hyperequipped,1953,,gas,182,4,815,,,,,true,,,1,,10/18/22
10156040,house,villa,1265000,forsale,1970,installed,1987,asnew,gas,182,5,1167,,true,,true,true,,1,4,,10/18/22
10132000,house,house,345000,forsale,9790,,,asnew,gas,163,3,200,,true,,true,,,1,,,10/18/22
10130373,house,house,395000,forsale,3380,,1983,good,fueloil,408,2,1193,,,1053,true,true,,1,4,,10/18/22
10130338,house,house,399000,forsale,1070,semiequipped,,tobedoneup,gas,489,5,192,true,true,100,true,,,,,,10/18/22
10131997,house,house,475000,forsale,9570,,1974,,fueloil,562,3,19500,,true,,true,,,1,,,10/18/22
10132001,house,house,495000,forsale,9700,,,asnew,gas,166,5,1152,,true,,true,true,,,,,10/18/22
10060649,house,villa,695000,forsale,1310,usainstalled,2010,asnew,gas,444,4,800,,true,600,true,true,,,4,,10/18/22
10148924,house,house,315000,forsale,1325,usainstalled,1940,asnew,fueloil,252,1,247,true,,247,true,true,,1,5,,10/18/22
10110669,house,house,85000,forsale,4860,,,torenovate,,,4,140,,true,,true,,,,,,10/18/22
10158652,house,house,435000,forsale,2640,installed,1956,good,gas,255,3,241,,true,87,true,,,1,1,,10/18/22
10158651,apartment,apartment,469000,forsale,1000,usainstalled,1996,,gas,105,2,,,true,,true,,,,,,10/18/22
10158650,house,house,169500,forsale,7140,installed,,,gas,294,2,150,,true,1,true,,,,,,10/18/22
10158649,apartment,apartment,215000,forsale,1030,installed,1930,good,gas,210,1,,,true,,,,,,,,10/18/22
10158648,house,house,625000,forsale,2160,semiequipped,1983,good,gas,190,3,744,,,330,true,,,2,4,,10/18/22
10158644,house,house,520000,forsale,6747,installed,1988,,,253,4,2721,,true,,,,,1,,,10/18/22
10158640,house,house,269000,forsale,6990,semiequipped,1976,good,pellet,247,3,3418,,,,,true,,1,7,,10/18/22
10148923,house,villa,495000,forsale,1330,hyperequipped,1991,asnew,gas,394,3,603,true,true,603,true,,,,2,,10/18/22
10136817,house,house,185000,forsale,6001,notinstalled,,,,430,2,0,,true,,true,,,,,,10/18/22
10135850,house,house,285000,forsale,8500,installed,1932,justrenovated,,145,3,241,,,,,,,,,,10/18/22
10137873,house,house,298000,forsale,8460,installed,2008,good,,150,3,121,,,,,,,1,,,10/18/22
10137872,house,house,298000,forsale,8460,installed,2008,good,,150,3,121,,,,,,,1,,,10/18/22
10136775,house,house,342000,forsale,1300,usahyperequipped,,justrenovated,gas,,3,130,true,,70,true,,,,,,10/18/22
10135735,house,house,345000,forsale,9570,,1966,tobedoneup,fueloil,558,4,1458,,true,,,true,,1,,,10/18/22
10136332,house,villa,495000,forsale,8800,usahyperequipped,2007,tobedoneup,gas,227,4,1140,,,,true,true,,1,3,,10/18/22
10136913,house,house,635000,forsale,8301,,,justrenovated,gas,195,3,0,,true,,,,,2,1,,10/18/22
10135740,house,house,675000,forsale,9090,installed,1960,asnew,gas,378,4,910,,true,,,true,,1,1,,10/18/22
10136960,house,apartmentblock,1595000,forsale,1070,notinstalled,1900,,,376,0,678,,,,,true,,,,,10/18/22
10141255,house,house,269000,forsale,9600,installed,,tobedoneup,electric,512,3,434,true,true,338,,,,,,,10/18/22
10142320,house,house,295000,forsale,7141,semiequipped,,good,fueloil,539,4,2377,,true,,true,,,2,1,,10/18/22
10140331,house,house,299000,forsale,9000,installed,,good,gas,345,3,48,,,,,,,,,,10/18/22
10140700,house,house,350000,forsale,3120,installed,1975,tobedoneup,electric,761,3,700,,,330,true,,,1,3,,10/18/22
10140640,house,villa,695000,forsale,8730,hyperequipped,2013,,gas,102,5,382,true,,,,true,,2,2,,10/18/22
10140705,house,house,769000,forsale,9450,installed,1983,good,electric,625,3,8159,true,true,,true,,,1,,,10/18/22
10145300,house,house,150000,forsale,7100,installed,,good,fueloil,443,3,135,true,true,42,true,true,,,,,10/18/22
10145047,house,house,189000,forsale,8000,installed,,torenovate,gas,788,2,55,true,,,,,,,,,10/18/22
10144887,house,house,329000,forsale,9060,semiequipped,1949,,gas,463,3,349,true,true,,,,,1,,,10/18/22
10145919,house,house,349000,forsale,8000,,1998,good,,249,3,309,,,,true,,,1,,,10/18/22
10090717,house,house,349500,forsale,9820,hyperequipped,1960,asnew,gas,350,3,253,,,,true,,,,1,,10/18/22
10144875,house,house,369000,forsale,9070,installed,,good,gas,276,6,157,,,,,,,1,,,10/18/22
10145611,house,house,439000,forsale,1840,,1955,asnew,gas,136,3,206,,true,,true,,,,,,10/18/22
10145751,house,house,439000,forsale,6760,installed,,,fueloil,236,5,1412,,true,,true,,,2,,,10/18/22
10146283,house,house,1195000,forsale,8300,installed,1986,justrenovated,fueloil,148,6,5420,,,,true,true,,2,,,10/18/22
10109797,house,house,26000,forsale,7860,,,good,,,1,0,,,,,true,,,,,10/18/22
10148155,house,house,127500,forsale,7012,,,tobedoneup,pellet,255,2,430,,true,,,,,,,,10/18/22
9998683,house,townhouse,140000,forsale,6061,installed,1954,torenovate,fueloil,,1,88,,,,true,,,4,1,,10/18/22
10147024,house,mixedusebuilding,329000,forsale,6001,installed,1957,tobedoneup,gas,246,5,492,true,true,,true,,,1,,,10/18/22
10110669,house,house,85000,forsale,4860,,,torenovate,,,4,140,,true,,true,,,,,,10/18/22
10158652,house,house,435000,forsale,2640,installed,1956,good,gas,255,3,241,,true,87,true,,,1,1,,10/18/22
10158651,apartment,apartment,469000,forsale,1000,usainstalled,1996,,gas,105,2,,,true,,true,,,,,,10/18/22
10158650,house,house,169500,forsale,7140,installed,,,gas,294,2,150,,true,1,true,,,,,,10/18/22
10158649,apartment,apartment,215000,forsale,1030,installed,1930,good,gas,210,1,,,true,,,,,,,,10/18/22
10158648,house,house,625000,forsale,2160,semiequipped,1983,good,gas,190,3,744,,,330,true,,,2,4,,10/18/22
10158644,house,house,520000,forsale,6747,installed,1988,,,253,4,2721,,true,,,,,1,,,10/18/22
10158640,house,house,269000,forsale,6990,semiequipped,1976,good,pellet,247,3,3418,,,,,true,,1,7,,10/18/22
10136249,house,house,369000,forsale,9400,hyperequipped,1938,,electric,616,4,620,true,,,true,,,1,,1,10/18/22
10146935,house,house,645000,forsale,8310,hyperequipped,1965,,gas,289,2,1025,,,,true,,,,,,10/18/22
10147829,house,apartmentblock,850000,forsale,1040,semiequipped,,good,gas,,4,140,true,,70,,,,,,,10/18/22
10147870,housegroup,housegroup,234000-424900,forsale,8870,,,,,,,,,,,,,,,,1,10/18/22
10152988,house,house,149900,forsale,6044,installed,,justrenovated,electric,707,2,0,,,,,,,,,,10/18/22
9930024,house,mixedusebuilding,159000,forsale,6040,installed,,good,fueloil,694,5,248,true,true,,true,,,,,,10/18/22
10152406,house,house,200000,forsale,3800,installed,1989,,gas,213,3,351,true,,,true,,,1,,,10/18/22
10050854,house,house,259500,forsale,9300,usainstalled,,justrenovated,gas,125,3,0,,,,,,,,,,10/18/22
10152710,house,house,309000,forsale,9050,,,torenovate,gas,352,5,0,,true,,,,,1,,,10/18/22
10151392,house,house,325000,forsale,9270,,1960,torenovate,,880,3,420,,true,,true,,,,,,10/18/22
10151987,house,house,340000,forsale,2860,usainstalled,,good,,264,2,126,,,32,true,,,,,,10/18/22
10152031,house,house,349500,forsale,9860,hyperequipped,,asnew,gas,397,3,312,true,true,,true,true,,,,,10/18/22
10154023,house,villa,397500,forsale,9870,installed,1973,torenovate,fueloil,316,2,850,,,,true,,,1,,,10/18/22
10153156,house,house,499000,forsale,3012,,,justrenovated,gas,158,5,376,,,,true,,,,,,10/18/22
10154154,house,house,620000,forsale,1950,installed,1977,asnew,gas,495,4,290,true,true,125,true,,,1,2,,10/18/22
10151413,house,villa,675000,forsale,3620,hyperequipped,2004,,gas,144,5,701,,,,,,,,,,10/18/22
10151426,house,countrycottage,850000,forsale,8587,hyperequipped,,asnew,fueloil,210,4,11395,,,11395,,,,1,,,10/18/22
10088445,house,house,20000,forsale,4100,,,torenovate,gas,425,2,165,,true,,,,,,,,10/18/22
10116230,house,house,40000,forsale,4102,,,tobedoneup,gas,496,3,235,,,,,,,,,,10/18/22
9857719,house,house,59000,forsale,6041,notinstalled,,good,gas,,1,100,,,,,,,,2,,10/18/22
10121549,house,house,63000,forsale,1400,,,asnew,gas,460,3,200,,true,50,true,,,1,,,10/18/22
10127744,house,house,63000,forsale,6929,,1909,tobedoneup,gas,543,3,150,true,true,,,,,,,,10/18/22
9665664,house,house,65000,forsale,7370,,,torenovate,gas,442,3,265,,true,,true,,,1,,,10/18/22
10014316,house,house,75000,forsale,7321,semiequipped,,good,,927,2,0,,true,,,,,,,,10/18/22
9867594,house,house,79000,forsale,4050,,,torenovate,gas,441,3,70,true,true,,true,true,,,,,10/18/22
9309649,house,house,79000,forsale,7140,notinstalled,,torenovate,,686,2,69,,true,37,,,,,,,10/18/22
10124032,house,house,79999,forsale,6044,notinstalled,,torenovate,gas,566,2,157,,true,1000,,,,,,,10/18/22
9967027,house,house,89000,forsale,6000,semiequipped,1918,torenovate,gas,482,2,165,true,,,,,,,,,10/18/22
9822874,house,house,90000,forsale,4420,notinstalled,,torenovate,fueloil,504,2,60,,true,11,,,,,,,10/18/22
10008577,house,house,99000,forsale,4500,notinstalled,,torenovate,,,4,143,,,,true,,,,,,10/18/22
10110669,house,house,85000,forsale,4860,,,torenovate,,,4,140,,true,,true,,,,,,10/18/22
10158652,house,house,435000,forsale,2640,installed,1956,good,gas,255,3,241,,true,87,true,,,1,1,,10/18/22
10158651,apartment,apartment,469000,forsale,1000,usainstalled,1996,,gas,105,2,,,true,,true,,,,,,10/18/22
10158650,house,house,169500,forsale,7140,installed,,,gas,294,2,150,,true,1,true,,,,,,10/18/22
10158649,apartment,apartment,215000,forsale,1030,installed,1930,good,gas,210,1,,,true,,,,,,,,10/18/22
10158648,house,house,625000,forsale,2160,semiequipped,1983,good,gas,190,3,744,,,330,true,,,2,4,,10/18/22
10158644,house,house,520000,forsale,6747,installed,1988,,,253,4,2721,,true,,,,,1,,,10/18/22
10158640,house,house,269000,forsale,6990,semiequipped,1976,good,pellet,247,3,3418,,,,,true,,1,7,,10/18/22
10082041,house,house,100000,forsale,4960,,1963,tobedoneup,fueloil,569,4,301,true,true,,true,,,1,,,10/18/22
10120963,house,house,102000,forsale,4217,installed,,tobedoneup,pellet,465,3,1048,true,true,,true,,,,,,10/18/22
9644418,house,countrycottage,109000,forsale,6940,installed,,tobedoneup,,365,1,0,,,,true,,,,,,10/18/22
9959854,house,house,115000,forsale,4300,notinstalled,,torenovate,gas,893,2,0,,true,,,,,,,,10/18/22
9889736,house,countrycottage,119000,forsale,6840,,1850,torenovate,,,0,367,,,,,,,,,,10/18/22
9865222,house,house,119500,forsale,4800,,,tobedoneup,fueloil,548,5,140,true,true,,true,,,1,,,10/18/22
9882066,house,house,125000,forsale,7130,semiequipped,,tobedoneup,gas,282,3,270,,true,,true,,,,1,,10/18/22
10019687,house,house,128000,forsale,6760,notinstalled,1820,torenovate,,426,1,97,,true,,true,,,,,,10/18/22
9952602,house,house,129000,forsale,7340,installed,,good,gas,281,3,150,,,80,true,,,,,,10/18/22
10040066,house,house,130000,forsale,7134,semiequipped,,good,pellet,346,2,190,,true,,true,,,1,,,10/18/22
8965651,house,house,130000,forsale,9600,semiequipped,,torenovate,gas,,2,80,,,,,,,,,,10/18/22
9986599,house,house,135000,forsale,1430,,1900,tobedoneup,gas,304,3,50,,true,,,,,,,,10/18/22
10067302,house,house,147500,forsale,6150,installed,1920,torenovate,gas,305,2,554,true,,,,,,1,3,,10/18/22
10126947,house,mixedusebuilding,149000,forsale,4480,installed,,justrenovated,gas,625,0,0,,,,true,,,,,,10/18/22
10081900,house,house,150000,forsale,5660,installed,,,fueloil,539,2,140,,true,,,,,,10,,10/18/22
9758247,house,house,155000,forsale,4180,installed,,tobedoneup,pellet,419,2,0,,,,true,,,,,,10/18/22
10110706,house,house,157000,forsale,5070,installed,,tobedoneup,wood,540,3,0,,true,,true,true,,1,,,10/18/22
10074209,house,house,160000,forsale,9255,,1899,torenovate,gas,763,2,70,,,,true,,,,,,10/18/22
9842082,house,house,165000,forsale,6762,installed,,good,fueloil,296,4,155,true,,,true,,,1,,,10/18/22
9766782,house,house,165000,forsale,7022,,,tobedoneup,gas,311,3,590,,true,,,,,,,,10/18/22
10110057,house,house,168000,forsale,5670,installed,,,fueloil,730,3,398,,true,65,,,,1,6,,10/18/22
9914694,house,house,169000,forsale,7300,installed,,good,gas,229,3,120,,true,73,true,,,,,,10/18/22
9486657,house,house,170000,forsale,8530,hyperequipped,,asnew,gas,,3,222,true,,165,,,,,,,10/18/22
9855431,house,house,175000,forsale,7190,semiequipped,,tobedoneup,gas,403,2,330,,,,true,,,,,,10/18/22
9979237,house,house,175000,forsale,7370,,,good,gas,304,3,210,,true,132,,true,,,,,10/18/22
10116885,house,house,175000,forsale,9600,,1932,torenovate,pellet,925,2,800,,,,,,,,,,10/18/22
10107657,house,house,184000,forsale,6470,semiequipped,1971,,wood,657,2,1747,,,1600,true,,,1,1,,10/18/22
10102950,house,townhouse,185000,forsale,6250,installed,,good,gas,193,1,96,,,,,,,,2,,10/18/22
9536609,house,house,185000,forsale,7134,semiequipped,,good,gas,231,2,428,,,,true,,,3,,,10/18/22
7782347,house,house,185000,forsale,7370,,,,gas,407,1,215,,true,,,,,,,,10/18/22
10110669,house,house,85000,forsale,4860,,,torenovate,,,4,140,,true,,true,,,,,,10/18/22
10158652,house,house,435000,forsale,2640,installed,1956,good,gas,255,3,241,,true,87,true,,,1,1,,10/18/22
10158651,apartment,apartment,469000,forsale,1000,usainstalled,1996,,gas,105,2,,,true,,true,,,,,,10/18/22
10158650,house,house,169500,forsale,7140,installed,,,gas,294,2,150,,true,1,true,,,,,,10/18/22
10158649,apartment,apartment,215000,forsale,1030,installed,1930,good,gas,210,1,,,true,,,,,,,,10/18/22
10158648,house,house,625000,forsale,2160,semiequipped,1983,good,gas,190,3,744,,,330,true,,,2,4,,10/18/22
10158644,house,house,520000,forsale,6747,installed,1988,,,253,4,2721,,true,,,,,1,,,10/18/22
10158640,house,house,269000,forsale,6990,semiequipped,1976,good,pellet,247,3,3418,,,,,true,,1,7,,10/18/22
9501582,house,house,189000,forsale,4960,,,,fueloil,186,2,0,,,15,true,,,,,,10/18/22
10121355,house,house,189000,forsale,9160,installed,,torenovate,gas,1031,3,229,true,,100,true,,,1,2,,10/18/22
9697344,house,house,190000,forsale,7033,,,torenovate,gas,313,5,250,,true,,true,true,,1,7,,10/18/22
10051269,house,house,190000,forsale,9050,,1935,torenovate,gas,519,3,60,,true,,,,,,,,10/18/22
9542657,house,house,195000,forsale,1390,semiequipped,,tobedoneup,fueloil,836,2,550,true,true,,true,,,1,1,,10/18/22
10126518,house,villa,195000,forsale,6110,installed,1957,torenovate,gas,454,2,635,true,true,,true,,,,,,10/18/22
9641243,house,house,195000,forsale,9260,,1949,torenovate,carbon,887,3,309,true,true,,true,,,1,,,10/18/22
10128902,house,house,198000,forsale,8430,installed,1990,asnew,electric,274,2,122,,,,true,,,,,,10/18/22
10115749,house,house,200000,forsale,7060,,1961,good,fueloil,673,3,785,true,true,,,,,1,1,,10/18/22
9976631,house,house,205000,forsale,4020,,1951,good,gas,450,2,243,,true,130,true,,,1,1,,10/18/22
9960955,house,countrycottage,205000,forsale,7830,,1900,torestore,fueloil,366,2,430,,true,,,true,,1,2,,10/18/22
10075362,house,house,210000,forsale,7340,,2015,,gas,137,3,201,,,,,,,1,,,10/18/22
10127733,house,house,215000,forsale,9600,,,justrenovated,gas,183,4,90,,true,,true,,,,,,10/18/22
8954486,house,house,220000,forsale,9700,,,torenovate,gas,,4,345,,,,,,,,,,10/18/22
10066030,house,house,225000,forsale,4000,,1933,good,fueloil,524,3,260,true,true,,,true,,,,,10/18/22
10111675,house,house,225000,forsale,5030,notinstalled,,torenovate,fueloil,476,3,666,true,,,,,,,,,10/18/22
10124004,house,house,229000,forsale,1380,,,tobedoneup,pellet,507,2,200,,,200,,,,,,,10/18/22
10099064,house,mixedusebuilding,229000,forsale,2400,semiequipped,1954,,pellet,647,3,330,,true,,true,,,1,,,10/18/22
9884013,house,house,230000,forsale,7012,notinstalled,,good,gas,,3,0,,true,,true,,,,,,10/18/22
10079067,house,villa,240000,forsale,6210,,1959,tobedoneup,fueloil,450,3,460,,,,,,,,,,10/18/22
10001006,house,house,240000,forsale,9600,hyperequipped,,tobedoneup,pellet,727,4,780,,,280,true,,,1,1,,10/18/22
9993653,house,house,249000,forsale,3870,installed,1943,torenovate,fueloil,612,2,450,true,,,true,,,,,,10/18/22
10081616,house,house,250000,forsale,1495,,1977,good,fueloil,240,2,0,,,,true,,,,1,,10/18/22
10125682,house,house,250000,forsale,9790,,1976,asnew,fueloil,,3,246,,true,,true,true,,1,,,10/18/22
10052864,house,bungalow,255000,forsale,4400,,1958,good,gas,524,4,820,true,true,412,true,,,1,,,10/18/22
10047612,house,house,255000,forsale,4400,,1958,good,gas,524,4,820,true,true,412,true,,,1,,,10/18/22
9972491,house,house,259000,forsale,5024,,,good,fueloil,456,3,1300,,,,,true,,,2,,10/18/22
9968241,house,house,264900,forsale,9620,,1969,,fueloil,661,4,514,true,true,,true,,,1,,,10/18/22
9013243,house,house,275000,forsale,7350,installed,,good,fueloil,389,4,454,,,200,true,true,,11,,,10/18/22
10127627,house,house,279000,forsale,2300,installed,,asnew,gas,145,3,212,,,130,true,,,,,,10/18/22
10110669,house,house,85000,forsale,4860,,,torenovate,,,4,140,,true,,true,,,,,,10/18/22
10158652,house,house,435000,forsale,2640,installed,1956,good,gas,255,3,241,,true,87,true,,,1,1,,10/18/22
10158651,apartment,apartment,469000,forsale,1000,usainstalled,1996,,gas,105,2,,,true,,true,,,,,,10/18/22
10158650,house,house,169500,forsale,7140,installed,,,gas,294,2,150,,true,1,true,,,,,,10/18/22
10158649,apartment,apartment,215000,forsale,1030,installed,1930,good,gas,210,1,,,true,,,,,,,,10/18/22
10158648,house,house,625000,forsale,2160,semiequipped,1983,good,gas,190,3,744,,,330,true,,,2,4,,10/18/22
10158644,house,house,520000,forsale,6747,installed,1988,,,253,4,2721,,true,,,,,1,,,10/18/22
10158640,house,house,269000,forsale,6990,semiequipped,1976,good,pellet,247,3,3418,,,,,true,,1,7,,10/18/22
10030865,house,house,279000,forsale,2300,,1958,good,fueloil,296,4,295,true,true,,,,,1,2,,10/18/22
10029256,house,villa,285000,forsale,7950,,1950,,,288,4,500,,,,true,,,1,,,10/18/22
10121918,house,house,295000,forsale,2830,,,asnew,gas,180,2,121,true,true,30,,,,,,,10/18/22
10076857,house,house,295000,forsale,4300,,,,,371,4,1581,,true,,true,true,,3,,,10/18/22
10099298,house,house,295000,forsale,7190,installed,,justrenovated,gas,149,3,175,true,,,true,,,,2,,10/18/22
10085461,house,mixedusebuilding,295000,forsale,7340,installed,,good,gas,377,2,0,,true,,,,,3,1,,10/18/22
10085459,house,apartmentblock,295000,forsale,7340,installed,,good,gas,377,2,0,,true,,,,,3,1,,10/18/22
10044704,house,house,298000,forsale,2800,,1915,asnew,gas,244,2,75,,,,true,,,,,,10/18/22
10032529,house,house,298000,forsale,6700,installed,,justrenovated,gas,438,3,100,true,true,,true,,,1,1,,10/18/22
9944870,house,house,298000,forsale,8000,installed,,justrenovated,gas,215,2,38,,,,true,,,,,,10/18/22
9988632,house,house,299000,forsale,4030,notinstalled,1969,tobedoneup,fueloil,508,3,927,,true,,true,,,1,2,,10/18/22
10099747,house,house,299500,forsale,4500,installed,,asnew,fueloil,,4,0,,true,,,,,1,,,10/18/22
10009064,house,house,310000,forsale,4920,notinstalled,2022,,gas,,4,0,,true,,true,,,,,,10/18/22
8488245,house,house,319000,forsale,7730,installed,,,gas,239,3,394,,,156,true,,,3,,,10/18/22
10045575,house,farmhouse,319000,forsale,7970,semiequipped,1850,tobedoneup,fueloil,675,3,3983,,,,true,,,,,,10/18/22
10047671,house,house,320000,forsale,2060,installed,,asnew,gas,169,1,97,,,,true,true,,,,,10/18/22
9235273,house,house,320000,forsale,3454,hyperequipped,1985,good,electric,670,4,656,,,,true,,,,,,10/18/22
9925212,house,house,322000,forsale,3940,installed,1973,good,fueloil,440,3,1000,,,,,,,,,,10/18/22
10009063,house,house,325000,forsale,4920,notinstalled,2022,,gas,,4,0,,true,,true,,,,,,10/18/22
10009062,house,house,330000,forsale,4920,notinstalled,2022,,gas,,4,0,,true,,true,,,,,,10/18/22
9909002,house,villa,330000,forsale,6250,,,good,fueloil,482,3,895,,true,795,,,,2,,,10/18/22
10019595,house,apartmentblock,335000,forsale,4000,notinstalled,,,,,3,47,,true,,true,,,1,,,10/18/22
10019594,house,mixedusebuilding,335000,forsale,4000,notinstalled,,,,,3,47,,true,,true,,,1,,,10/18/22
10098803,house,house,335000,forsale,9620,,2018,asnew,gas,106,4,140,,,54,,,,,,,10/18/22
9983519,house,house,339000,forsale,2300,,1953,asnew,gas,325,3,444,true,true,180,true,,,1,5,,10/18/22
10080675,house,house,339000,forsale,2490,installed,1950,justrenovated,gas,,4,320,,,,,,,,,,10/18/22
9559250,house,house,345000,forsale,2440,,1964,tobedoneup,gas,436,5,1229,true,true,,,true,,1,4,,10/18/22
10084751,house,house,348000,forsale,2800,,,torenovate,gas,597,3,96,,,,true,,,,1,,10/18/22
10119866,house,house,349000,forsale,2100,hyperequipped,1910,good,gas,127,3,316,true,true,225,true,,,,,,10/18/22
10097969,house,house,349000,forsale,9120,semiequipped,,tobedoneup,gas,513,3,342,,,,,,,1,,,10/18/22
10110669,house,house,85000,forsale,4860,,,torenovate,,,4,140,,true,,true,,,,,,10/18/22
10158652,house,house,435000,forsale,2640,installed,1956,good,gas,255,3,241,,true,87,true,,,1,1,,10/18/22
10158651,apartment,apartment,469000,forsale,1000,usainstalled,1996,,gas,105,2,,,true,,true,,,,,,10/18/22
10158650,house,house,169500,forsale,7140,installed,,,gas,294,2,150,,true,1,true,,,,,,10/18/22
10158649,apartment,apartment,215000,forsale,1030,installed,1930,good,gas,210,1,,,true,,,,,,,,10/18/22
10158648,house,house,625000,forsale,2160,semiequipped,1983,good,gas,190,3,744,,,330,true,,,2,4,,10/18/22
10158644,house,house,520000,forsale,6747,installed,1988,,,253,4,2721,,true,,,,,1,,,10/18/22
10158640,house,house,269000,forsale,6990,semiequipped,1976,good,pellet,247,3,3418,,,,,true,,1,7,,10/18/22
10089384,house,house,350000,forsale,1332,semiequipped,1920,justrenovated,fueloil,334,3,0,,true,290,true,,,,,,10/18/22
10078565,house,house,350000,forsale,1410,,1964,tobedoneup,gas,605,2,648,,true,,true,,,1,1,,10/18/22
10129981,house,house,350000,forsale,9570,,1974,,fueloil,562,3,19500,,true,,true,,,1,,,10/18/22
9957452,house,house,355000,forsale,9790,,,asnew,gas,221,3,240,,true,,true,,,1,,,10/18/22
10069918,house,house,365000,forsale,3980,installed,1988,asnew,fueloil,271,3,852,true,,,,,,1,,,10/18/22
10100002,house,countrycottage,365000,forsale,6671,usainstalled,1926,tobedoneup,fueloil,,3,9100,,,,,,,2,2,,10/18/22
10063120,house,house,365000,forsale,9400,installed,1990,good,gas,242,3,1017,,true,,true,,,2,,,10/18/22
9997420,house,house,369000,forsale,1090,semiequipped,1973,good,gas,396,1,150,,,,,,,,,,10/18/22
10087030,house,house,369000,forsale,2180,installed,1974,good,gas,238,3,182,,,,,,,,,,10/18/22
10079974,house,house,369000,forsale,9600,,1959,asnew,gas,138,5,0,,,,true,true,,2,,,10/18/22
10116348,house,house,375000,forsale,1300,installed,,good,gas,286,4,231,,,,,,,1,,,10/18/22
9952386,house,house,375000,forsale,1370,,1874,good,fueloil,339,3,1259,,,1050,,,,,1,,10/18/22
10114696,house,mixedusebuilding,379000,forsale,1070,semiequipped,1930,good,gas,375,3,0,true,true,140,true,,,,,,10/18/22
10121165,house,house,380000,forsale,1501,installed,1963,tobedoneup,,,4,580,,true,400,true,true,,,,,10/18/22
10103207,house,house,380000,forsale,7090,hyperequipped,,asnew,gas,279,3,382,,true,185,,,,1,,,10/18/22
10010044,house,house,381370,forsale,3472,hyperequipped,2022,asnew,,,3,550,,,500,,,,,4,,10/18/22
10074493,house,house,384000,forsale,2221,installed,2002,,fueloil,,1,722,true,true,502,true,,,,,,10/18/22
9857806,house,mansion,385000,forsale,1500,semiequipped,1850,tobedoneup,gas,527,3,100,true,true,,,true,,,,,10/18/22
9807917,house,exceptionalproperty,385000,forsale,4520,notinstalled,,torenovate,,,15,4600,,,3500,,,,,,,10/18/22
10111007,house,house,389000,forsale,9040,installed,,justrenovated,gas,134,3,70,,,,true,,,,,,10/18/22
9849914,house,mansion,390000,forsale,1500,installed,1930,tobedoneup,gas,380,4,100,true,true,,true,,,,,,10/18/22
9884326,house,house,392500,forsale,3000,,1939,good,gas,225,2,32,,true,,true,,,,,,10/18/22
10110334,house,villa,395000,forsale,1330,notinstalled,1958,,fueloil,431,4,665,,true,,,,,2,4,,10/18/22
10041172,house,exceptionalproperty,395000,forsale,1502,installed,1964,tobedoneup,gas,406,5,1175,true,true,,true,,,1,4,,10/18/22
10100034,house,house,399000,forsale,1620,hyperequipped,1920,,gas,158,3,0,,true,,,,,1,1,,10/18/22
10129029,house,house,399000,forsale,8310,,1994,justrenovated,gas,169,3,258,true,,55,,,,1,1,,10/18/22
9893448,house,house,399000,forsale,9900,,1954,tobedoneup,,573,5,549,,,,true,,,1,4,,10/18/22
9567773,house,house,410000,forsale,9660,hyperequipped,,asnew,,,3,695,,,,true,,,,1,,10/18/22
10119878,house,house,415000,forsale,1190,installed,,good,gas,,4,0,,true,,true,true,,,,,10/18/22
10055577,house,house,420000,forsale,9300,,2006,asnew,gas,173,3,295,true,,,true,true,,1,,,10/18/22
10110669,house,house,85000,forsale,4860,,,torenovate,,,4,140,,true,,true,,,,,,10/18/22
10158652,house,house,435000,forsale,2640,installed,1956,good,gas,255,3,241,,true,87,true,,,1,1,,10/18/22
10158651,apartment,apartment,469000,forsale,1000,usainstalled,1996,,gas,105,2,,,true,,true,,,,,,10/18/22
10158650,house,house,169500,forsale,7140,installed,,,gas,294,2,150,,true,1,true,,,,,,10/18/22
10158649,apartment,apartment,215000,forsale,1030,installed,1930,good,gas,210,1,,,true,,,,,,,,10/18/22
10158648,house,house,625000,forsale,2160,semiequipped,1983,good,gas,190,3,744,,,330,true,,,2,4,,10/18/22
10158644,house,house,520000,forsale,6747,installed,1988,,,253,4,2721,,true,,,,,1,,,10/18/22
10158640,house,house,269000,forsale,6990,semiequipped,1976,good,pellet,247,3,3418,,,,,true,,1,7,,10/18/22
10113370,house,house,425000,forsale,1160,notinstalled,1928,torenovate,gas,,3,120,true,true,54,,true,,,,,10/18/22
9969796,house,house,425000,forsale,2460,installed,1963,tobedoneup,gas,543,4,1400,true,true,1050,true,,,,,,10/18/22
9830969,house,house,425000,forsale,6941,installed,1978,asnew,fueloil,213,3,1693,true,true,,,,,1,,,10/18/22
10093492,house,house,425000,forsale,9200,,1998,asnew,gas,156,3,372,true,,,true,,true,2,4,,10/18/22
10094000,house,townhouse,430000,forsale,2660,hyperequipped,2007,good,gas,,3,175,,,111,true,,,1,1,,10/18/22
9680282,house,villa,435000,forsale,1470,,1976,tobedoneup,fueloil,550,3,1279,,true,,true,true,,2,5,,10/18/22
9905954,house,villa,435000,forsale,6750,semiequipped,1969,good,fueloil,227,5,4400,true,true,,true,,true,3,,,10/18/22
9896267,house,house,445000,forsale,2370,,1991,good,gas,303,4,1910,true,,,true,,,1,2,,10/18/22
9985508,house,villa,445000,forsale,4020,installed,,asnew,fueloil,195,3,0,,true,580,true,,,1,3,,10/18/22
10106203,house,house,445000,forsale,9255,,2007,good,electric,969,5,715,true,,,,,,1,3,,10/18/22
9973390,house,apartmentblock,449000,forsale,4000,,,good,gas,162,6,390,,,,,,,,,,10/18/22
10112820,house,mixedusebuilding,449000,forsale,4280,usahyperequipped,,justrenovated,gas,120,3,1400,,,90,true,true,,3,5,,10/18/22
10107690,house,townhouse,450000,forsale,1410,,1960,good,gas,156,3,335,true,,210,true,true,,1,2,,10/18/22
10102771,house,house,450000,forsale,1428,,1918,torenovate,gas,461,4,1147,true,true,,true,true,,1,2,,10/18/22
10078601,house,house,450000,forsale,6747,,1986,,fueloil,365,5,763,true,true,,true,true,,1,2,,10/18/22
10034615,house,house,460000,forsale,1410,usahyperequipped,,good,gas,,3,600,true,true,600,true,true,,,1,,10/18/22
10055441,house,villa,460000,forsale,1460,usasemiequipped,2016,,gas,,5,486,,true,230,true,,,1,2,,10/18/22
10055440,house,house,460000,forsale,1460,usasemiequipped,2016,,gas,,5,486,,true,230,true,,,1,2,,10/18/22
9849927,house,house,469000,forsale,1600,installed,1921,tobedoneup,fueloil,362,4,386,,true,,true,,,1,,,10/18/22
10116815,house,house,469000,forsale,9660,,,asnew,fueloil,459,3,993,true,true,,true,,,2,,,10/18/22
10118804,house,house,470000,forsale,3051,,1934,good,gas,164,4,1160,,true,,true,true,,,,,10/18/22
10072743,house,villa,475000,forsale,3500,,1969,good,gas,423,3,960,true,,1,true,,true,1,6,,10/18/22
10125722,house,house,475000,forsale,9660,installed,1978,asnew,fueloil,208,5,1583,true,true,,true,,,1,,,10/18/22
10099244,house,house,484500,forsale,2500,installed,1963,tobedoneup,gas,,4,185,,true,,,,,,,,10/18/22
10120796,house,house,485000,forsale,8200,installed,,asnew,gas,242,3,650,true,,450,true,,,,,,10/18/22
10124061,house,house,488000,forsale,9400,hyperequipped,1976,good,electric,,3,970,,true,970,true,,,2,5,,10/18/22
10015884,house,townhouse,489000,forsale,3360,installed,1958,good,,420,3,219,true,true,1,true,,,1,3,,10/18/22
9875959,house,mixedusebuilding,489000,forsale,4367,,,good,fueloil,507,4,962,,true,,true,true,,1,12,,10/18/22
10100448,house,house,495000,forsale,1200,usainstalled,,good,gas,314,4,175,,,80,true,,,,,,10/18/22
9084540,house,villa,495000,forsale,1300,hyperequipped,,torenovate,gas,339,3,0,,,,true,true,,1,4,,10/18/22
10110669,house,house,85000,forsale,4860,,,torenovate,,,4,140,,true,,true,,,,,,10/18/22
10158652,house,house,435000,forsale,2640,installed,1956,good,gas,255,3,241,,true,87,true,,,1,1,,10/18/22
10158651,apartment,apartment,469000,forsale,1000,usainstalled,1996,,gas,105,2,,,true,,true,,,,,,10/18/22
10158650,house,house,169500,forsale,7140,installed,,,gas,294,2,150,,true,1,true,,,,,,10/18/22
10158649,apartment,apartment,215000,forsale,1030,installed,1930,good,gas,210,1,,,true,,,,,,,,10/18/22
10158648,house,house,625000,forsale,2160,semiequipped,1983,good,gas,190,3,744,,,330,true,,,2,4,,10/18/22
10158644,house,house,520000,forsale,6747,installed,1988,,,253,4,2721,,true,,,,,1,,,10/18/22
10158640,house,house,269000,forsale,6990,semiequipped,1976,good,pellet,247,3,3418,,,,,true,,1,7,,10/18/22
10121167,house,house,495000,forsale,2940,installed,2010,good,,,4,960,,true,720,true,true,,,4,,10/18/22
9712363,house,house,495000,forsale,4020,notinstalled,,good,,224,7,0,,true,,,,,,,,10/18/22
10093100,house,apartmentblock,495000,forsale,9230,hyperequipped,,good,gas,192,5,288,,,,true,,,2,,,10/18/22
9859752,house,apartmentblock,495000,forsale,9230,hyperequipped,,good,gas,192,5,288,,,,true,,,2,,,10/18/22
9976361,house,mixedusebuilding,499000,forsale,3511,installed,,good,gas,428,2,736,,,,,,,,,,10/18/22
10063845,house,house,499000,forsale,6791,usahyperequipped,,asnew,fueloil,442,3,769,,,,true,,,1,3,,10/18/22
10106551,house,house,499000,forsale,8730,,1983,good,gas,311,3,855,,true,,,,,,,,10/18/22
10118519,house,house,525000,forsale,3061,,1977,good,electric,588,4,1969,,true,,,,,,,,10/18/22
10072158,house,house,530000,forsale,9920,,1991,good,gas,191,5,940,true,,,,,,,,,10/18/22
10125312,house,house,545000,forsale,9120,installed,2003,asnew,,,3,321,true,,88,true,,,1,2,,10/18/22
10094745,house,villa,547000,forsale,2960,usahyperequipped,,asnew,gas,349,3,1365,,,,true,true,,,,,10/18/22
9959388,house,house,549000,forsale,1652,,1873,tobedoneup,gas,604,4,749,true,true,,true,true,,2,,,10/18/22
10017389,house,house,565000,forsale,1060,installed,,tobedoneup,gas,302,3,47,,,,,,,,,,10/18/22
10049884,house,house,565000,forsale,2840,hyperequipped,,asnew,gas,116,3,515,true,,285,true,true,true,1,3,,10/18/22
9942968,house,villa,580000,forsale,9030,,1979,,gas,645,5,696,,true,,true,,,1,,,10/18/22
10044822,house,house,580000,forsale,9400,hyperequipped,2022,asnew,,,3,1250,true,,1100,,,,1,2,,10/18/22
10001426,house,apartmentblock,590000,forsale,5000,,,torenovate,gas,231,9,120,,true,,,,,,,,10/18/22
10001424,house,mansion,590000,forsale,5000,,,torenovate,gas,231,9,120,,true,,,,,,,,10/18/22
9611655,house,apartmentblock,590000,forsale,6000,semiequipped,,justrenovated,gas,325,7,0,,,,true,,,,,,10/18/22
9918722,house,exceptionalproperty,595000,forsale,6980,,2004,asnew,fueloil,189,3,2003,,true,,true,,,1,2,,10/18/22
10119993,house,house,595000,forsale,9250,usahyperequipped,1950,asnew,gas,172,4,409,true,,140,,true,,1,,,10/18/22
10032217,house,house,595000,forsale,9690,,1850,tobedoneup,fueloil,321,3,11210,,true,,,,,,,,10/18/22
10049005,house,house,598000,forsale,1020,hyperequipped,1981,good,gas,,3,464,,true,280,true,true,,2,2,,10/18/22
9813805,house,villa,599000,forsale,3500,,1956,tobedoneup,fueloil,699,4,1435,true,true,,true,,,2,3,,10/18/22
9134059,house,mixedusebuilding,599900,forsale,4140,installed,1986,tobedoneup,fueloil,,4,1300,,true,800,true,,,6,12,,10/18/22
10112575,house,villa,625000,forsale,9080,hyperequipped,2010,asnew,gas,,4,539,true,,430,true,true,,,4,,10/18/22
10040969,house,house,635000,forsale,3040,hyperequipped,2022,,,,4,509,,,200,true,true,,2,2,,10/18/22
10052758,house,house,645000,forsale,3500,,1997,tobedoneup,gas,250,4,1514,,true,,,,,1,,,10/18/22
9926787,house,farmhouse,650000,forsale,3370,,,,,639,3,3410,,,,,,,,,,10/18/22
9926786,house,exceptionalproperty,650000,forsale,3370,,,,,639,3,3410,,,,,,,,,,10/18/22
10110669,house,house,85000,forsale,4860,,,torenovate,,,4,140,,true,,true,,,,,,10/18/22
10158652,house,house,435000,forsale,2640,installed,1956,good,gas,255,3,241,,true,87,true,,,1,1,,10/18/22
10158651,apartment,apartment,469000,forsale,1000,usainstalled,1996,,gas,105,2,,,true,,true,,,,,,10/18/22
10158650,house,house,169500,forsale,7140,installed,,,gas,294,2,150,,true,1,true,,,,,,10/18/22
10158649,apartment,apartment,215000,forsale,1030,installed,1930,good,gas,210,1,,,true,,,,,,,,10/18/22
10158648,house,house,625000,forsale,2160,semiequipped,1983,good,gas,190,3,744,,,330,true,,,2,4,,10/18/22
10158644,house,house,520000,forsale,6747,installed,1988,,,253,4,2721,,true,,,,,1,,,10/18/22
10158640,house,house,269000,forsale,6990,semiequipped,1976,good,pellet,247,3,3418,,,,,true,,1,7,,10/18/22
10044460,house,apartmentblock,650000,forsale,4257,semiequipped,,good,electric,540,9,935,,true,200,true,,,1,6,,10/18/22
10069865,house,villa,655000,forsale,1082,,1922,,gas,429,4,1000,,true,910,true,true,,3,3,,10/18/22
10022107,house,house,655000,forsale,2400,notinstalled,1976,tobedoneup,fueloil,,4,1946,,true,1300,true,true,,10,15,,10/18/22
10092559,house,villa,728000,forsale,2960,hyperequipped,1976,good,gas,227,3,1235,,,1161,,,,1,3,,10/18/22
9937142,house,villa,745000,forsale,8660,installed,1961,good,,550,3,915,,true,,,,,1,3,,10/18/22
10083128,house,mixedusebuilding,749000,forsale,8000,,,good,gas,396,3,0,,,,,,,7,10,,10/18/22
10051090,house,mixedusebuilding,749000,forsale,8210,,,good,gas,396,3,0,,,,,,,7,10,,10/18/22
10085715,house,apartmentblock,750000,forsale,1083,,1961,,gas,303,7,120,,true,,,,,,,,10/18/22
9956393,house,house,750000,forsale,1650,,,,gas,,4,2500,,true,2500,,,,1,2,,10/18/22
8843752,house,mixedusebuilding,750000,forsale,7943,installed,,good,fueloil,574,9,1089,,true,,true,,,1,4,,10/18/22
8507081,house,house,750000,forsale,7943,installed,,good,fueloil,574,9,1089,,true,,true,,,1,4,,10/18/22
10090883,house,mansion,750000,forsale,9690,,1899,good,gas,294,4,1470,,true,,,,,,,,10/18/22
10028161,house,villa,759000,forsale,3980,installed,1990,asnew,fueloil,321,5,10900,,,,,,,,,,10/18/22
10051452,house,apartmentblock,795000,forsale,1081,installed,1906,justrenovated,gas,,5,0,true,true,200,true,true,,,,,10/18/22
9849981,house,villa,795000,forsale,1420,usahyperequipped,2002,asnew,gas,136,4,1331,,true,,true,true,,3,6,,10/18/22
10094800,house,house,795000,forsale,8750,,1986,good,gas,287,4,1947,,,,,true,,,,,10/18/22
10105494,house,villa,795000,forsale,8790,,1978,asnew,gas,273,3,1592,,true,,true,true,,4,3,,10/18/22
10109936,house,villa,825000,forsale,4053,,1985,good,fueloil,,5,2414,,true,2267,true,true,,1,4,,10/18/22
9918023,house,house,845000,forsale,1050,,,torenovate,gas,621,6,120,,true,45,,true,,,,,10/18/22
10082889,house,apartmentblock,850000,forsale,1050,,1918,,gas,425,5,85,,true,,,,,,,,10/18/22
10113840,house,apartmentblock,850000,forsale,9300,,1950,good,,218,0,477,,,,,,,8,8,,10/18/22
9999769,house,house,870000,forsale,9255,,1986,good,fueloil,239,3,1792,,,,,true,,,,,10/18/22
10081076,house,mixedusebuilding,895000,forsale,2200,hyperequipped,1944,asnew,gas,540,3,3960,true,true,,true,true,,2,2,,10/18/22
9949994,house,villa,895000,forsale,3001,,1989,good,gas,235,3,2101,,true,,,,,,,,10/18/22
10117417,house,villa,895000,forsale,9190,,1976,asnew,gas,140,5,2278,true,true,,true,true,,1,1,,10/18/22
10110146,house,villa,900000,forsale,2930,installed,1959,,fueloil,600,5,1800,true,true,,,,,2,4,,10/18/22
10101874,house,house,995000,forsale,1030,usainstalled,,justrenovated,gas,914,9,0,,true,,,true,,,,,10/18/22
9978182,house,house,995000,forsale,6900,usahyperequipped,,justrenovated,,,2,580,,true,,,,,,,,10/18/22
9955719,house,apartmentblock,995000,forsale,9000,,1918,good,gas,174,5,176,,,,true,,,,,,10/18/22
10064575,house,house,1180000,forsale,8820,installed,2007,asnew,gas,194,7,6875,,,,,true,,1,,,10/18/22
10110669,house,house,85000,forsale,4860,,,torenovate,,,4,140,,true,,true,,,,,,10/18/22
10158652,house,house,435000,forsale,2640,installed,1956,good,gas,255,3,241,,true,87,true,,,1,1,,10/18/22
10158651,apartment,apartment,469000,forsale,1000,usainstalled,1996,,gas,105,2,,,true,,true,,,,,,10/18/22
10158650,house,house,169500,forsale,7140,installed,,,gas,294,2,150,,true,1,true,,,,,,10/18/22
10158649,apartment,apartment,215000,forsale,1030,installed,1930,good,gas,210,1,,,true,,,,,,,,10/18/22
10158648,house,house,625000,forsale,2160,semiequipped,1983,good,gas,190,3,744,,,330,true,,,2,4,,10/18/22
10158644,house,house,520000,forsale,6747,installed,1988,,,253,4,2721,,true,,,,,1,,,10/18/22
10158640,house,house,269000,forsale,6990,semiequipped,1976,good,pellet,247,3,3418,,,,,true,,1,7,,10/18/22
10054587,house,villa,1290000,forsale,2650,installed,1995,good,fueloil,176,7,1260,true,,,,,,2,4,,10/18/22
10067766,house,mansion,1650000,forsale,1050,hyperequipped,1908,,gas,301,5,262,,true,101,true,true,,,,,10/18/22
9995040,house,villa,1790000,forsale,9820,installed,1991,good,fueloil,291,4,12402,,,,,,,1,4,,10/18/22
9899026,house,villa,1795000,forsale,8300,hyperequipped,2001,asnew,gas,177,4,140,,true,90,true,,,1,,,10/18/22
9484550,house,house,1850000,forsale,1180,,1955,torenovate,,519,7,2697,true,true,2200,true,,,1,4,,10/18/22
9858404,house,apartmentblock,1900000,forsale,1190,,1958,,fueloil,,15,182,,true,,,,,,,,10/18/22
9914542,house,villa,1950000,forsale,1180,usainstalled,1920,good,,525,9,1500,true,true,,true,true,,6,6,,10/18/22
10062060,house,villa,2100000,forsale,1180,,1950,asnew,gas,202,4,1000,true,true,,true,true,,2,,,10/18/22
10092959,house,mansion,2300000,forsale,2000,usahyperequipped,1909,asnew,gas,161,6,0,,true,,true,true,,,,,10/18/22
9555652,house,mansion,2327000,forsale,2000,hyperequipped,1890,asnew,gas,206,5,308,true,,159,true,,,,,,10/18/22
10082315,house,house,2350000,forsale,1050,,1928,good,gas,268,4,170,,true,,true,true,,1,1,,10/18/22
9245461,house,house,2430000,forsale,2018,,1873,asnew,gas,255,7,446,,true,,true,,,,9,,10/18/22
9848524,house,villa,2480000,forsale,1325,,,asnew,gas,392,6,20774,true,true,,true,true,,2,8,,10/18/22
10070481,house,house,2690000,forsale,1640,,2013,asnew,electric,141,5,1900,,true,,true,true,,2,,,10/18/22
9883245,house,villa,2895000,forsale,1180,hyperequipped,1992,good,gas,153,6,1300,,true,,true,true,true,2,2,,10/18/22
10110650,house,villa,2950000,forsale,1180,hyperequipped,2017,asnew,gas,140,5,1700,,,,true,true,,,1,,10/18/22
10090965,house,villa,3295000,forsale,1180,,1930,good,gas,268,6,3400,true,true,,true,true,,2,5,,10/18/22
10081362,house,house,3950000,forsale,1090,,1937,good,fueloil,,5,12387,,true,,true,true,,,,,10/18/22
9741596,house,villa,4200000,forsale,1640,notinstalled,,torenovate,gas,604,5,5400,,,4800,true,true,true,,4,,10/18/22
9649664,house,house,4500000,forsale,1050,,1908,asnew,gas,320,4,0,,true,,,true,,,3,,10/18/22
10157927,house,house,355000,forsale,3300,hyperequipped,2006,,gas,74,3,127,,,,true,,,,,,10/18/22
10157138,house,house,425000,forsale,9660,,1986,,electric,302,5,1706,true,true,,,,,1,,,10/18/22
10157574,house,exceptionalproperty,1250000,forsale,2970,,1966,asnew,gas,215,4,1180,,,,true,true,true,1,1,,10/18/22
10147793,house,villa,645000,forsale,1325,hyperequipped,1970,asnew,fueloil,212,3,1505,true,true,1505,true,true,true,1,10,,10/18/22
10132143,house,house,230000,forsale,9870,installed,1936,tobedoneup,gas,784,4,628,true,true,,,,,1,,,10/18/22
10132199,house,house,249000,forsale,2830,installed,1963,good,,448,3,220,,,69,,,,,,,10/18/22
10132779,house,house,285000,forsale,1770,usainstalled,1952,tobedoneup,gas,323,3,334,true,,,true,,,,,,10/18/22
10133373,house,house,289000,forsale,9300,installed,,justrenovated,gas,149,3,170,,,,true,,,,,,10/18/22
10132624,house,villa,519000,forsale,1653,installed,1979,tobedoneup,,303,3,635,true,true,,true,,,2,4,,10/18/22
10132098,house,villa,575000,forsale,3660,,1983,asnew,electric,263,3,2754,,,,true,,,2,,,10/18/22
10110669,house,house,85000,forsale,4860,,,torenovate,,,4,140,,true,,true,,,,,,10/18/22
10158652,house,house,435000,forsale,2640,installed,1956,good,gas,255,3,241,,true,87,true,,,1,1,,10/18/22
10158651,apartment,apartment,469000,forsale,1000,usainstalled,1996,,gas,105,2,,,true,,true,,,,,,10/18/22
10158650,house,house,169500,forsale,7140,installed,,,gas,294,2,150,,true,1,true,,,,,,10/18/22
10158649,apartment,apartment,215000,forsale,1030,installed,1930,good,gas,210,1,,,true,,,,,,,,10/18/22
10158648,house,house,625000,forsale,2160,semiequipped,1983,good,gas,190,3,744,,,330,true,,,2,4,,10/18/22
10158644,house,house,520000,forsale,6747,installed,1988,,,253,4,2721,,true,,,,,1,,,10/18/22
10158640,house,house,269000,forsale,6990,semiequipped,1976,good,pellet,247,3,3418,,,,,true,,1,7,,10/18/22
10132218,house,house,699000,forsale,9090,,1986,good,electric,325,5,1998,,true,,true,true,,,6,,10/18/22
10133165,house,villa,995000,forsale,9070,usahyperequipped,,asnew,fueloil,352,3,1590,,,,true,,,,6,,10/18/22
10132148,house,villa,1390000,forsale,9255,installed,1965,asnew,fueloil,317,3,3940,,,3940,,,,2,,,10/18/22
10135376,house,house,310000,forsale,8200,installed,1972,good,,397,3,312,,,,true,,,1,3,,10/18/22
10134960,house,house,369000,forsale,4970,,2005,good,fueloil,190,4,970,,,,true,,,,,,10/18/22
10140283,house,house,149000,forsale,9600,,,,gas,191,2,80,,,,true,,,,,,10/18/22
10017062,house,house,199000,forsale,6800,notinstalled,,,,,5,258,true,,180,true,,,,1,1,10/18/22
10139806,house,house,239500,forsale,4100,semiequipped,,good,gas,,4,170,true,true,80,true,true,,1,1,,10/18/22
9987442,house,house,295000,forsale,4590,installed,2022,,gas,89,3,400,,,105,true,,,,,1,10/18/22
9987440,house,house,295000,forsale,4590,installed,2022,,gas,89,3,400,,,90,true,,,,,1,10/18/22
10139507,house,bungalow,299000,forsale,4690,,1977,,fueloil,426,6,0,,,300,true,,,1,1,,10/18/22
10013326,house,house,299000,forsale,4700,installed,2022,,gas,90,3,268,,,150,,,,,1,1,10/18/22
9678654,house,house,340000,forsale,7062,installed,2021,,gas,80,4,342,true,,170,true,,,1,1,1,10/18/22
9797239,house,house,350000,forsale,7062,installed,2022,,gas,80,3,579,true,,400,true,,,1,1,1,10/18/22
7303963,house,house,356141,forsale,3582,installed,2022,,gas,,3,467,true,,467,,,,,,1,10/18/22
9665098,house,house,364875,forsale,8460,hyperequipped,2022,asnew,,30,3,300,,,1,,,,1,2,1,10/18/22
10138485,house,house,419000,forsale,9420,hyperequipped,1958,asnew,,,4,530,,,,true,,,1,3,,10/18/22
10104325,house,house,429750,forsale,3120,installed,2022,asnew,,,4,394,,,157,,,,,,1,10/18/22
10138492,house,house,480000,forsale,6750,,,good,fueloil,206,5,1000,true,,750,true,true,true,1,1,,10/18/22
10129419,house,house,488700,forsale,4870,installed,2022,asnew,electric,,3,718,,,,true,,,1,2,1,10/18/22
10138499,house,house,539000,forsale,3110,installed,1998,good,gas,262,4,900,true,,,true,,,1,2,,10/18/22
10066315,house,villa,595000,forsale,6671,installed,2002,,,184,4,0,,,1379,,,,,4,,10/18/22
10139425,house,house,635000,forsale,1330,,1976,,gas,352,3,1142,,true,,,,,1,,,10/18/22
10097098,house,villa,1575000,forsale,1640,,1960,asnew,,247,5,1000,,true,,true,true,,1,,1,10/18/22
10157716,house,exceptionalproperty,965000,forsale,8300,hyperequipped,2022,asnew,,,4,339,true,,,true,true,,1,1,1,10/18/22
10144587,house,house,250000,forsale,8520,,1955,,,546,4,558,,true,45,,,,1,,,10/18/22
10143750,house,house,275000,forsale,3400,,,good,,214,3,619,,,470,true,,,,1,,10/18/22
10143778,house,house,299000,forsale,9750,,,good,,283,2,289,,,,,,,1,,,10/18/22
10143390,house,house,329000,forsale,5170,installed,,good,,194,2,0,true,true,,true,true,,,,,10/18/22
10133154,house,house,435000,forsale,9800,usainstalled,2022,,gas,,4,334,,,,true,,,1,2,1,10/18/22
10110669,house,house,85000,forsale,4860,,,torenovate,,,4,140,,true,,true,,,,,,10/18/22
10158652,house,house,435000,forsale,2640,installed,1956,good,gas,255,3,241,,true,87,true,,,1,1,,10/18/22
10158651,apartment,apartment,469000,forsale,1000,usainstalled,1996,,gas,105,2,,,true,,true,,,,,,10/18/22
10158650,house,house,169500,forsale,7140,installed,,,gas,294,2,150,,true,1,true,,,,,,10/18/22
10158649,apartment,apartment,215000,forsale,1030,installed,1930,good,gas,210,1,,,true,,,,,,,,10/18/22
10158648,house,house,625000,forsale,2160,semiequipped,1983,good,gas,190,3,744,,,330,true,,,2,4,,10/18/22
10158644,house,house,520000,forsale,6747,installed,1988,,,253,4,2721,,true,,,,,1,,,10/18/22
10158640,house,house,269000,forsale,6990,semiequipped,1976,good,pellet,247,3,3418,,,,,true,,1,7,,10/18/22
10037280,house,house,445000,forsale,8560,,1966,good,,300,3,1081,,true,,,true,,2,4,,10/18/22
10144255,house,house,595000,forsale,9000,installed,1850,good,,197,4,184,,,,,,,,,,10/18/22
10144633,house,house,695000,forsale,9810,,1996,good,,254,4,1333,,,,,,,2,2,,10/18/22
10144395,house,house,795000,forsale,1180,,,good,gas,350,4,192,,,,true,true,,1,,,10/18/22
10135550,house,house,284000,forsale,8820,installed,2022,asnew,gas,,4,188,,,,,,,1,1,1,10/18/22
10135489,house,house,353328,forsale,2200,notinstalled,,,gas,,3,354,,,,,,,1,1,1,10/18/22
10148638,house,house,120000,forsale,7110,semiequipped,,good,fueloil,457,2,0,true,true,27,true,,,,,,10/18/22
10148673,house,house,149000,forsale,1742,,,torenovate,gas,603,2,130,,,,,,,,,,10/18/22
10149131,house,house,149000,forsale,5060,installed,,good,gas,359,3,123,true,true,,true,,,,,,10/18/22
10151291,house,house,185000,forsale,8620,,2018,asnew,electric,,2,45,,,,,,true,,,,10/18/22
10150388,house,house,199000,forsale,8400,,,torenovate,gas,697,5,150,,,66,,,,,,,10/18/22
10148998,house,house,235000,forsale,2900,semiequipped,,torenovate,,1204,2,184,,,,true,,,,,,10/18/22
10151219,house,house,245000,forsale,9120,installed,,,,817,2,239,,true,,true,,,,,,10/18/22
10149391,house,bungalow,295000,forsale,9200,installed,1971,good,gas,493,3,435,true,,285,,,,1,2,,10/18/22
10150656,house,house,349000,forsale,1081,,1912,justrenovated,gas,,4,96,,,,true,,,,,,10/18/22
10149551,house,house,375000,forsale,1880,,,,,278,3,190,true,true,110,true,,,,,,10/18/22
10111831,house,house,495000,forsale,2860,installed,1980,good,electric,669,5,2337,,,,,true,,,,,10/18/22
10150594,house,house,590000,forsale,8370,installed,,good,gas,236,5,217,,true,,true,true,,1,1,,10/18/22
10149083,house,house,660618,forsale,3000,usahyperequipped,,asnew,,30,4,0,,,,true,,,,,,10/18/22
10149695,house,house,1195000,forsale,2400,hyperequipped,2007,,,108,4,2673,,true,,true,,true,2,,,10/18/22
10155349,house,countrycottage,150000,forsale,5620,,,good,electric,1028,1,1300,true,true,1300,,,,,,,10/18/22
10154838,house,house,199000,forsale,9400,usasemiequipped,,torenovate,pellet,872,4,343,true,,,,,,,,,10/18/22
10155333,house,house,207000,forsale,5500,,,torenovate,fueloil,441,6,180,true,true,180,,,,,,,10/18/22
10155418,house,countrycottage,245000,forsale,5620,,,good,fueloil,427,2,26,,,26,,,,1,,,10/18/22
10155952,house,house,261000,forsale,9040,semiequipped,,torenovate,gas,564,3,64,,,,true,true,,,,,10/18/22
10155413,house,townhouse,269000,forsale,5650,,,good,fueloil,325,4,215,true,true,,true,,,,,,10/18/22
10105185,house,mansion,269000,forsale,8400,installed,1930,good,,229,6,96,,,,true,,,1,,,10/18/22
10149035,house,house,540000,forsale,8800,,1982,asnew,,218,4,1293,,,,true,,,2,,,10/18/22
10155612,house,house,685000,forsale,2018,,,good,gas,381,4,106,,true,,true,,,,,,10/18/22
10155255,house,villa,749000,forsale,5570,,,asnew,gas,344,8,2600,,true,2100,,,true,,1,,10/18/22
10110669,house,house,85000,forsale,4860,,,torenovate,,,4,140,,true,,true,,,,,,10/18/22
10158652,house,house,435000,forsale,2640,installed,1956,good,gas,255,3,241,,true,87,true,,,1,1,,10/18/22
10158651,apartment,apartment,469000,forsale,1000,usainstalled,1996,,gas,105,2,,,true,,true,,,,,,10/18/22
10158650,house,house,169500,forsale,7140,installed,,,gas,294,2,150,,true,1,true,,,,,,10/18/22
10158649,apartment,apartment,215000,forsale,1030,installed,1930,good,gas,210,1,,,true,,,,,,,,10/18/22
10158648,house,house,625000,forsale,2160,semiequipped,1983,good,gas,190,3,744,,,330,true,,,2,4,,10/18/22
10158644,house,house,520000,forsale,6747,installed,1988,,,253,4,2721,,true,,,,,1,,,10/18/22
10158640,house,house,269000,forsale,6990,semiequipped,1976,good,pellet,247,3,3418,,,,,true,,1,7,,10/18/22
10131111,house,house,120000,forsale,7141,semiequipped,,torenovate,gas,591,3,350,,true,254,,,,2,,,10/18/22
10130734,house,house,132000,forsale,6211,,,torenovate,,536,3,100,,,,true,,,,,,10/18/22
10131145,house,house,150000,forsale,5020,installed,1994,torenovate,,374,4,1510,,true,,true,,,,,,10/18/22
10131684,house,house,165000,forsale,7130,notinstalled,,good,fueloil,454,4,100,,true,,true,,,1,,,10/18/22
10130092,house,house,199000,forsale,9000,installed,,asnew,electric,809,1,30,,,,,,,,,,10/18/22
10130091,house,house,199000,forsale,9050,installed,,asnew,electric,809,1,30,,,,,,,,,,10/18/22
10131653,house,villa,300000,forsale,4537,installed,,good,,265,4,1574,,true,,true,true,,,,,10/18/22
10130858,house,house,349000,forsale,1190,installed,,,gas,584,3,89,true,true,9,,,,,,,10/18/22
10131429,house,villa,389000,forsale,7100,installed,1985,asnew,gas,226,3,728,,,,true,true,,1,3,,10/18/22
10130129,house,house,432000,forsale,3130,,1970,asnew,fueloil,248,4,1628,,true,,,,,,,,10/18/22
10130327,house,villa,450000,forsale,4670,installed,1975,good,fueloil,368,5,1079,,true,,true,,,2,4,,10/18/22
10137817,house,house,70000,forsale,5580,notinstalled,,torenovate,fueloil,375,5,0,,true,,,,,,,,10/18/22
10136801,house,house,89000,forsale,6900,installed,,,pellet,244,1,35,,,,,,,,,,10/18/22
10136122,house,house,145000,forsale,5140,notinstalled,,tobedoneup,fueloil,601,2,95,true,true,,,,,,,,10/18/22
10136592,house,house,190000,forsale,5300,semiequipped,1950,good,fueloil,558,4,640,,,,true,true,,,3,,10/18/22
10137685,house,house,250000,forsale,4431,installed,,asnew,gas,,3,278,true,true,170,true,,,,,,10/18/22
10135836,house,house,269000,forsale,2620,hyperequipped,1935,justrenovated,gas,195,3,0,,true,,true,,,,,,10/18/22
10065236,house,house,375000,forsale,2070,,,tobedoneup,gas,423,4,447,,true,322,true,,,,2,,10/18/22
10136175,house,mixedusebuilding,398000,forsale,7080,installed,,asnew,gas,97,3,0,,true,,true,,,,,,10/18/22
10136170,house,house,449000,forsale,1090,installed,,good,gas,328,3,0,true,,,true,,,,,,10/18/22
10136368,house,house,585000,forsale,1850,,1980,asnew,,187,3,690,,true,,true,true,,2,2,,10/18/22
10141483,house,house,225000,forsale,8530,installed,1899,good,fueloil,799,4,417,,,111,,,,1,,,10/18/22
10141459,house,house,340000,forsale,3210,installed,1963,,,779,3,500,,true,,,,,1,2,,10/18/22
10141474,house,house,349000,forsale,8370,installed,1956,good,gas,164,4,82,,true,,true,,,,,,10/18/22
10140430,house,house,398000,forsale,9100,installed,2010,,gas,99,2,255,,,,true,,,1,,,10/18/22
10145347,house,house,379000,forsale,3012,,,justrenovated,gas,155,3,170,,,,true,,,,1,,10/18/22
10147206,house,house,199000,forsale,9470,,1966,torenovate,,659,4,180,true,,,true,,,1,,,10/18/22
10148384,house,house,259000,forsale,8710,,2014,asnew,,104,4,129,,,,true,,,1,,,10/18/22
10148281,house,house,325000,forsale,8580,,,asnew,fueloil,579,6,247,,true,,true,true,,1,,,10/18/22
10147018,house,house,849000,forsale,2800,usahyperequipped,2000,asnew,,141,6,2930,,true,,true,true,,3,4,,10/18/22
10110669,house,house,85000,forsale,4860,,,torenovate,,,4,140,,true,,true,,,,,,10/18/22
10158652,house,house,435000,forsale,2640,installed,1956,good,gas,255,3,241,,true,87,true,,,1,1,,10/18/22
10158651,apartment,apartment,469000,forsale,1000,usainstalled,1996,,gas,105,2,,,true,,true,,,,,,10/18/22
10158650,house,house,169500,forsale,7140,installed,,,gas,294,2,150,,true,1,true,,,,,,10/18/22
10158649,apartment,apartment,215000,forsale,1030,installed,1930,good,gas,210,1,,,true,,,,,,,,10/18/22
10158648,house,house,625000,forsale,2160,semiequipped,1983,good,gas,190,3,744,,,330,true,,,2,4,,10/18/22
10158644,house,house,520000,forsale,6747,installed,1988,,,253,4,2721,,true,,,,,1,,,10/18/22
10158640,house,house,269000,forsale,6990,semiequipped,1976,good,pellet,247,3,3418,,,,,true,,1,7,,10/18/22
10138192,house,house,135000,forsale,8600,semiequipped,,torenovate,,826,2,430,,,,,,,1,,,10/18/22
10152689,house,house,379000,forsale,8000,notinstalled,1951,,,118,2,225,,true,,,,,,,,10/18/22
10153254,house,apartmentblock,850000,forsale,1000,,1908,torenovate,,,0,137,,,,,,,,,,10/18/22
10112654,house,house,39999,forsale,6142,semiequipped,,torenovate,,715,2,100,true,,100,true,,,,,,10/18/22
9805867,house,house,40000,forsale,9190,installed,1938,torenovate,,1997,1,100,,,,,,,,,,10/18/22
10027502,house,house,50000,forsale,5370,installed,1971,asnew,fueloil,397,3,6847,true,true,469,true,,,1,6,,10/18/22
9977041,house,chalet,59000,forsale,5377,semiequipped,1970,tobedoneup,,1130,2,450,,,450,true,true,,1,3,,10/18/22
10071908,house,house,69000,forsale,4100,,,torenovate,gas,486,1,973,true,true,938,true,,,,,,10/18/22
10101696,house,house,69000,forsale,4870,,,torenovate,gas,367,3,75,,true,,,,,1,,,10/18/22
9825197,house,house,75000,forsale,7301,notinstalled,,torenovate,gas,497,2,240,,true,200,,,,,,,10/18/22
9932278,house,exceptionalproperty,75000,forsale,7850,installed,,good,electric,447,2,1290,,,,true,,,2,5,,10/18/22
10127315,house,house,79000,forsale,4100,,,torenovate,gas,351,2,125,,true,52,,,,,,,10/18/22
9983759,house,house,79999,forsale,6224,semiequipped,1930,torenovate,,501,3,490,,,400,true,true,,,,,10/18/22
9758440,house,house,80000,forsale,5500,semiequipped,,torenovate,,340,4,100,,true,,,,,,,,10/18/22
10049569,house,house,89500,forsale,4101,semiequipped,,torenovate,gas,444,3,64,true,true,,true,,,,,,10/18/22
10094548,house,house,90000,forsale,4020,,1895,torenovate,,693,0,60,,,30,,,,,,,10/18/22
10110015,house,house,94999,forsale,6061,semiequipped,,good,,417,3,289,true,,256,,,,,1,,10/18/22
10100883,house,house,95000,forsale,6440,installed,,good,,850,2,325,,,240,true,,,,,,10/18/22
10060457,house,house,95000,forsale,7080,semiequipped,,torenovate,,670,3,116,,true,,,,,,,,10/18/22
9915971,house,house,95000,forsale,7370,,,torenovate,,1015,2,373,,,283,true,,,1,2,,10/18/22
10090761,house,house,99000,forsale,7141,,,torenovate,gas,566,3,320,,true,256,true,,,1,2,,10/18/22
10103549,house,house,99900,forsale,2550,installed,,good,gas,361,3,452,true,true,300,true,,,,1,,10/18/22
9942800,house,house,100000,forsale,4020,,,,gas,402,2,0,,true,40,true,,,1,1,,10/18/22
9979595,house,house,100000,forsale,4040,semiequipped,1840,tobedoneup,gas,569,2,75,,,39,,,,,,,10/18/22
10054440,house,house,107000,forsale,7080,,,good,gas,231,2,120,true,true,68,true,,,,,,10/18/22
10075941,house,house,109000,forsale,4650,notinstalled,,torenovate,,870,3,152,true,true,93,,,,1,1,,10/18/22
10118513,house,house,109000,forsale,5522,,,torenovate,fueloil,563,3,194,true,true,,,,,1,3,,10/18/22
9311489,house,house,109000,forsale,7012,installed,,torenovate,gas,344,2,167,,,82,,,,,,,10/18/22
10049610,house,house,109500,forsale,4602,notinstalled,,torenovate,gas,406,3,133,true,true,55,,,,,,,10/18/22
10116636,house,house,110000,forsale,6061,semiequipped,,tobedoneup,,512,2,110,true,true,80,true,,,,,,10/18/22
10110669,house,house,85000,forsale,4860,,,torenovate,,,4,140,,true,,true,,,,,,10/18/22
10158652,house,house,435000,forsale,2640,installed,1956,good,gas,255,3,241,,true,87,true,,,1,1,,10/18/22
10158651,apartment,apartment,469000,forsale,1000,usainstalled,1996,,gas,105,2,,,true,,true,,,,,,10/18/22
10158650,house,house,169500,forsale,7140,installed,,,gas,294,2,150,,true,1,true,,,,,,10/18/22
10158649,apartment,apartment,215000,forsale,1030,installed,1930,good,gas,210,1,,,true,,,,,,,,10/18/22
10158648,house,house,625000,forsale,2160,semiequipped,1983,good,gas,190,3,744,,,330,true,,,2,4,,10/18/22
10158644,house,house,520000,forsale,6747,installed,1988,,,253,4,2721,,true,,,,,1,,,10/18/22
10158640,house,house,269000,forsale,6990,semiequipped,1976,good,pellet,247,3,3418,,,,,true,,1,7,,10/18/22
10009601,house,house,110000,forsale,7100,installed,,good,gas,435,3,113,true,,,true,,,,,,10/18/22
9971126,house,house,110000,forsale,7370,,,torenovate,gas,538,2,766,,true,691,true,true,,,1,,10/18/22
10103570,house,house,115000,forsale,4030,notinstalled,,tobedoneup,gas,588,3,45,true,true,,,,,,,,10/18/22
10041163,house,house,115000,forsale,5580,,,torenovate,fueloil,761,3,228,true,true,44,true,,,,,,10/18/22
9870308,house,house,119000,forsale,4350,notinstalled,,torenovate,electric,652,2,128,,true,96,true,,,,1,,10/18/22
10068948,house,house,119000,forsale,6980,,,tobedoneup,fueloil,398,4,70,,,,true,,,1,,,10/18/22
10128489,house,house,119000,forsale,7340,,,good,gas,317,2,107,true,true,,true,,,,,,10/18/22
10032908,house,house,124900,forsale,4100,installed,,good,gas,453,2,40,true,true,,,,,,1,,10/18/22
10075149,house,house,125000,forsale,4031,installed,,torenovate,gas,506,4,293,true,true,151,true,,,,,,10/18/22
10118149,house,house,125000,forsale,7134,installed,,tobedoneup,fueloil,431,2,200,,,,,,,,,,10/18/22
10086529,house,house,125000,forsale,7134,semiequipped,,justrenovated,gas,452,2,220,,true,,true,,,,,,10/18/22
10082113,house,house,125000,forsale,7134,notinstalled,,torenovate,gas,502,3,480,,true,400,true,,,,,,10/18/22
9809012,house,house,125000,forsale,8920,,1972,torenovate,,420,5,0,,true,,true,,,,,,10/18/22
9921717,house,house,127000,forsale,4102,notinstalled,,good,gas,484,3,65,,,,,true,,1,,,10/18/22
9789135,house,house,129000,forsale,7120,installed,,justrenovated,gas,284,2,330,,,,true,true,,,1,,10/18/22
9946129,house,mixedusebuilding,130000,forsale,5620,semiequipped,,tobedoneup,,601,2,103,true,true,,,,,,,,10/18/22
9854659,house,house,130000,forsale,7134,semiequipped,,torenovate,,614,5,912,,true,,,,,2,2,,10/18/22
10042790,house,house,134000,forsale,4100,notinstalled,,torenovate,fueloil,576,2,192,true,true,107,,true,,1,,,10/18/22
9871441,house,house,135000,forsale,1420,installed,,good,fueloil,377,2,139,,true,,true,,,,,,10/18/22
10120475,house,house,135000,forsale,4100,semiequipped,,good,gas,340,3,264,,true,,true,,,,,,10/18/22
10120739,house,house,135000,forsale,5660,,,good,gas,371,2,159,true,true,,true,,,,,,10/18/22
9708783,house,apartmentblock,135000,forsale,6200,installed,,torenovate,pellet,271,4,1500,,,,,,,,3,,10/18/22
9706806,house,house,135000,forsale,6200,installed,,torenovate,pellet,271,4,1500,,,,,,,,3,,10/18/22
9874336,house,house,135000,forsale,7100,semiequipped,,good,gas,327,1,130,,true,,true,,,,,,10/18/22
10086919,house,house,135000,forsale,7130,installed,,good,gas,264,2,90,,,30,,,,,,,10/18/22
10118082,house,house,135000,forsale,7331,,,good,,558,2,526,true,true,445,true,,,1,,,10/18/22
10103147,house,house,135000,forsale,7340,semiequipped,,tobedoneup,gas,279,2,204,,true,125,true,,,,,,10/18/22
10062358,house,house,135000,forsale,7712,notinstalled,,torenovate,,275,2,300,,true,17,true,,,1,1,,10/18/22
9986760,house,house,137500,forsale,4460,,,torenovate,,622,2,438,true,true,271,true,,,,,,10/18/22
9944711,house,house,139000,forsale,4100,hyperequipped,,good,fueloil,186,2,30,,true,,true,,,,,,10/18/22
10110669,house,house,85000,forsale,4860,,,torenovate,,,4,140,,true,,true,,,,,,10/18/22
10158652,house,house,435000,forsale,2640,installed,1956,good,gas,255,3,241,,true,87,true,,,1,1,,10/18/22
10158651,apartment,apartment,469000,forsale,1000,usainstalled,1996,,gas,105,2,,,true,,true,,,,,,10/18/22
10158650,house,house,169500,forsale,7140,installed,,,gas,294,2,150,,true,1,true,,,,,,10/18/22
10158649,apartment,apartment,215000,forsale,1030,installed,1930,good,gas,210,1,,,true,,,,,,,,10/18/22
10158648,house,house,625000,forsale,2160,semiequipped,1983,good,gas,190,3,744,,,330,true,,,2,4,,10/18/22
10158644,house,house,520000,forsale,6747,installed,1988,,,253,4,2721,,true,,,,,1,,,10/18/22
10158640,house,house,269000,forsale,6990,semiequipped,1976,good,pellet,247,3,3418,,,,,true,,1,7,,10/18/22
10126037,house,house,140000,forsale,4020,installed,,good,gas,471,2,95,,true,54,true,,,,,,10/18/22
10128208,house,house,143000,forsale,9660,installed,,good,gas,211,2,56,true,true,,,,,,,,10/18/22
10101505,house,house,145000,forsale,4041,installed,,tobedoneup,gas,259,1,122,true,true,50,true,,,,,,10/18/22
10126257,house,house,145000,forsale,7033,,,tobedoneup,fueloil,397,2,280,true,true,152,,,,1,1,,10/18/22
10047610,house,house,149000,forsale,4030,notinstalled,,good,gas,509,2,355,,true,215,true,true,,1,1,,10/18/22
9705696,house,mixedusebuilding,150000,forsale,4000,notinstalled,,torenovate,gas,182,4,0,,true,,true,,,,,,10/18/22
10067104,house,villa,150000,forsale,6180,,1971,asnew,gas,579,2,561,true,,446,true,,,2,1,,10/18/22
9989304,house,house,150000,forsale,6750,,,torenovate,,755,1,244,,true,,,,,,,,10/18/22
9058994,house,house,150000,forsale,7700,semiequipped,,good,fueloil,218,3,164,,true,,true,true,,,,,10/18/22
10041911,house,house,154500,forsale,4020,installed,,good,gas,750,3,88,,true,,true,true,,,,,10/18/22
9973865,house,house,155000,forsale,7000,semiequipped,,good,gas,262,3,175,,,,,,,1,,,10/18/22
10099179,house,house,155000,forsale,7300,,,good,gas,320,2,220,true,true,159,true,,,,,,10/18/22
10087029,house,house,155000,forsale,7860,,1950,asnew,,364,3,112,,true,,true,,,2,,,10/18/22
10009600,house,house,159000,forsale,7070,semiequipped,,good,gas,407,2,0,true,true,,true,,,,,,10/18/22
9908921,house,house,159000,forsale,7700,semiequipped,,tobedoneup,gas,442,3,125,,,45,true,,,,,,10/18/22
10129517,house,house,159000,forsale,9300,usainstalled,1900,tobedoneup,gas,401,1,80,,,,true,,,,,,10/18/22
9949842,house,house,159999,forsale,6224,semiequipped,1930,torenovate,,501,5,490,,,400,true,true,,,,,10/18/22
10083966,house,house,160000,forsale,4460,,,tobedoneup,gas,291,4,485,,true,415,true,,,,,,10/18/22
9973635,house,house,160000,forsale,7130,installed,,justrenovated,pellet,290,3,103,,true,,true,,,,,,10/18/22
10074197,house,house,163000,forsale,6927,,,torenovate,,610,4,405,true,true,,true,,,1,1,,10/18/22
9748371,house,house,165000,forsale,4020,semiequipped,,tobedoneup,gas,629,3,105,,true,,true,,,,,,10/18/22
9550972,house,mixedusebuilding,165000,forsale,7110,semiequipped,,good,gas,304,2,90,true,true,,,,,,,,10/18/22
10118148,house,house,165000,forsale,7134,installed,,good,gas,485,3,300,,true,,true,,,,,,10/18/22
10096353,house,house,165000,forsale,8792,,1918,tobedoneup,pellet,766,2,204,,,,,,,1,,,10/18/22
9512469,house,house,169000,forsale,7700,semiequipped,,good,gas,195,3,163,,,,true,,,1,1,,10/18/22
9991492,house,house,170000,forsale,4030,installed,,good,gas,311,4,130,,true,,true,,,,,,10/18/22
10088149,house,house,170000,forsale,5574,semiequipped,,torenovate,,,3,1808,,,,,,,,1,,10/18/22
10063730,house,house,170000,forsale,7160,semiequipped,,good,fueloil,604,2,746,,true,,true,,,1,1,,10/18/22
9705620,house,mixedusebuilding,175000,forsale,4280,installed,,tobedoneup,fueloil,637,1,151,,true,,true,true,,1,,,10/18/22
10097063,house,house,175000,forsale,7190,installed,,good,gas,361,2,240,true,true,,true,,,,,,10/18/22
10110669,house,house,85000,forsale,4860,,,torenovate,,,4,140,,true,,true,,,,,,10/18/22
10158652,house,house,435000,forsale,2640,installed,1956,good,gas,255,3,241,,true,87,true,,,1,1,,10/18/22
10158651,apartment,apartment,469000,forsale,1000,usainstalled,1996,,gas,105,2,,,true,,true,,,,,,10/18/22
10158650,house,house,169500,forsale,7140,installed,,,gas,294,2,150,,true,1,true,,,,,,10/18/22
10158649,apartment,apartment,215000,forsale,1030,installed,1930,good,gas,210,1,,,true,,,,,,,,10/18/22
10158648,house,house,625000,forsale,2160,semiequipped,1983,good,gas,190,3,744,,,330,true,,,2,4,,10/18/22
10158644,house,house,520000,forsale,6747,installed,1988,,,253,4,2721,,true,,,,,1,,,10/18/22
10158640,house,house,269000,forsale,6990,semiequipped,1976,good,pellet,247,3,3418,,,,,true,,1,7,,10/18/22
10086431,house,house,177000,forsale,3300,,1930,good,,1090,2,252,,true,102,,,,1,1,,10/18/22
10078240,house,house,179000,forsale,6900,,,good,fueloil,417,4,240,true,,163,true,,,,1,,10/18/22
10065239,house,chalet,179000,forsale,6997,,,tobedoneup,electric,712,2,1370,,,1260,true,,,1,5,,10/18/22
10128542,house,house,179000,forsale,7012,notinstalled,1954,good,fueloil,436,2,375,true,true,230,true,true,,,,,10/18/22
10114947,house,apartmentblock,179000,forsale,7134,semiequipped,,torenovate,,777,3,195,,,,,,,,,,10/18/22
10120979,house,house,179500,forsale,8870,semiequipped,1932,torenovate,gas,544,4,291,,true,,,,,1,,,10/18/22
9960338,house,house,179900,forsale,4801,installed,,good,gas,292,4,287,true,true,175,true,,,,,,10/18/22
10033461,house,house,180000,forsale,6760,installed,1960,,,485,3,141,,true,,,,,,,,10/18/22
10072222,house,house,180000,forsale,8600,installed,,good,,611,1,158,,,,,,,,,,10/18/22
9984731,house,house,184500,forsale,7321,usahyperequipped,,good,gas,350,3,1094,,,,,true,,,,,10/18/22
10086530,house,house,185000,forsale,7120,installed,,justrenovated,gas,284,3,130,,true,,true,,,,,,10/18/22
9893938,house,house,185000,forsale,7971,,,good,fueloil,264,3,501,true,true,414,true,true,,,,,10/18/22
9981656,house,house,188000,forsale,6760,installed,,asnew,,399,2,61,,true,,,,,,,,10/18/22
9841295,house,house,189000,forsale,4540,semiequipped,,good,gas,294,4,304,true,true,1,,,,,,,10/18/22
10096425,house,house,189000,forsale,9140,,1925,asnew,gas,247,3,50,,,,,,,,,,10/18/22
10109937,house,house,195000,forsale,7390,,,good,gas,351,4,885,true,true,,true,,,1,,,10/18/22
10092158,house,house,195000,forsale,8501,,,good,gas,373,4,258,,true,,,,,,,,10/18/22
10011194,house,house,198000,forsale,6687,,2023,,,,4,463,,,,,,,,,,10/18/22
10078258,house,house,199000,forsale,3300,installed,,good,gas,335,2,133,true,true,50,true,,,,,,10/18/22
10049725,house,house,199000,forsale,4100,semiequipped,,good,pellet,413,3,140,true,true,,,,,3,,,10/18/22
10049591,house,house,199000,forsale,4100,semiequipped,,good,gas,386,5,160,,true,50,true,true,,1,1,,10/18/22
9905686,house,house,199000,forsale,6670,notinstalled,,torenovate,gas,316,4,14006,true,,13292,true,,,,2,,10/18/22
9967032,house,house,199000,forsale,7850,semiequipped,,good,gas,466,3,141,,true,,,,,,,,10/18/22
10113860,house,house,199000,forsale,8800,,,good,gas,625,4,305,,,,,,,,,,10/18/22
10125282,house,house,199000,forsale,8820,,1918,torenovate,,350,3,144,,,,,,,,,,10/18/22
10049637,house,house,200000,forsale,4430,installed,,good,gas,542,3,160,true,true,,,,,,,,10/18/22
10065702,house,house,200000,forsale,6560,semiequipped,,tobedoneup,gas,540,4,833,,true,,true,,,1,1,,10/18/22
10076770,house,house,200000,forsale,7110,installed,,good,gas,407,3,125,,true,40,true,,,,,,10/18/22
9979073,house,house,205000,forsale,4020,semiequipped,,good,fueloil,659,3,657,,true,430,true,,,,,,10/18/22
10036034,house,house,205000,forsale,9300,installed,,good,gas,408,3,115,true,,,true,true,,,,,10/18/22
10110669,house,house,85000,forsale,4860,,,torenovate,,,4,140,,true,,true,,,,,,10/18/22
10158652,house,house,435000,forsale,2640,installed,1956,good,gas,255,3,241,,true,87,true,,,1,1,,10/18/22
10158651,apartment,apartment,469000,forsale,1000,usainstalled,1996,,gas,105,2,,,true,,true,,,,,,10/18/22
10158650,house,house,169500,forsale,7140,installed,,,gas,294,2,150,,true,1,true,,,,,,10/18/22
10158649,apartment,apartment,215000,forsale,1030,installed,1930,good,gas,210,1,,,true,,,,,,,,10/18/22
10158648,house,house,625000,forsale,2160,semiequipped,1983,good,gas,190,3,744,,,330,true,,,2,4,,10/18/22
10158644,house,house,520000,forsale,6747,installed,1988,,,253,4,2721,,true,,,,,1,,,10/18/22
10158640,house,house,269000,forsale,6990,semiequipped,1976,good,pellet,247,3,3418,,,,,true,,1,7,,10/18/22
10129786,house,house,209000,forsale,8400,,1899,tobedoneup,,317,4,34,,,,,,,,,,10/18/22
10049605,house,house,209900,forsale,4000,installed,,good,gas,246,2,135,,,,true,true,,,,,10/18/22
9979071,house,house,220000,forsale,4020,semiequipped,,good,fueloil,659,3,657,,true,430,true,,,1,1,,10/18/22
10128223,house,house,220000,forsale,4970,,,good,fueloil,446,3,210,,,160,true,true,,1,,,10/18/22
9837970,house,house,220000,forsale,7130,installed,,good,gas,333,4,221,,,,true,true,,,1,,10/18/22
10025361,house,house,220000,forsale,8434,installed,1930,good,gas,532,4,274,,,120,true,,,,,,10/18/22
10068324,house,house,224000,forsale,8430,notinstalled,1918,torenovate,gas,680,4,69,,true,,,,,,,,10/18/22
9995708,house,house,225000,forsale,3400,usasemiequipped,1918,tobedoneup,fueloil,514,4,613,true,true,355,true,,,,,,10/18/22
10008535,house,house,225000,forsale,4020,,,,gas,434,2,0,,true,,true,true,,1,,,10/18/22
10032752,house,house,225000,forsale,5360,,,torenovate,fueloil,539,3,1951,true,true,992,true,,,1,3,,10/18/22
9870230,house,house,225000,forsale,6210,installed,,good,fueloil,331,4,382,true,,,true,,,1,4,,10/18/22
9791535,house,townhouse,225000,forsale,8860,,2006,good,,218,2,87,,,40,,,,,,,10/18/22
10126025,house,house,229000,forsale,9420,,1936,tobedoneup,,776,4,435,,true,280,true,,,1,2,,10/18/22
9936264,house,house,229500,forsale,4420,semiequipped,,good,gas,378,3,290,,,200,true,,,1,,,10/18/22
9936092,house,house,230000,forsale,6200,installed,1974,asnew,fueloil,278,4,329,true,true,1,true,,,2,1,,10/18/22
10041164,house,house,230000,forsale,6997,,,good,pellet,231,3,265,true,true,207,true,,,,,,10/18/22
10097967,house,house,230000,forsale,8610,installed,,good,,1086,3,750,true,true,,,,,,,,10/18/22
9873104,house,mixedusebuilding,234000,forsale,4100,installed,,good,gas,305,4,340,true,,20,,,,,,,10/18/22
9461051,house,house,235000,forsale,4031,notinstalled,,tobedoneup,gas,357,5,0,,true,,true,,,,,,10/18/22
9759951,house,house,235000,forsale,7700,installed,,justrenovated,gas,191,4,292,,true,102,true,,,,,,10/18/22
9993329,house,house,239000,forsale,3520,usainstalled,1960,tobedoneup,gas,638,2,1088,,,,true,,,,3,,10/18/22
10096258,house,house,239000,forsale,9032,installed,1939,torenovate,,549,2,229,,,,,,,,,,10/18/22
10083977,house,house,239000,forsale,9500,usasemiequipped,1945,torenovate,fueloil,636,4,1323,true,true,,true,,,1,3,,10/18/22
10048859,house,house,239000,forsale,9600,installed,1975,torenovate,fueloil,254,3,322,,true,,,,,1,,,10/18/22
10082034,house,house,240000,forsale,4100,installed,,good,gas,318,4,252,,,252,,,,1,1,,10/18/22
10117382,house,house,240000,forsale,7140,usahyperequipped,,asnew,gas,566,4,300,,true,180,true,,,,,,10/18/22
10057906,house,house,245000,forsale,5560,installed,1940,good,fueloil,218,3,448,,,,true,,,1,,,10/18/22
10047012,house,house,245000,forsale,9300,hyperequipped,,good,gas,428,5,120,true,,30,true,true,,,,,10/18/22
9928156,house,townhouse,247500,forsale,4300,installed,,good,fueloil,451,3,64,,,64,true,,,1,,,10/18/22
10063287,house,house,248000,forsale,3680,installed,1961,good,fueloil,823,4,0,true,true,,true,,,1,,,10/18/22
10158669,house,exceptionalproperty,575000,forsale,3300,installed,1900,good,fueloil,494,6,2030,,true,,,,,6,,,10/18/22
10158668,house,house,249000,forsale,7500,,,,gas,304,4,130,,true,,,,,,,,10/18/22
10158667,house,house,295000,forsale,7622,,,,,98,4,0,,,,,,,1,,,10/18/22
10158665,house,house,205000,forsale,9280,semiequipped,1958,torenovate,fueloil,298,6,0,,true,383,true,,,,1,,10/18/22
10158664,house,house,630000,forsale,1570,installed,1996,good,fueloil,251,4,5500,,true,,true,true,,2,6,,10/18/22
10158663,house,house,499000,forsale,1570,installed,1996,good,fueloil,251,4,1000,,true,,true,true,,2,6,,10/18/22
10158655,house,house,285000,forsale,3980,installed,2003,good,gas,182,3,0,,,,true,,,2,1,,10/18/22
10110669,house,house,85000,forsale,4860,,,torenovate,,,4,140,,true,,true,,,,,,10/18/22
9642766,house,bungalow,249000,forsale,4450,,,,fueloil,778,3,0,,true,326,true,true,,1,1,,10/18/22
9986255,house,house,249000,forsale,4680,,1961,good,,1070,2,360,,,150,true,,,1,3,,10/18/22
10036289,house,house,249000,forsale,5190,,,good,,121,3,181,,,107,true,,,1,,,10/18/22
10065237,house,house,249000,forsale,5540,,,torenovate,gas,328,3,938,true,true,757,true,true,,,2,,10/18/22
10001361,house,house,249000,forsale,5543,,,torenovate,gas,328,3,938,true,true,757,true,true,,,2,,10/18/22
10079177,house,house,249000,forsale,7120,installed,1973,tobedoneup,fueloil,677,3,1426,true,true,715,true,true,true,1,1,,10/18/22
10113897,house,house,249000,forsale,8400,,1930,tobedoneup,gas,857,4,93,,,,true,,,1,,,10/18/22
10110006,house,house,249000,forsale,9280,usasemiequipped,,tobedoneup,gas,573,3,180,true,true,,true,,,,,,10/18/22
9869523,house,house,249000,forsale,9660,,1969,tobedoneup,gas,687,4,165,true,true,,,,,,,,10/18/22
9872418,house,house,249500,forsale,9300,installed,,asnew,gas,333,3,100,true,true,,true,true,,,,,10/18/22
10129064,house,house,250000,forsale,4030,,,,gas,545,7,0,,,418,true,,,,,,10/18/22
9825374,house,house,250000,forsale,8800,,1930,good,,360,3,246,,,,,,,1,1,,10/18/22
9947139,house,house,255000,forsale,6900,installed,1950,good,fueloil,576,4,2225,,true,1830,true,true,,1,,,10/18/22
9765948,house,bungalow,257900,forsale,8800,semiequipped,,tobedoneup,gas,647,3,590,true,true,435,true,,,2,4,,10/18/22
10017291,house,house,259000,forsale,6927,,,good,fueloil,329,4,1088,true,true,959,true,true,,1,10,,10/18/22
10004897,house,house,259000,forsale,9800,,,asnew,gas,340,1,149,,,,,,,,,,10/18/22
10033154,house,house,264000,forsale,4000,,1993,,electric,637,4,0,,,155,true,,,1,1,,10/18/22
9704794,house,house,265000,forsale,4690,installed,,good,fueloil,221,3,381,true,true,,true,true,,1,3,,10/18/22
10121317,house,bungalow,269000,forsale,4160,notinstalled,1970,tobedoneup,fueloil,483,4,1000,,,,,true,,1,,,10/18/22
10096466,house,house,269000,forsale,8770,,1960,torenovate,fueloil,1058,4,715,,,,,,,1,,,10/18/22
10060405,house,house,269000,forsale,8980,installed,,good,gas,316,3,506,,true,420,,,,1,,,10/18/22
10114257,house,house,275000,forsale,9420,notinstalled,,torenovate,gas,380,3,260,,true,,,,,1,,,10/18/22
10071915,house,house,275000,forsale,9820,,,good,,466,3,392,,true,324,true,,,,2,,10/18/22
10127576,house,house,279000,forsale,8000,installed,1978,good,gas,389,3,243,,,,true,,,1,1,,10/18/22
10107488,house,house,280000,forsale,5580,installed,,good,fueloil,251,3,513,true,true,350,true,true,,,,,10/18/22
9960486,house,house,285000,forsale,1730,hyperequipped,,asnew,gas,327,2,254,,,140,true,,,,,,10/18/22
10127417,house,house,285000,forsale,2800,installed,1920,tobedoneup,gas,253,3,0,,,17,true,,,,,,10/18/22
10100274,house,house,285000,forsale,6180,usahyperequipped,,asnew,gas,250,3,1800,,,1350,true,,,,4,,10/18/22
10085919,house,house,285000,forsale,6760,installed,,,fueloil,375,4,290,true,true,150,true,true,,,1,,10/18/22
10003047,house,house,289000,forsale,9500,hyperequipped,,good,gas,376,3,331,true,,175,true,,,1,1,,10/18/22
10158669,house,exceptionalproperty,575000,forsale,3300,installed,1900,good,fueloil,494,6,2030,,true,,,,,6,,,10/18/22
10158668,house,house,249000,forsale,7500,,,,gas,304,4,130,,true,,,,,,,,10/18/22
10158667,house,house,295000,forsale,7622,,,,,98,4,0,,,,,,,1,,,10/18/22
10158665,house,house,205000,forsale,9280,semiequipped,1958,torenovate,fueloil,298,6,0,,true,383,true,,,,1,,10/18/22
10158664,house,house,630000,forsale,1570,installed,1996,good,fueloil,251,4,5500,,true,,true,true,,2,6,,10/18/22
10158663,house,house,499000,forsale,1570,installed,1996,good,fueloil,251,4,1000,,true,,true,true,,2,6,,10/18/22
10158655,house,house,285000,forsale,3980,installed,2003,good,gas,182,3,0,,,,true,,,2,1,,10/18/22
10110669,house,house,85000,forsale,4860,,,torenovate,,,4,140,,true,,true,,,,,,10/18/22
10129902,house,house,289000,forsale,9900,installed,,asnew,gas,167,3,167,,,,,,,,2,,10/18/22
9971128,house,villa,290000,forsale,7387,,,good,electric,319,1,1140,true,,1048,true,true,,,5,,10/18/22
9997692,house,house,295000,forsale,5570,installed,,good,fueloil,351,3,1800,,true,1040,true,,,,3,,10/18/22
10037233,house,house,295000,forsale,7131,installed,1965,good,gas,532,3,1392,,,,true,,,2,,,10/18/22
10072298,house,house,295000,forsale,8600,installed,,good,,917,3,317,,,,,,,,,,10/18/22
10112196,house,villa,295000,forsale,9320,installed,,tobedoneup,fueloil,416,3,400,,true,300,true,true,,1,1,,10/18/22
10129603,house,house,296000,forsale,4845,installed,,justrenovated,fueloil,255,3,1100,,true,1000,,true,,,3,,10/18/22
9926974,house,house,298000,forsale,6762,installed,1930,,,514,4,900,,true,,,,,3,,,10/18/22
9873146,house,mixedusebuilding,299000,forsale,4480,hyperequipped,1934,,gas,400,4,680,,true,500,true,true,,1,,,10/18/22
9611834,house,house,299000,forsale,6724,installed,,good,,,3,336,,,,true,,,,,,10/18/22
10109424,house,house,299000,forsale,8600,usahyperequipped,1986,good,,334,2,1846,,,,true,,,1,3,,10/18/22
10098541,house,house,299000,forsale,8760,installed,,good,gas,226,3,649,,true,,,true,,,,,10/18/22
10077955,house,house,299000,forsale,8930,semiequipped,1966,justrenovated,gas,255,3,253,,true,,true,true,,1,1,,10/18/22
10068693,house,house,299000,forsale,9290,semiequipped,1965,,gas,614,3,528,true,true,,,true,,1,5,,10/18/22
9910024,house,house,299900,forsale,6180,installed,1899,good,gas,363,4,728,true,true,628,true,,,,1,,10/18/22
10002190,house,house,300000,forsale,6670,installed,,good,fueloil,414,4,1311,,true,,true,,,1,3,,10/18/22
10127446,house,house,306500,forsale,9950,installed,,,gas,296,3,0,,true,,true,,,,1,,10/18/22
9873157,house,house,310000,forsale,1400,semiequipped,,good,gas,287,4,490,true,true,,true,true,,1,1,,10/18/22
10100864,house,house,315000,forsale,8400,,1959,tobedoneup,gas,516,7,212,,true,,,,,,,,10/18/22
10096176,house,house,315000,forsale,8400,installed,1990,asnew,gas,170,4,131,,,,,,,1,,,10/18/22
10110320,house,house,319000,forsale,8400,installed,2004,good,,,3,129,,,,,,,,,,10/18/22
10066004,house,house,320000,forsale,4030,installed,,tobedoneup,gas,654,3,1443,true,,,,,,5,2,,10/18/22
10005634,house,house,320000,forsale,9000,semiequipped,,tobedoneup,gas,992,3,90,,true,37,,,,,,,10/18/22
10112324,house,house,325000,forsale,1020,notinstalled,2022,,,,4,0,,,,true,,,,,,10/18/22
10022716,house,villa,325000,forsale,5100,notinstalled,,asnew,,277,2,462,,,,,,,,3,,10/18/22
10124407,house,house,325000,forsale,8210,,1969,torenovate,,414,3,370,,,,,,,1,1,,10/18/22
10002535,house,mixedusebuilding,325000,forsale,9600,,1913,torenovate,electric,,0,529,,,,,,,,,,10/18/22
10057536,house,house,329000,forsale,2950,installed,,torenovate,gas,480,3,611,true,,,true,true,,1,,,10/18/22
10088331,house,house,329000,forsale,5370,installed,1971,asnew,fueloil,397,3,6847,true,true,469,true,,,1,6,,10/18/22
10118475,house,house,329000,forsale,8650,,2012,asnew,,134,4,334,,,244,true,,,,,,10/18/22
10158669,house,exceptionalproperty,575000,forsale,3300,installed,1900,good,fueloil,494,6,2030,,true,,,,,6,,,10/18/22
10158668,house,house,249000,forsale,7500,,,,gas,304,4,130,,true,,,,,,,,10/18/22
10158667,house,house,295000,forsale,7622,,,,,98,4,0,,,,,,,1,,,10/18/22
10158665,house,house,205000,forsale,9280,semiequipped,1958,torenovate,fueloil,298,6,0,,true,383,true,,,,1,,10/18/22
10158664,house,house,630000,forsale,1570,installed,1996,good,fueloil,251,4,5500,,true,,true,true,,2,6,,10/18/22
10158663,house,house,499000,forsale,1570,installed,1996,good,fueloil,251,4,1000,,true,,true,true,,2,6,,10/18/22
10158655,house,house,285000,forsale,3980,installed,2003,good,gas,182,3,0,,,,true,,,2,1,,10/18/22
10110669,house,house,85000,forsale,4860,,,torenovate,,,4,140,,true,,true,,,,,,10/18/22
10110984,house,house,335000,forsale,1020,notinstalled,2022,,,,4,0,,,,true,,,,,,10/18/22
9631748,house,house,335000,forsale,9402,,1951,good,,383,3,1237,,,,,,,,,,10/18/22
10118393,house,house,335000,forsale,9890,,1986,,fueloil,429,3,595,,true,,,,,2,,,10/18/22
10123568,house,villa,339000,forsale,1350,installed,1975,,fueloil,336,2,2860,,,2860,,true,,2,,,10/18/22
10123573,house,villa,339000,forsale,1370,installed,1975,,fueloil,336,2,2860,,,2860,,true,,2,,,10/18/22
10077776,house,house,339000,forsale,8670,,1930,torenovate,gas,382,4,635,,,,true,,,1,,,10/18/22
10101498,house,house,339000,forsale,9230,hyperequipped,1930,,gas,182,3,323,true,,,true,,,,2,,10/18/22
10092839,house,house,342000,forsale,8790,,1979,tobedoneup,gas,302,3,1021,true,,835,true,true,,2,,,10/18/22
10073888,house,bungalow,345000,forsale,8480,hyperequipped,,asnew,gas,277,4,532,,true,300,true,true,,1,2,,10/18/22
10023275,house,house,349000,forsale,1630,hyperequipped,1960,tobedoneup,gas,519,4,125,,true,,true,true,,,2,,10/18/22
10097207,house,house,349000,forsale,6769,installed,2007,,,190,5,800,,,,,,,1,1,,10/18/22
10114393,house,house,349000,forsale,9032,installed,1974,good,gas,142,3,238,,,,,,,,,,10/18/22
10105791,house,house,349000,forsale,9200,semiequipped,1966,,fueloil,429,2,1622,true,true,,true,true,,1,2,,10/18/22
10094319,house,house,349000,forsale,9660,notinstalled,,asnew,fueloil,163,3,0,true,,,true,,,1,1,,10/18/22
9628448,house,house,350000,forsale,2650,installed,1962,tobedoneup,,328,3,160,,,95,,,,1,,,10/18/22
9936886,house,house,350000,forsale,3600,,1953,torenovate,fueloil,820,3,2884,true,true,,,,,1,,,10/18/22
10100827,house,house,350000,forsale,6120,installed,,good,,335,4,747,,true,,true,,,1,,,10/18/22
10075550,house,house,350000,forsale,6941,semiequipped,,tobedoneup,,507,3,3853,,,,,,,1,,,10/18/22
10090181,house,house,350000,forsale,8760,installed,1974,asnew,fueloil,392,5,660,,true,,true,,,2,,,10/18/22
9979523,house,house,360000,forsale,6927,,,good,fueloil,385,5,1070,,true,931,true,,,2,4,,10/18/22
10018499,house,house,360000,forsale,9290,usahyperequipped,1964,,gas,782,3,810,,,,,true,,2,4,,10/18/22
10094416,house,house,365000,forsale,4970,semiequipped,1866,good,fueloil,488,5,1650,,,1650,,,,2,4,,10/18/22
9921023,house,villa,365000,forsale,6900,installed,1992,asnew,fueloil,173,4,900,,true,900,true,true,,1,6,,10/18/22
9781685,house,house,365000,forsale,8310,,1922,torenovate,,445,4,235,,,,,,,,,,10/18/22
9975367,house,house,368000,forsale,4000,,,tobedoneup,gas,155,4,0,,true,,true,,,,,,10/18/22
10093360,house,bungalow,369000,forsale,1880,semiequipped,1990,torenovate,electric,733,3,7558,,,,,,,,3,,10/18/22
9981555,house,house,369000,forsale,6530,installed,1998,good,fueloil,287,3,1678,true,true,900,true,,,2,2,,10/18/22
10073317,house,house,369000,forsale,8710,installed,2022,good,,56.63,3,304,,,,true,,,,2,,10/18/22
10032654,house,house,375000,forsale,2850,installed,1980,good,,322,3,144,,,55,,,,2,,,10/18/22
10158669,house,exceptionalproperty,575000,forsale,3300,installed,1900,good,fueloil,494,6,2030,,true,,,,,6,,,10/18/22
10158668,house,house,249000,forsale,7500,,,,gas,304,4,130,,true,,,,,,,,10/18/22
10158667,house,house,295000,forsale,7622,,,,,98,4,0,,,,,,,1,,,10/18/22
10158665,house,house,205000,forsale,9280,semiequipped,1958,torenovate,fueloil,298,6,0,,true,383,true,,,,1,,10/18/22
10158664,house,house,630000,forsale,1570,installed,1996,good,fueloil,251,4,5500,,true,,true,true,,2,6,,10/18/22
10158663,house,house,499000,forsale,1570,installed,1996,good,fueloil,251,4,1000,,true,,true,true,,2,6,,10/18/22
10158655,house,house,285000,forsale,3980,installed,2003,good,gas,182,3,0,,,,true,,,2,1,,10/18/22
10110669,house,house,85000,forsale,4860,,,torenovate,,,4,140,,true,,true,,,,,,10/18/22
10119409,house,mansion,375000,forsale,3600,,1956,tobedoneup,fueloil,347,4,353,,true,,true,true,,1,,,10/18/22
10067218,house,villa,375000,forsale,5100,installed,,tobedoneup,gas,605,4,864,true,true,790,true,,,1,,,10/18/22
9826270,house,house,375000,forsale,6927,usainstalled,1971,asnew,fueloil,372,4,2120,true,true,2000,true,,,1,10,,10/18/22
9979948,house,house,375000,forsale,7130,semiequipped,,tobedoneup,gas,403,3,344,,true,,true,true,,,,,10/18/22
10091715,house,villa,375000,forsale,8430,installed,1986,good,gas,375,2,748,,,580,,,,,,,10/18/22
10111502,house,house,375000,forsale,9040,,,good,gas,609,3,146,,true,78,true,true,,,,,10/18/22
10003741,house,mixedusebuilding,380000,forsale,4280,,,good,gas,10580,4,364,,true,240,true,,,,,,10/18/22
9972072,house,villa,380000,forsale,4280,hyperequipped,1997,good,,222,4,900,,true,,true,true,,1,1,,10/18/22
9945006,house,house,380000,forsale,6747,installed,,justrenovated,,96,3,158,true,,,true,true,,,3,,10/18/22
10115210,house,house,385000,forsale,6800,,,good,fueloil,299,6,922,true,true,797,true,true,,1,1,,10/18/22
10117407,house,house,385000,forsale,9300,hyperequipped,1952,asnew,gas,470,3,460,true,true,,true,true,,,,,10/18/22
10085313,house,house,385000,forsale,9420,installed,1951,good,,,2,218,,true,,true,true,,1,4,,10/18/22
10128277,house,mixedusebuilding,389000,forsale,7070,,,torenovate,gas,485,5,3680,true,true,,true,,,,10,,10/18/22
10128275,house,countrycottage,389000,forsale,7070,,,torenovate,gas,485,5,3680,true,true,,true,,,,10,,10/18/22
10128273,house,house,389000,forsale,7070,,,torenovate,gas,485,5,3680,true,true,,true,,,,10,,10/18/22
10119621,house,house,389000,forsale,9308,usahyperequipped,,asnew,gas,231,3,326,,,,true,true,,2,4,,10/18/22
10097312,house,house,390000,forsale,1330,installed,1977,good,electric,220,3,710,,true,,,true,,,,,10/18/22
10123566,house,house,395000,forsale,1350,hyperequipped,2022,,,,3,0,,,1100,true,,,,1,,10/18/22
10015080,house,countrycottage,395000,forsale,2450,installed,1931,torenovate,fueloil,474,4,4409,true,true,,,,,1,5,,10/18/22
10050434,house,countrycottage,395000,forsale,6929,installed,,asnew,fueloil,246,3,1084,true,,1084,true,true,,,3,,10/18/22
10059729,house,villa,395000,forsale,7000,,,good,fueloil,215,4,953,,,761,true,true,,2,6,,10/18/22
10112688,house,house,395000,forsale,9400,semiequipped,1968,,fueloil,1000,4,928,true,true,,true,,,1,4,,10/18/22
10112496,house,house,398000,forsale,2480,hyperequipped,1994,good,gas,261,3,534,true,true,,true,true,,1,,,10/18/22
10080408,house,house,398000,forsale,3300,,1964,asnew,gas,290,4,566,true,true,400,true,true,,1,1,,10/18/22
10108968,house,house,398000,forsale,9473,installed,2022,,gas,50,4,259,,,,true,,,1,,,10/18/22
9542325,house,house,399000,forsale,4000,hyperequipped,,good,gas,426,5,995,true,true,,true,true,,2,6,,10/18/22
9941224,house,mansion,399000,forsale,6280,hyperequipped,1934,good,fueloil,793,5,820,true,true,600,true,true,,1,3,,10/18/22
10103639,house,bungalow,399900,forsale,9450,,1962,good,fueloil,706,3,1088,true,true,,true,,,1,4,,10/18/22
10101383,house,house,400000,forsale,4130,notinstalled,1976,tobedoneup,electric,503,3,2178,,,,true,true,,1,3,,10/18/22
9774141,house,house,400000,forsale,5150,installed,,tobedoneup,fueloil,219,4,1770,true,,1600,true,,,,5,,10/18/22
10158669,house,exceptionalproperty,575000,forsale,3300,installed,1900,good,fueloil,494,6,2030,,true,,,,,6,,,10/18/22
10158668,house,house,249000,forsale,7500,,,,gas,304,4,130,,true,,,,,,,,10/18/22
10158667,house,house,295000,forsale,7622,,,,,98,4,0,,,,,,,1,,,10/18/22
10158665,house,house,205000,forsale,9280,semiequipped,1958,torenovate,fueloil,298,6,0,,true,383,true,,,,1,,10/18/22
10158664,house,house,630000,forsale,1570,installed,1996,good,fueloil,251,4,5500,,true,,true,true,,2,6,,10/18/22
10158663,house,house,499000,forsale,1570,installed,1996,good,fueloil,251,4,1000,,true,,true,true,,2,6,,10/18/22
10158655,house,house,285000,forsale,3980,installed,2003,good,gas,182,3,0,,,,true,,,2,1,,10/18/22
10110669,house,house,85000,forsale,4860,,,torenovate,,,4,140,,true,,true,,,,,,10/18/22
9614421,house,house,400000,forsale,7131,installed,,good,gas,348,5,2940,,true,,true,true,,2,,,10/18/22
9995784,house,house,405000,forsale,9100,installed,,good,gas,246,3,736,,,617,,,,2,2,,10/18/22
10127869,house,house,409000,forsale,3500,,1968,torenovate,fueloil,341,5,343,,true,,,,,,,,10/18/22
10123250,house,house,414500,forsale,9050,installed,1935,good,gas,242,4,90,,,,,,,,,,10/18/22
10026427,house,house,415000,forsale,1745,installed,2022,,gas,,3,213,true,,81,true,,,,,,10/18/22
10112732,house,house,415000,forsale,8200,installed,,good,gas,381,2,246,true,true,,,,,,1,,10/18/22
10083397,house,house,415000,forsale,9500,installed,1954,asnew,electric,647,4,412,,true,,,true,,,,,10/18/22
10083398,house,house,415000,forsale,9660,installed,1954,asnew,electric,647,4,412,,true,,,true,,,,,10/18/22
10101489,house,house,419000,forsale,1030,hyperequipped,,asnew,,240,5,50,,true,15,,,,,,,10/18/22
10092671,house,house,420000,forsale,9473,hyperequipped,,asnew,gas,183,3,600,true,true,400,true,true,,,,,10/18/22
10089780,house,house,420000,forsale,9660,,1971,,gas,986,8,1418,,true,,true,,,,1,,10/18/22
10026428,house,house,421000,forsale,1745,installed,2022,,gas,,3,222,true,,90,true,,,,,,10/18/22
10119619,house,house,424900,forsale,9340,usahyperequipped,,asnew,electric,565,4,1357,,,,true,true,,1,6,,10/18/22
10089975,house,house,425000,forsale,1460,usahyperequipped,2008,asnew,gas,164,6,626,,true,500,true,true,true,,,,10/18/22
10016843,house,house,425000,forsale,1480,usahyperequipped,2008,asnew,gas,164,6,626,,true,500,true,true,true,,,,10/18/22
10024504,house,house,425000,forsale,1742,installed,1962,good,gas,382,3,412,,true,,true,true,,1,4,,10/18/22
10026429,house,house,427000,forsale,1745,installed,2022,,gas,,4,241,true,,104,true,,,,,,10/18/22
10116220,house,house,429000,forsale,5190,,2016,good,,15,4,1000,true,,895,true,,true,,5,,10/18/22
10091353,house,house,430000,forsale,1910,installed,1958,justrenovated,fueloil,271,3,1300,true,true,,,true,,2,,,10/18/22
9994882,house,villa,430000,forsale,9051,,1961,torenovate,,614,3,1112,,,800,,,,1,3,,10/18/22
10087777,house,house,435000,forsale,9200,,1974,asnew,gas,615,5,857,,true,,,true,,1,,,10/18/22
10083636,house,mixedusebuilding,439000,forsale,4900,semiequipped,,torenovate,gas,178,10,205,,,,true,true,,,,,10/18/22
10084707,house,house,440000,forsale,7850,,,good,gas,240,4,686,true,true,465,,,,2,,,10/18/22
10116724,house,house,444000,forsale,8500,installed,1968,asnew,,299,4,322,,,,,,,,,,10/18/22
10037548,house,house,449000,forsale,1745,installed,2022,,gas,,3,299,true,,107,true,,,,,,10/18/22
10104425,house,bungalow,449000,forsale,4432,,1988,asnew,electric,250,3,870,,true,740,true,true,true,1,3,,10/18/22
9903236,house,house,449000,forsale,9340,,,,,331,1,433,,,,,,,,,,10/18/22
10045549,house,house,449500,forsale,1020,installed,,tobedoneup,fueloil,657,4,260,,true,,true,true,,1,1,,10/18/22
10105101,house,villa,450000,forsale,2310,,1994,asnew,,138,4,946,,,,,,true,,6,,10/18/22
10062000,house,bungalow,450000,forsale,2890,,1972,good,fueloil,557,4,1266,,true,,true,,,1,,,10/18/22
10158669,house,exceptionalproperty,575000,forsale,3300,installed,1900,good,fueloil,494,6,2030,,true,,,,,6,,,10/18/22
10158668,house,house,249000,forsale,7500,,,,gas,304,4,130,,true,,,,,,,,10/18/22
10158667,house,house,295000,forsale,7622,,,,,98,4,0,,,,,,,1,,,10/18/22
10158665,house,house,205000,forsale,9280,semiequipped,1958,torenovate,fueloil,298,6,0,,true,383,true,,,,1,,10/18/22
10158664,house,house,630000,forsale,1570,installed,1996,good,fueloil,251,4,5500,,true,,true,true,,2,6,,10/18/22
10158663,house,house,499000,forsale,1570,installed,1996,good,fueloil,251,4,1000,,true,,true,true,,2,6,,10/18/22
10158655,house,house,285000,forsale,3980,installed,2003,good,gas,182,3,0,,,,true,,,2,1,,10/18/22
10110669,house,house,85000,forsale,4860,,,torenovate,,,4,140,,true,,true,,,,,,10/18/22
9915805,house,house,455000,forsale,3390,installed,1972,good,fueloil,410,3,1503,,true,,true,true,,1,4,,10/18/22
10128726,house,villa,455000,forsale,8940,,1964,asnew,gas,237,4,725,true,,400,true,true,,,3,,10/18/22
10010173,house,house,459000,forsale,2280,hyperequipped,2020,asnew,gas,,3,300,,,,true,,,1,3,,10/18/22
9940591,house,house,460000,forsale,8551,,1987,asnew,gas,266,3,624,,,,true,,,1,,,10/18/22
10060504,house,house,465000,forsale,9630,,1979,,gas,344,3,1442,true,true,,true,,,1,,,10/18/22
10104015,house,house,469000,forsale,9255,usahyperequipped,,asnew,gas,99,3,284,,true,,true,,,,2,,10/18/22
10127150,house,house,475000,forsale,1180,notinstalled,1925,torenovate,,565,6,215,,true,129,true,,,,,,10/18/22
10094106,house,apartmentblock,475000,forsale,2650,,1972,,gas,160,4,212,,,86,true,,,1,,,10/18/22
10067670,house,house,475000,forsale,5670,hyperequipped,,justrenovated,electric,107,3,345,,,,true,,,,4,,10/18/22
10067659,house,countrycottage,475000,forsale,5670,hyperequipped,,justrenovated,electric,107,3,345,,,,true,,,,4,,10/18/22
10128312,house,house,485000,forsale,4130,installed,1983,asnew,fueloil,360,4,720,,,,true,,,1,,,10/18/22
10085638,house,villa,485000,forsale,8210,semiequipped,2010,asnew,gas,150,5,572,true,,,,,,1,,,10/18/22
10007110,house,mansion,485000,forsale,8580,,1899,torenovate,fueloil,648,4,1205,,true,,true,,,1,,,10/18/22
9984863,house,house,485000,forsale,8890,,1963,good,fueloil,558,4,1110,,true,,,,,2,3,,10/18/22
10129529,house,house,490000,forsale,1702,usainstalled,1961,asnew,gas,363,3,212,,true,88,true,,,1,1,,10/18/22
10052856,house,house,490000,forsale,5500,installed,,torestore,fueloil,364,7,173,,true,85,true,true,,1,,,10/18/22
10081854,house,house,495000,forsale,3012,hyperequipped,1975,good,,295,4,1087,,,,true,,,2,2,,10/18/22
10052199,house,villa,495000,forsale,4877,semiequipped,1964,torenovate,fueloil,238,4,2704,true,true,,true,true,true,2,4,,10/18/22
9969419,house,house,495000,forsale,7830,installed,,asnew,fueloil,178,3,2085,,,,true,,,2,,,10/18/22
10125994,house,apartmentblock,499000,forsale,2660,installed,,good,gas,192,0,155,,,,,,,,,,10/18/22
9946047,house,house,499000,forsale,4680,hyperequipped,2007,asnew,gas,206,5,980,true,true,670,true,true,,1,3,,10/18/22
10029498,house,house,499000,forsale,8670,installed,1960,good,,,4,606,,true,319,true,,,1,2,,10/18/22
9739176,house,house,515000,forsale,3390,installed,1972,good,fueloil,410,3,8519,,true,,true,true,,1,4,,10/18/22
10092851,house,villa,519000,forsale,1653,installed,1979,tobedoneup,,303,3,635,true,true,,true,,,2,4,,10/18/22
10071036,house,villa,519000,forsale,8400,installed,1994,asnew,electric,497,3,700,,,,,,,1,,,10/18/22
10127973,house,house,524000,forsale,1820,installed,2022,,,,5,489,,,,true,,,,2,,10/18/22
10072300,house,house,525000,forsale,8600,installed,,good,,422,4,760,,,,,,,,,,10/18/22
10127975,house,house,533000,forsale,1820,installed,2022,,,,5,491,,,,true,,,,2,,10/18/22
10127971,house,house,533000,forsale,1820,installed,2022,,,,5,489,,,,true,,,,2,,10/18/22
10091270,house,house,535000,forsale,2547,hyperequipped,2022,asnew,gas,,5,612,true,,1,true,true,,2,1,,10/18/22
10158669,house,exceptionalproperty,575000,forsale,3300,installed,1900,good,fueloil,494,6,2030,,true,,,,,6,,,10/18/22
10158668,house,house,249000,forsale,7500,,,,gas,304,4,130,,true,,,,,,,,10/18/22
10158667,house,house,295000,forsale,7622,,,,,98,4,0,,,,,,,1,,,10/18/22
10158665,house,house,205000,forsale,9280,semiequipped,1958,torenovate,fueloil,298,6,0,,true,383,true,,,,1,,10/18/22
10158664,house,house,630000,forsale,1570,installed,1996,good,fueloil,251,4,5500,,true,,true,true,,2,6,,10/18/22
10158663,house,house,499000,forsale,1570,installed,1996,good,fueloil,251,4,1000,,true,,true,true,,2,6,,10/18/22
10158655,house,house,285000,forsale,3980,installed,2003,good,gas,182,3,0,,,,true,,,2,1,,10/18/22
10110669,house,house,85000,forsale,4860,,,torenovate,,,4,140,,true,,true,,,,,,10/18/22
10027842,house,house,535000,forsale,7130,installed,2003,good,fueloil,645,6,5000,true,,650,true,true,,2,4,,10/18/22
10127977,house,house,539000,forsale,1820,installed,2022,,,,4,608,,,,true,,,,2,,10/18/22
9988833,house,apartmentblock,549000,forsale,2940,,1980,good,gas,143,5,227,,,,true,,,1,2,,10/18/22
10120028,house,house,549000,forsale,3140,installed,1977,tobedoneup,gas,228,5,1459,true,true,,true,,,2,4,,10/18/22
9983119,house,house,549000,forsale,8420,installed,1990,asnew,electric,273,4,880,,,,,,,1,,,10/18/22
10042884,house,house,549000,forsale,8800,usainstalled,1950,asnew,gas,322,5,600,,true,,true,true,,1,,,10/18/22
9933998,house,villa,550000,forsale,1860,installed,1974,,fueloil,494,4,700,,,300,true,,,1,2,,10/18/22
9957585,house,house,550000,forsale,3500,installed,1958,torenovate,gas,945,3,1428,,true,,,,,,,,10/18/22
10072887,house,house,560000,forsale,1180,hyperequipped,1970,,,520,4,130,,true,,,,,,,,10/18/22
9961334,house,townhouse,565000,forsale,1090,usahyperequipped,2012,asnew,gas,136,4,165,,true,85,true,true,,,1,,10/18/22
10127555,house,house,565000,forsale,9990,installed,1992,asnew,electric,486,4,1526,,true,,,,,1,,,10/18/22
10047136,house,exceptionalproperty,567800,forsale,9420,hyperequipped,2022,asnew,,,5,559,,,,true,true,,1,1,,10/18/22
10059241,house,villa,575000,forsale,3660,,1983,asnew,electric,263,3,2754,,,,true,,,2,,,10/18/22
9624679,house,house,579000,forsale,9280,,1995,good,fueloil,165,4,1270,true,,,true,true,,2,,,10/18/22
9729521,house,mansion,580000,forsale,7973,installed,1890,good,fueloil,312,9,1970,true,true,1598,true,true,true,,2,,10/18/22
9830092,house,villa,589000,forsale,5310,installed,2012,asnew,,85,4,1838,,,,true,,true,1,,,10/18/22
10126720,house,house,589000,forsale,9000,installed,,good,gas,259,4,60,,true,6,,,,,,,10/18/22
9882394,house,house,589000,forsale,9820,,1980,,,317,4,655,,,,,,,1,,,10/18/22
10119782,house,house,590000,forsale,2550,installed,,tobedoneup,,456,4,756,true,,,,,,1,1,,10/18/22
10037083,house,townhouse,595000,forsale,1180,installed,1963,good,gas,404,4,148,true,true,80,true,true,,1,1,,10/18/22
10083038,house,house,595000,forsale,1440,,1900,torenovate,,462,5,3000,,true,,,,,2,1,,10/18/22
10040619,house,villa,595000,forsale,2400,hyperequipped,1977,asnew,,133,4,776,,,,true,true,,1,4,,10/18/22
10118350,house,house,595000,forsale,9800,installed,1940,good,,212,3,461,,true,,true,true,,2,1,,10/18/22
10055991,house,house,599000,forsale,2440,hyperequipped,1973,good,gas,220,5,1804,,true,,true,true,,1,4,,10/18/22
10118046,house,house,600000,forsale,1470,,1970,torestore,fueloil,,6,2602,,,,,,,,,,10/18/22
10048734,house,house,615000,forsale,9140,hyperequipped,1954,asnew,gas,208,4,1452,,,,,,,,4,,10/18/22
10000128,house,exceptionalproperty,630000,forsale,4950,installed,2010,asnew,,,2,4695,,,4000,true,true,,,4,,10/18/22
10083486,house,villa,635000,forsale,8420,hyperequipped,1973,asnew,gas,200,8,394,,,,true,,,,,,10/18/22
10065217,house,mixedusebuilding,649000,forsale,2018,usahyperequipped,1899,tobedoneup,gas,280,5,86,,true,,,,,,,,10/18/22
10025163,house,villa,665000,forsale,1650,installed,1973,tobedoneup,fueloil,547,4,1580,true,true,,true,true,,2,8,,10/18/22
10158669,house,exceptionalproperty,575000,forsale,3300,installed,1900,good,fueloil,494,6,2030,,true,,,,,6,,,10/18/22
10158668,house,house,249000,forsale,7500,,,,gas,304,4,130,,true,,,,,,,,10/18/22
10158667,house,house,295000,forsale,7622,,,,,98,4,0,,,,,,,1,,,10/18/22
10158665,house,house,205000,forsale,9280,semiequipped,1958,torenovate,fueloil,298,6,0,,true,383,true,,,,1,,10/18/22
10158664,house,house,630000,forsale,1570,installed,1996,good,fueloil,251,4,5500,,true,,true,true,,2,6,,10/18/22
10158663,house,house,499000,forsale,1570,installed,1996,good,fueloil,251,4,1000,,true,,true,true,,2,6,,10/18/22
10158655,house,house,285000,forsale,3980,installed,2003,good,gas,182,3,0,,,,true,,,2,1,,10/18/22
10110669,house,house,85000,forsale,4860,,,torenovate,,,4,140,,true,,true,,,,,,10/18/22
9955237,house,house,675000,forsale,9040,installed,2019,,gas,135,5,137,,true,,,,,,,,10/18/22
10092558,house,house,690000,forsale,2830,hyperequipped,,good,gas,178,4,302,,,,true,true,,,,,10/18/22
10070964,house,exceptionalproperty,699000,forsale,1020,hyperequipped,1953,good,gas,166,4,0,,true,160,true,,,1,2,,10/18/22
9908086,house,exceptionalproperty,699000,forsale,5100,usahyperequipped,2013,asnew,,78,5,1349,,,1349,true,,true,,5,,10/18/22
10109158,house,mansion,725000,forsale,3700,installed,1904,asnew,gas,,5,1900,,true,,,true,,,,,10/18/22
10017387,house,house,725000,forsale,5150,,2008,good,gas,155,3,2048,,,1951,true,true,,,4,,10/18/22
9714547,house,countrycottage,750000,forsale,3800,installed,1875,torenovate,pellet,985,3,5958,,,,,,,,,,10/18/22
10022525,house,house,750000,forsale,6987,,,good,fueloil,170,10,5420,,true,4631,true,true,,,7,,10/18/22
9809512,house,apartmentblock,760000,forsale,1080,hyperequipped,,good,gas,236,6,193,,true,,true,,,,,,10/18/22
9527431,house,apartmentblock,795000,forsale,1050,notinstalled,1928,tobedoneup,,342,6,0,true,,6,true,,,,,,10/18/22
9573322,house,apartmentblock,795000,forsale,1050,notinstalled,1928,tobedoneup,,342,6,0,true,,6,true,,,,,,10/18/22
10126661,house,villa,795000,forsale,9550,installed,1999,asnew,,223,4,992,,true,,true,,,2,5,,10/18/22
10125025,house,villa,845000,forsale,2242,hyperequipped,1995,,gas,137,5,3611,true,,,true,true,,2,5,,10/18/22
10129906,house,house,850000,forsale,8620,,,justrenovated,gas,261,4,674,,true,,,,,1,,,10/18/22
10017428,house,house,880000,forsale,6940,installed,,asnew,,106,7,7856,,true,,true,,,1,2,,10/18/22
10095191,house,house,885000,forsale,1070,hyperequipped,1937,,,303,5,296,,true,195,true,,,,,,10/18/22
10099825,house,villa,895000,forsale,1570,,1970,good,,311,4,3792,,,,,,,,1,,10/18/22
9692943,house,villa,925000,forsale,1180,installed,1983,,gas,238,4,1143,,true,,true,true,,3,4,,10/18/22
10054810,house,manorhouse,950000,forsale,1570,,1900,good,,254,4,4532,,true,,,,,1,,,10/18/22
10123636,house,exceptionalproperty,950000,forsale,5020,usahyperequipped,,,gas,223,4,12748,,,4000,true,true,,3,,,10/18/22
10123578,house,house,950000,forsale,5020,usahyperequipped,,,gas,223,4,12748,,,4000,true,true,,3,,,10/18/22
10109487,house,house,990000,forsale,1160,usahyperequipped,1967,,gas,204,6,366,,,270,true,true,,1,1,,10/18/22
9903935,house,villa,999999,forsale,5580,hyperequipped,1959,asnew,gas,339,4,734,true,true,,true,true,,1,,,10/18/22
10041439,house,villa,1150000,forsale,8310,installed,2007,good,gas,147,4,1680,,,,,,,,2,,10/18/22
9486829,house,apartmentblock,1180000,forsale,1000,usainstalled,1905,good,gas,274,7,120,,true,,true,,,,,,10/18/22
10110487,house,exceptionalproperty,1198000,forsale,2018,hyperequipped,,asnew,gas,247,3,232,,true,,true,true,,2,2,,10/18/22
10112622,house,house,1290000,forsale,1170,,1930,good,,303,4,190,,true,,true,true,,1,1,,10/18/22
10128193,house,house,1295000,forsale,2590,installed,,good,gas,294,5,2823,true,true,,true,true,true,2,3,,10/18/22
10114103,house,countrycottage,1300000,forsale,9930,installed,,,,339,3,19919,,,,,,,1,,,10/18/22
10064389,house,villa,1350000,forsale,2630,hyperequipped,,asnew,,,5,5975,true,true,,true,,true,1,1,,10/18/22
10158669,house,exceptionalproperty,575000,forsale,3300,installed,1900,good,fueloil,494,6,2030,,true,,,,,6,,,10/18/22
10158668,house,house,249000,forsale,7500,,,,gas,304,4,130,,true,,,,,,,,10/18/22
10158667,house,house,295000,forsale,7622,,,,,98,4,0,,,,,,,1,,,10/18/22
10158665,house,house,205000,forsale,9280,semiequipped,1958,torenovate,fueloil,298,6,0,,true,383,true,,,,1,,10/18/22
10158664,house,house,630000,forsale,1570,installed,1996,good,fueloil,251,4,5500,,true,,true,true,,2,6,,10/18/22
10158663,house,house,499000,forsale,1570,installed,1996,good,fueloil,251,4,1000,,true,,true,true,,2,6,,10/18/22
10158655,house,house,285000,forsale,3980,installed,2003,good,gas,182,3,0,,,,true,,,2,1,,10/18/22
10110669,house,house,85000,forsale,4860,,,torenovate,,,4,140,,true,,true,,,,,,10/18/22
10063769,house,villa,1395000,forsale,3001,installed,1990,asnew,gas,252,5,2092,,true,,true,true,,1,6,,10/18/22
9776162,house,mixedusebuilding,1600000,forsale,1000,usahyperequipped,1930,good,gas,592,8,129,,true,,true,,,,,,10/18/22
10058588,house,exceptionalproperty,1750000,forsale,1950,usahyperequipped,1991,asnew,gas,184,6,2471,,,,true,true,,,8,,10/18/22
10060302,house,house,1950000,forsale,1410,hyperequipped,,good,gas,150,4,2300,,true,,true,true,true,4,6,,10/18/22
10005597,house,castle,1950000,forsale,3620,usahyperequipped,1910,asnew,,859,15,3254,,true,,true,true,,,20,,10/18/22
10127447,house,countrycottage,1995000,forsale,9700,installed,,asnew,gas,,7,5000,,true,,,,,,,,10/18/22
10073164,house,countrycottage,1995000,forsale,9700,installed,,asnew,gas,,7,5000,,true,,,,,,,,10/18/22
9972785,house,villa,2200000,forsale,9250,installed,1998,asnew,gas,212,7,4096,,,,,,true,3,,,10/18/22
10095077,house,villa,2750000,forsale,1950,,1955,tobedoneup,,517,6,5100,true,true,,true,true,,2,,,10/18/22
9993768,house,house,2850000,forsale,1420,usahyperequipped,,asnew,fueloil,236,5,5000,true,true,,true,true,,2,10,,10/18/22
8885482,house,villa,2950000,forsale,1180,hyperequipped,1980,justrenovated,gas,115,5,1980,,true,,,true,,2,2,,10/18/22
9893985,house,villa,3475000,forsale,1640,hyperequipped,1965,asnew,gas,169,6,3000,,true,,true,true,true,3,3,,10/18/22
9409948,house,castle,3950000,forsale,1000,hyperequipped,,asnew,,594,14,153030,true,true,150000,true,true,,5,10,,10/18/22
9422665,house,castle,3950000,forsale,1700,hyperequipped,,asnew,,594,14,153030,true,true,150000,true,true,,5,10,,10/18/22
9422666,house,castle,3950000,forsale,1740,hyperequipped,,asnew,,594,14,153030,true,true,150000,true,true,,5,10,,10/18/22
10011734,house,house,4395000,forsale,8300,hyperequipped,,justrenovated,gas,168,6,664,,,,,,,1,3,,10/18/22
10109715,house,house,5150000,forsale,2880,semiequipped,,tobedoneup,fueloil,669,4,420000,,,,true,,,,,,10/18/22
9977023,house,house,5900000,forsale,2360,usahyperequipped,2007,asnew,,134,7,77100,true,true,,true,true,,2,10,,10/18/22
10002304,house,house,7500000,forsale,1050,,1924,,gas,358,26,898,,true,,,,,4,18,,10/18/22
10158294,house,house,60000,forsale,5621,,,tobedoneup,fueloil,524,3,170,,,,true,,,,,,10/18/22
10158040,house,house,79000,forsale,4460,,1996,good,fueloil,180,3,1032,,true,927,true,,,1,,,10/18/22
10157903,house,house,347500,forsale,9870,installed,,asnew,gas,106,3,313,true,,,true,,,1,3,,10/18/22
10157630,house,house,544000,forsale,1790,hyperequipped,2022,,,,3,685,true,,,true,,,1,2,,10/18/22
10157629,house,house,549000,forsale,1790,hyperequipped,2022,,,,3,770,true,,,true,,,1,2,,10/18/22
10133117,house,house,594000,forsale,3370,installed,2014,asnew,,54,4,750,,,170,true,,,1,3,,10/18/22
10132147,house,house,595000,forsale,9250,installed,1998,asnew,gas,283,3,927,,,,,,,1,,,10/18/22
10133329,house,exceptionalproperty,1200000,forsale,1500,,1970,torenovate,fueloil,,3,14729,true,true,14729,true,true,,1,10,,10/18/22
10135087,house,house,150000,forsale,4030,,1957,tobedoneup,gas,450,4,179,,true,60,true,,,,,,10/18/22
10134705,house,house,229000,forsale,9000,,,good,gas,441,1,42,,true,,,,,,,,10/18/22
10135328,house,house,495000,forsale,1933,usainstalled,,good,gas,321,3,428,true,true,,,,,2,2,,10/18/22
10158669,house,exceptionalproperty,575000,forsale,3300,installed,1900,good,fueloil,494,6,2030,,true,,,,,6,,,10/18/22
10158668,house,house,249000,forsale,7500,,,,gas,304,4,130,,true,,,,,,,,10/18/22
10158667,house,house,295000,forsale,7622,,,,,98,4,0,,,,,,,1,,,10/18/22
10158665,house,house,205000,forsale,9280,semiequipped,1958,torenovate,fueloil,298,6,0,,true,383,true,,,,1,,10/18/22
10158664,house,house,630000,forsale,1570,installed,1996,good,fueloil,251,4,5500,,true,,true,true,,2,6,,10/18/22
10158663,house,house,499000,forsale,1570,installed,1996,good,fueloil,251,4,1000,,true,,true,true,,2,6,,10/18/22
10158655,house,house,285000,forsale,3980,installed,2003,good,gas,182,3,0,,,,true,,,2,1,,10/18/22
10110669,house,house,85000,forsale,4860,,,torenovate,,,4,140,,true,,true,,,,,,10/18/22
10135643,house,house,1475000,forsale,9300,installed,1972,asnew,fueloil,,1,1818,,true,,,true,,,18,,10/18/22
9619141,house,house,149000,forsale,7320,semiequipped,,,gas,,4,334,,,260,true,,,,,1,10/18/22
9619140,house,house,149000,forsale,7320,semiequipped,,,gas,,4,334,,,260,true,,,,,1,10/18/22
10092568,house,house,155000,forsale,5070,notinstalled,,torenovate,,542,3,90,true,,,true,,,,,,10/18/22
10138477,house,house,169000,forsale,9500,installed,,,gas,299,4,137,true,true,70,true,,,,,,10/18/22
10139707,house,house,215000,forsale,3550,installed,2005,good,,163,3,361,true,true,,,true,,,,,10/18/22
10140218,house,house,229000,forsale,8800,,1976,asnew,,554,3,210,,,150,true,,,1,1,,10/18/22
9950504,house,house,255800,forsale,7600,usainstalled,2022,,gas,,3,596,,,596,true,,,,3,1,10/18/22
9442767,house,house,359000,forsale,9400,hyperequipped,,asnew,gas,,3,511,,,,,,,1,1,1,10/18/22
9376143,house,house,359000,forsale,9406,hyperequipped,,asnew,gas,,3,511,,,,,,,1,1,1,10/18/22
10121585,house,house,381000,forsale,3945,hyperequipped,2022,justrenovated,gas,,3,343,true,,,,true,,,3,1,10/18/22
9977870,house,house,399000,forsale,8790,,2022,asnew,gas,,3,450,,,300,,,,,,1,10/18/22
10121566,house,house,399500,forsale,3945,hyperequipped,2022,asnew,gas,,3,461,true,,,,true,,,3,1,10/18/22
10139215,house,house,422000,forsale,9270,,1981,,,318,3,861,,,540,true,true,,1,2,,10/18/22
9649956,house,house,425000,forsale,3270,,2022,,gas,,4,517,,,,true,,,,1,1,10/18/22
9907469,house,house,445000,forsale,2470,usahyperequipped,2021,asnew,,30,3,341,,,,true,,,,2,1,10/18/22
9976048,house,house,455000,forsale,1653,hyperequipped,2022,asnew,gas,,4,145,,,55,true,,,1,,1,10/18/22
9907470,house,house,455000,forsale,2470,usahyperequipped,2021,asnew,,30,3,341,,,,true,,,,2,1,10/18/22
10103210,house,house,480000,forsale,6001,usahyperequipped,2022,asnew,gas,,3,815,,,,true,,,1,2,1,10/18/22
10138354,house,villa,499000,forsale,9260,hyperequipped,,good,,320,5,1442,true,true,1000,true,true,,1,4,,10/18/22
8534798,house,house,558500,forsale,3080,installed,2022,good,gas,40,3,566,,,,,true,,,,1,10/18/22
10138573,house,house,565000,forsale,3010,,,asnew,,,3,83,,true,,true,,,,,,10/18/22
10143879,house,house,125000,forsale,7080,,,tobedoneup,fueloil,417,2,250,,true,,,,,,,,10/18/22
10144727,house,house,175000,forsale,6940,,,torenovate,fueloil,693,2,260,true,true,,,,,,,,10/18/22
10143371,house,bungalow,225000,forsale,4420,,,tobedoneup,electric,764,2,706,,true,600,true,,,1,,,10/18/22
10143919,house,house,239000,forsale,6900,installed,,,gas,139,3,0,,,,true,,,,1,,10/18/22
10143298,house,house,250000,forsale,5300,,,torenovate,,,2,5329,true,true,5157,true,,,,10,,10/18/22
10143937,house,house,675000,forsale,2070,usahyperequipped,,asnew,gas,178,3,825,true,,680,true,,,1,2,,10/18/22
10142892,housegroup,housegroup,64400-370032.41,forsale,8850,,,,,,,,,,,,,,,,1,10/18/22
10146347,house,house,529000,forsale,8710,,2004,asnew,,228,7,801,,true,,true,,,1,,,10/18/22
10158669,house,exceptionalproperty,575000,forsale,3300,installed,1900,good,fueloil,494,6,2030,,true,,,,,6,,,10/18/22
10158668,house,house,249000,forsale,7500,,,,gas,304,4,130,,true,,,,,,,,10/18/22
10158667,house,house,295000,forsale,7622,,,,,98,4,0,,,,,,,1,,,10/18/22
10158665,house,house,205000,forsale,9280,semiequipped,1958,torenovate,fueloil,298,6,0,,true,383,true,,,,1,,10/18/22
10158664,house,house,630000,forsale,1570,installed,1996,good,fueloil,251,4,5500,,true,,true,true,,2,6,,10/18/22
10158663,house,house,499000,forsale,1570,installed,1996,good,fueloil,251,4,1000,,true,,true,true,,2,6,,10/18/22
10158655,house,house,285000,forsale,3980,installed,2003,good,gas,182,3,0,,,,true,,,2,1,,10/18/22
10110669,house,house,85000,forsale,4860,,,torenovate,,,4,140,,true,,true,,,,,,10/18/22
10149770,house,villa,645000,forsale,1380,semiequipped,1958,asnew,fueloil,417,5,1387,,true,800,true,true,,1,2,,10/18/22
10150605,house,house,162000,forsale,8552,installed,1938,good,,2238,2,414,,true,302,,,,,3,,10/18/22
9882747,house,mixedusebuilding,280000,forsale,7500,notinstalled,,,gas,385,2,220,,true,,,,,,,,10/18/22
10150375,house,countrycottage,295000,forsale,1861,,1934,tobedoneup,fueloil,616,3,2380,,,,,,,,,,10/18/22
10151055,house,house,350000,forsale,8600,,,good,,346,4,137,,true,,,true,,,,,10/18/22
10140093,house,villa,360000,forsale,1315,,2022,,,,4,950,,,,true,,,,3,1,10/18/22
10148894,house,apartmentblock,595000,forsale,2800,,,good,gas,510,4,105,,,,true,,,,,,10/18/22
10156292,house,house,70000,forsale,8400,,1918,tobedoneup,,939,1,90,,,,,,,,,,10/18/22
10155344,house,house,80000,forsale,5542,,,good,electric,844,1,41,,,,true,,,,,,10/18/22
10154743,house,house,90000,forsale,7100,installed,,good,fueloil,297,2,0,true,true,587,,,,,,,10/18/22
10155302,house,house,95000,forsale,5540,,,tobedoneup,,34740,2,373,,,373,,,,,1,,10/18/22
10155373,house,house,104500,forsale,5500,,,tobedoneup,gas,709,2,36,,true,,,,,,,,10/18/22
10155380,house,countrycottage,129995,forsale,5377,,,good,electric,891,2,66,true,true,,,,,,1,,10/18/22
10155367,house,house,130000,forsale,5542,,,asnew,electric,722,3,53,,,,true,,,,,,10/18/22
10155363,house,villa,160000,forsale,5680,,,tobedoneup,,267,5,1142,true,true,1142,,,,1,1,,10/18/22
10155390,house,house,180000,forsale,5580,,,tobedoneup,,549,4,338,,true,338,,,,1,,,10/18/22
10155850,house,house,195000,forsale,3300,installed,,tobedoneup,fueloil,480,3,221,,true,,true,true,,,1,,10/18/22
10155902,house,house,200000,forsale,5376,,,torenovate,,413,3,4301,true,true,4301,,,,1,,,10/18/22
10156894,house,house,239000,forsale,6180,usainstalled,,justrenovated,gas,267,4,204,,true,204,,,,,,,10/18/22
10155253,house,house,249000,forsale,6929,,,good,fueloil,407,2,2739,true,true,2521,true,,,1,1,,10/18/22
10155430,house,house,299000,forsale,5540,,,good,,184,5,300,,true,,,,,,,,10/18/22
10155958,house,exceptionalproperty,312750,forsale,9000,installed,,good,gas,,4,0,,,,,,,,,,10/18/22
9907017,house,house,325000,forsale,9700,,,,,1194,2,1460,,true,,,,,,,,10/18/22
10155532,house,house,395000,forsale,3390,installed,1964,,gas,242,3,1200,,,,,,,1,,,10/18/22
10155252,house,townhouse,395000,forsale,5555,,,good,fueloil,371,11,1064,,true,984,true,,,,1,,10/18/22
10155257,house,house,395000,forsale,5575,,,good,fueloil,327,7,944,true,true,875,true,,,1,1,,10/18/22
10049712,house,house,399000,forsale,2640,,1967,tobedoneup,,247,3,297,,,,,,,,,,10/18/22
10155461,house,house,549000,forsale,9040,installed,,asnew,gas,,4,0,true,true,,true,true,,1,,,10/18/22
10155244,house,villa,555000,forsale,5004,,,good,gas,384,5,1000,true,true,800,true,,,1,1,,10/18/22
10155241,house,villa,665000,forsale,5003,,,good,fueloil,219,5,1415,,true,,true,,true,1,1,,10/18/22
10158669,house,exceptionalproperty,575000,forsale,3300,installed,1900,good,fueloil,494,6,2030,,true,,,,,6,,,10/18/22
10158668,house,house,249000,forsale,7500,,,,gas,304,4,130,,true,,,,,,,,10/18/22
10158667,house,house,295000,forsale,7622,,,,,98,4,0,,,,,,,1,,,10/18/22
10158665,house,house,205000,forsale,9280,semiequipped,1958,torenovate,fueloil,298,6,0,,true,383,true,,,,1,,10/18/22
10158664,house,house,630000,forsale,1570,installed,1996,good,fueloil,251,4,5500,,true,,true,true,,2,6,,10/18/22
10158663,house,house,499000,forsale,1570,installed,1996,good,fueloil,251,4,1000,,true,,true,true,,2,6,,10/18/22
10158655,house,house,285000,forsale,3980,installed,2003,good,gas,182,3,0,,,,true,,,2,1,,10/18/22
10110669,house,house,85000,forsale,4860,,,torenovate,,,4,140,,true,,true,,,,,,10/18/22
10131130,house,house,219000,forsale,4870,,1968,tobedoneup,gas,214,4,263,,true,,,true,,,,,10/18/22
10131271,house,apartmentblock,699000,forsale,9050,,,good,gas,641,7,120,,,,,,,,,,10/18/22
10131002,house,villa,850000,forsale,8500,installed,,asnew,,333,4,1953,,true,,,,,2,4,,10/18/22
10133702,house,house,187000,forsale,8870,,1920,tobedoneup,gas,587,3,210,,,,,,,,,,10/18/22
10120953,house,house,300000,forsale,5020,installed,,good,fueloil,,6,563,true,true,400,true,,,,3,,10/18/22
10133661,house,mansion,1199000,forsale,8000,hyperequipped,,asnew,,130,6,330,,true,,true,,,,2,,10/18/22
10137942,house,house,209900,forsale,6044,installed,,,,330,3,0,,true,,,,,,,,10/18/22
10136528,house,house,220000,forsale,4101,installed,,good,gas,425,3,137,true,true,,true,true,,,3,,10/18/22
10136498,house,house,229000,forsale,9506,installed,1920,good,fueloil,566,4,310,true,,130,true,,,1,,,10/18/22
10099312,house,bungalow,274000,forsale,2560,,1968,torenovate,,487,2,5646,,,,,,,,,,10/18/22
10136562,house,bungalow,285000,forsale,4053,,1967,tobedoneup,fueloil,531,3,543,,,,true,,,,1,,10/18/22
10071799,house,house,365000,forsale,3010,,1958,torenovate,fueloil,610,3,500,,,,true,,,1,5,,10/18/22
10138052,house,house,545000,forsale,9600,,2021,,gas,,4,3244,,,,true,,,,,,10/18/22
10136710,house,villa,550000,forsale,3020,,2004,,,158,4,588,,,125,true,,,2,5,,10/18/22
10141679,house,house,130000,forsale,7050,,,torestore,fueloil,505,3,820,,,,,,,1,,,10/18/22
10140842,house,house,275000,forsale,1500,semiequipped,,tobedoneup,gas,434,4,93,true,true,,true,,,,,,10/18/22
10140843,house,house,275000,forsale,1502,semiequipped,,tobedoneup,gas,434,4,93,true,true,,true,,,,,,10/18/22
10140625,house,house,295000,forsale,9860,,1952,good,electric,231,4,251,,,150,true,,,1,,,10/18/22
10140701,house,house,342500,forsale,3110,installed,1980,tobedoneup,electric,657,2,800,,,,,,,1,5,,10/18/22
10140620,house,house,395000,forsale,9420,,1966,tobedoneup,,858,4,649,,,30,true,,,1,4,,10/18/22
10140722,house,mixedusebuilding,399000,forsale,9470,installed,1986,good,gas,112,0,0,true,,,,true,,,,,10/18/22
10140330,house,house,420000,forsale,9570,hyperequipped,1952,asnew,fueloil,258,5,2428,,true,,,,,,,,10/18/22
10140663,house,house,550000,forsale,1180,,,torenovate,,320,5,0,,,120,true,,,,,,10/18/22
10141053,house,house,715000,forsale,1330,usahyperequipped,1938,good,gas,278,3,1600,,true,,true,true,,,4,,10/18/22
10141682,house,house,750000,forsale,1450,,,good,fueloil,,5,876,,,876,true,true,,4,6,,10/18/22
10147227,house,villa,690000,forsale,1300,usahyperequipped,2021,asnew,gas,77,3,1600,,,1600,true,true,,1,10,,10/18/22
10140731,housegroup,housegroup,375000-445000,forsale,8500,,,,,,,,,,,,,,,,1,10/18/22
10140943,housegroup,housegroup,410000-440350,forsale,1450,,,,,,,,,,,,,,,,1,10/18/22
10145601,house,house,299000,forsale,9000,hyperequipped,,good,gas,230,5,62,,true,,true,,,,,,10/18/22
10145618,house,house,595000,forsale,1800,hyperequipped,1988,asnew,,236,5,0,,,,true,true,,1,2,,10/18/22
10158669,house,exceptionalproperty,575000,forsale,3300,installed,1900,good,fueloil,494,6,2030,,true,,,,,6,,,10/18/22
10158668,house,house,249000,forsale,7500,,,,gas,304,4,130,,true,,,,,,,,10/18/22
10158667,house,house,295000,forsale,7622,,,,,98,4,0,,,,,,,1,,,10/18/22
10158665,house,house,205000,forsale,9280,semiequipped,1958,torenovate,fueloil,298,6,0,,true,383,true,,,,1,,10/18/22
10158664,house,house,630000,forsale,1570,installed,1996,good,fueloil,251,4,5500,,true,,true,true,,2,6,,10/18/22
10158663,house,house,499000,forsale,1570,installed,1996,good,fueloil,251,4,1000,,true,,true,true,,2,6,,10/18/22
10158655,house,house,285000,forsale,3980,installed,2003,good,gas,182,3,0,,,,true,,,2,1,,10/18/22
10110669,house,house,85000,forsale,4860,,,torenovate,,,4,140,,true,,true,,,,,,10/18/22
10145994,house,villa,595000,forsale,9160,,1958,torenovate,,1250,3,7101,true,,5000,,,,2,6,,10/18/22
10063089,house,house,425000,forsale,1420,hyperequipped,1988,justrenovated,gas,,5,165,true,,165,true,true,,1,2,,10/18/22
10146851,house,house,289000,forsale,2060,,,asnew,gas,186,3,0,,true,,true,,,,,,10/18/22
10147305,house,house,299999,forsale,9200,,,justrenovated,gas,220,4,120,,,1,,,,,,,10/18/22
10147179,house,apartmentblock,1580000,forsale,1020,,,justrenovated,gas,,8,0,,,,,,,,,,10/18/22
10153470,house,house,265000,forsale,5360,,,good,,597,2,876,,,876,true,,,,1,,10/18/22
10153001,house,house,265000,forsale,9660,,1954,torenovate,,656,4,1022,,true,,,,,1,,,10/18/22
10152939,house,house,425000,forsale,9660,,,tobedoneup,fueloil,525,4,9045,,,,,,,,,,10/18/22
10152938,house,countrycottage,425000,forsale,9660,,,tobedoneup,fueloil,525,4,9045,,,,,,,,,,10/18/22
10141034,house,house,439242,forsale,7160,usahyperequipped,2021,asnew,gas,97,3,775,true,,,,,,,,1,10/18/22
10141035,house,house,445281,forsale,7160,usahyperequipped,2021,asnew,gas,107,3,496,true,,,,,,,,1,10/18/22
10154042,house,house,479000,forsale,8370,installed,,,gas,207,3,76,,,,,,,,,,10/18/22
10152476,house,mixedusebuilding,497000,forsale,2811,installed,,tobedoneup,gas,636,3,400,,,200,,,,,,,10/18/22
10151930,house,mansion,620000,forsale,6040,hyperequipped,,good,gas,322,3,2300,true,true,,true,true,,1,4,,10/18/22
10062983,house,house,65000,forsale,4860,,,torenovate,gas,662,3,90,true,,,true,,,,,,10/18/22
10086691,house,house,75000,forsale,1800,hyperequipped,,,gas,281,2,1660,,true,,true,,true,,1,,10/18/22
9956519,house,chalet,95000,forsale,5540,semiequipped,,,electric,,1,460,,true,,true,,,,4,,10/18/22
9956514,house,bungalow,95000,forsale,5540,semiequipped,,,electric,,1,460,,true,,true,,,,4,,10/18/22
9709572,house,house,95000,forsale,7300,,,torenovate,gas,455,3,311,,true,,,,,,,,10/18/22
9665645,house,house,115000,forsale,7080,,,torenovate,gas,626,3,590,,true,,,,,,,,10/18/22
9992856,house,house,115000,forsale,7370,,,tobedoneup,gas,522,3,160,,,,,,,,,,10/18/22
9665561,house,house,115000,forsale,7370,,,tobedoneup,gas,594,2,70,,,,,,,,,,10/18/22
9838628,house,house,117500,forsale,4860,,,torenovate,gas,554,3,130,,true,50,,,,,,,10/18/22
9977559,house,house,119000,forsale,4540,,,,fueloil,541,3,0,,true,,,,,,,,10/18/22
10041384,house,house,120000,forsale,4100,,1956,tobedoneup,gas,570,2,1102,,,,,,,,,,10/18/22
9952449,house,house,120000,forsale,7130,semiequipped,,tobedoneup,fueloil,477,3,420,,true,,true,,,,,,10/18/22
10095360,house,house,124000,forsale,2830,,,torenovate,gas,592,3,418,,true,,,,,,,,10/18/22
9906852,house,house,125000,forsale,7971,,,torenovate,fueloil,355,3,689,,true,,,,,1,,,10/18/22
10095368,house,house,136000,forsale,2830,,1951,torenovate,gas,289,3,435,,true,,true,,,,2,,10/18/22
9924223,house,house,145000,forsale,7301,,,tobedoneup,gas,402,2,254,,true,,,,,,,,10/18/22
10158669,house,exceptionalproperty,575000,forsale,3300,installed,1900,good,fueloil,494,6,2030,,true,,,,,6,,,10/18/22
10158668,house,house,249000,forsale,7500,,,,gas,304,4,130,,true,,,,,,,,10/18/22
10158667,house,house,295000,forsale,7622,,,,,98,4,0,,,,,,,1,,,10/18/22
10158665,house,house,205000,forsale,9280,semiequipped,1958,torenovate,fueloil,298,6,0,,true,383,true,,,,1,,10/18/22
10158664,house,house,630000,forsale,1570,installed,1996,good,fueloil,251,4,5500,,true,,true,true,,2,6,,10/18/22
10158663,house,house,499000,forsale,1570,installed,1996,good,fueloil,251,4,1000,,true,,true,true,,2,6,,10/18/22
10158655,house,house,285000,forsale,3980,installed,2003,good,gas,182,3,0,,,,true,,,2,1,,10/18/22
10110669,house,house,85000,forsale,4860,,,torenovate,,,4,140,,true,,true,,,,,,10/18/22
9665890,house,house,150000,forsale,7332,,,tobedoneup,fueloil,342,3,220,,,,true,,,1,,,10/18/22
9880096,house,house,153000,forsale,5060,semiequipped,,good,fueloil,568,2,16,,,,true,,,,,,10/18/22
10121473,house,house,155000,forsale,6141,installed,,tobedoneup,gas,356,5,337,,true,337,,,,1,,,10/18/22
10015760,house,house,159000,forsale,8600,semiequipped,,torenovate,,581,1,124,true,true,,true,,,,,,10/18/22
10129518,house,house,159000,forsale,9320,usainstalled,1900,tobedoneup,gas,401,1,80,,,,true,,,,,,10/18/22
10066907,house,house,165000,forsale,7110,notinstalled,,good,gas,689,2,210,true,true,,true,,,,,,10/18/22
9827573,house,house,165000,forsale,8434,,,torenovate,gas,532,0,106,,,,true,,,,,,10/18/22
10094663,house,house,165000,forsale,9000,installed,,torenovate,pellet,416,2,83,true,,,,,,,,,10/18/22
9903052,house,countrycottage,175000,forsale,7800,semiequipped,,torenovate,fueloil,675,1,1959,,true,,,,,1,,,10/18/22
10087135,house,house,175000,forsale,8400,installed,1959,good,,375,4,69,,true,11,,,,,,,10/18/22
9816575,house,house,185000,forsale,7000,installed,1850,tobedoneup,gas,,4,51,,true,,,,,,,,10/18/22
10109676,house,house,195000,forsale,1745,notinstalled,1955,,gas,,2,87,true,true,,true,,,1,1,,10/18/22
10048513,house,house,195000,forsale,8501,installed,1930,,,497,2,165,,true,,true,,,1,1,,10/18/22
10127349,house,house,198000,forsale,1080,,,torenovate,,,2,0,,,,true,true,,,,,10/18/22
10000074,house,house,199000,forsale,5377,installed,,,,93,3,543,,,,true,,,,,,10/18/22
10000073,house,house,199000,forsale,5377,installed,,,,83,3,495,,,,true,,,,,,10/18/22
10098217,house,house,199000,forsale,7170,installed,2011,asnew,gas,,2,190,,,108,true,,,,,,10/18/22
10114728,house,house,205000,forsale,4860,semiequipped,,good,gas,,5,111,true,true,30,true,true,,,,,10/18/22
10082003,house,house,206000,forsale,9900,,1935,good,gas,367,3,100,,,,,,,,,,10/18/22
9902575,house,mixedusebuilding,218000,forsale,7080,,,asnew,gas,85,2,135,,,,,,,,,,10/18/22
10106786,house,house,219000,forsale,9160,installed,1930,asnew,,373,3,95,,,,,,,,,,10/18/22
10098294,house,house,220000,forsale,2520,,1963,torenovate,fueloil,929,2,1154,true,,,,,,,,,10/18/22
9931908,house,house,225000,forsale,3300,installed,,good,,520,3,257,,true,98,true,,,1,,,10/18/22
9999395,house,house,225000,forsale,9900,,1931,tobedoneup,gas,589,3,166,,,,,,,,,,10/18/22
9719489,house,house,239000,forsale,4300,,,tobedoneup,fueloil,462,2,621,,,,,,,1,,,10/18/22
9571007,house,farmhouse,239000,forsale,4300,,,tobedoneup,fueloil,462,2,621,,,,,,,1,,,10/18/22
9994683,house,house,239000,forsale,8520,hyperequipped,,justrenovated,gas,,2,232,true,,180,true,,,,,,10/18/22
10064338,house,house,240000,forsale,4120,installed,1800,asnew,fueloil,,2,208,true,true,35,,true,,1,3,,10/18/22
10113817,house,house,240000,forsale,9230,installed,,good,,186,2,100,,,,true,true,,,,,10/18/22
10008111,house,house,242500,forsale,4217,installed,2022,,,,3,160,,,77,true,,,,,,10/18/22
10158669,house,exceptionalproperty,575000,forsale,3300,installed,1900,good,fueloil,494,6,2030,,true,,,,,6,,,10/18/22
10158668,house,house,249000,forsale,7500,,,,gas,304,4,130,,true,,,,,,,,10/18/22
10158667,house,house,295000,forsale,7622,,,,,98,4,0,,,,,,,1,,,10/18/22
10158665,house,house,205000,forsale,9280,semiequipped,1958,torenovate,fueloil,298,6,0,,true,383,true,,,,1,,10/18/22
10158664,house,house,630000,forsale,1570,installed,1996,good,fueloil,251,4,5500,,true,,true,true,,2,6,,10/18/22
10158663,house,house,499000,forsale,1570,installed,1996,good,fueloil,251,4,1000,,true,,true,true,,2,6,,10/18/22
10158655,house,house,285000,forsale,3980,installed,2003,good,gas,182,3,0,,,,true,,,2,1,,10/18/22
10110669,house,house,85000,forsale,4860,,,torenovate,,,4,140,,true,,true,,,,,,10/18/22
10008110,house,house,242500,forsale,4217,installed,2022,,,,3,170,,true,86,true,,,,,,10/18/22
9813040,house,house,245000,forsale,4000,,,torenovate,,388,10,0,,true,,true,,,,,,10/18/22
10087164,house,house,245000,forsale,9620,installed,1958,,,321,4,594,,true,432,,,,,1,,10/18/22
10125716,house,house,247000,forsale,1310,,1939,torenovate,gas,324,1,130,,true,,,,,,2,,10/18/22
10121944,house,house,249000,forsale,1500,,1932,,,,3,1826,,,,,,,,,,10/18/22
10055406,house,house,249000,forsale,2020,,,asnew,gas,260,3,51,true,,,,,,,,,10/18/22
9942984,house,house,249000,forsale,4280,installed,2003,good,gas,,2,527,,true,,,true,,1,5,,10/18/22
10120185,house,house,249000,forsale,4801,usainstalled,1933,justrenovated,gas,,5,275,,true,190,true,,,,,,10/18/22
10119072,house,house,249000,forsale,8460,installed,1964,good,,296,4,68,,,9,,,,,,,10/18/22
9945235,house,house,249000,forsale,8500,installed,1930,good,,300,4,80,,true,,,,,,,,10/18/22
10120578,house,house,249000,forsale,9300,semiequipped,1930,torenovate,,598,3,140,,,,true,,,,,,10/18/22
8803254,house,mixedusebuilding,250000,forsale,7022,,,torenovate,gas,630,7,530,,true,250,true,,,1,6,,10/18/22
8803253,house,apartmentblock,250000,forsale,7022,,,torenovate,gas,630,7,530,,true,250,true,,,1,6,,10/18/22
10000072,house,house,253000,forsale,5377,installed,,,,94,3,492,,,,true,,,,,,10/18/22
10113698,house,house,255000,forsale,8530,,,good,fueloil,,3,330,true,true,150,true,,,,,,10/18/22
10028213,house,house,255000,forsale,9160,hyperequipped,,asnew,gas,326,2,222,,,,true,,,,,,10/18/22
10008037,house,house,258000,forsale,3960,installed,1933,good,gas,346,4,272,true,true,,true,,,,3,,10/18/22
9863534,house,house,259000,forsale,9990,,1899,tobedoneup,gas,368,3,160,,,,,,,,,,10/18/22
9895196,house,house,260000,forsale,6700,notinstalled,,torenovate,,,5,521,,true,,,,,,,,10/18/22
10105171,house,house,263000,forsale,8870,installed,1957,good,,440,4,829,,,,,,,1,,,10/18/22
9866615,house,house,265000,forsale,8530,hyperequipped,,asnew,,298,4,135,,,,true,,,1,,,10/18/22
10093114,house,house,265000,forsale,9080,installed,,tobedoneup,,847,3,400,true,,150,,true,,1,4,,10/18/22
9986691,house,house,275000,forsale,1495,notinstalled,1951,,,,3,1011,,true,,true,,,1,,,10/18/22
10068237,house,house,275000,forsale,1500,,1900,,,,3,200,,,,,,,,,,10/18/22
10078782,house,house,275000,forsale,6530,usainstalled,2022,,,,3,310,,,,true,,,1,,,10/18/22
9858696,house,house,279000,forsale,8620,,1980,asnew,,307,4,277,,,,,,,,,,10/18/22
9731519,house,house,280000,forsale,4920,notinstalled,,torenovate,wood,,3,3996,true,true,3692,,true,,1,4,,10/18/22
10121462,house,house,285000,forsale,1440,,,justrenovated,gas,300,3,206,,,,,,,,,,10/18/22
10106814,house,house,285000,forsale,1500,,1954,,,,3,175,,,,,,,,,,10/18/22
10040323,house,house,285000,forsale,9700,,1935,torenovate,gas,,4,833,true,true,,,true,,2,,,10/18/22
10158669,house,exceptionalproperty,575000,forsale,3300,installed,1900,good,fueloil,494,6,2030,,true,,,,,6,,,10/18/22
10158668,house,house,249000,forsale,7500,,,,gas,304,4,130,,true,,,,,,,,10/18/22
10158667,house,house,295000,forsale,7622,,,,,98,4,0,,,,,,,1,,,10/18/22
10158665,house,house,205000,forsale,9280,semiequipped,1958,torenovate,fueloil,298,6,0,,true,383,true,,,,1,,10/18/22
10158664,house,house,630000,forsale,1570,installed,1996,good,fueloil,251,4,5500,,true,,true,true,,2,6,,10/18/22
10158663,house,house,499000,forsale,1570,installed,1996,good,fueloil,251,4,1000,,true,,true,true,,2,6,,10/18/22
10158655,house,house,285000,forsale,3980,installed,2003,good,gas,182,3,0,,,,true,,,2,1,,10/18/22
10110669,house,house,85000,forsale,4860,,,torenovate,,,4,140,,true,,true,,,,,,10/18/22
9932933,house,apartmentblock,289000,forsale,1090,,1946,,gas,389,2,0,,true,,true,,,,,,10/18/22
10101118,house,house,290000,forsale,7890,,1984,asnew,pellet,,3,1440,,,,true,,,1,,,10/18/22
10121295,house,villa,295000,forsale,1428,,1955,,gas,434,2,424,,true,424,,,,,,,10/18/22
10101855,house,house,295000,forsale,1435,,,good,gas,459,4,150,,,,,,,,,,10/18/22
9875285,house,mansion,295000,forsale,8400,installed,1931,good,,425,4,138,,true,46,,,,,,,10/18/22
9906835,house,house,295000,forsale,8430,installed,1962,torenovate,,341,3,157,,true,,,,,,,,10/18/22
9884793,house,house,295000,forsale,9550,installed,1974,asnew,gas,379,3,225,,,,,,,1,,,10/18/22
10115883,house,house,295000,forsale,9620,installed,1962,good,gas,330,3,270,true,true,,true,,,,,,10/18/22
10052626,house,house,295000,forsale,9950,,2009,good,gas,513,3,200,,,,,,,,,,10/18/22
10110942,house,house,298500,forsale,5540,,,justrenovated,pellet,241,3,1517,,true,1517,true,,,,,,10/18/22
10074069,house,house,299000,forsale,1600,,1911,tobedoneup,gas,416,2,248,true,true,,,,,,,,10/18/22
10104341,house,house,299000,forsale,8460,installed,1952,good,,268,3,414,,true,,,,,1,1,,10/18/22
10096299,house,house,299000,forsale,9250,notinstalled,1966,torenovate,,616,4,300,,,,true,true,,1,,,10/18/22
10098840,house,house,299000,forsale,9700,,,asnew,gas,231,1,73,,,,true,,,,,,10/18/22
9953832,house,house,299000,forsale,9920,,1967,torenovate,fueloil,939,2,772,,,,,,,,,,10/18/22
10120497,house,house,315000,forsale,3270,usahyperequipped,,justrenovated,,179,3,260,,,,true,,,,2,,10/18/22
9625404,house,house,319000,forsale,4122,installed,2013,justrenovated,electric,,2,69,true,true,,,true,,1,,,10/18/22
10119492,house,house,319000,forsale,8800,installed,2006,asnew,,123,4,210,,,,true,,,1,,,10/18/22
10072138,house,house,320000,forsale,7190,installed,,good,gas,305,4,1200,,true,826,true,,,1,,,10/18/22
10107985,house,house,325000,forsale,8792,installed,,good,,142,4,206,,,112,,,,1,2,,10/18/22
10024018,house,house,330000,forsale,4970,,1899,torestore,fueloil,516,5,780,,true,,,true,,,,,10/18/22
10127536,house,house,330000,forsale,9000,installed,,good,,138,3,100,,,24,true,true,,,,,10/18/22
10006832,house,house,339000,forsale,3400,installed,1972,good,,563,4,942,,,493,true,true,,,,,10/18/22
9460859,house,farmhouse,339000,forsale,4300,,,tobedoneup,fueloil,462,2,1620,,,,,,,1,,,10/18/22
10038452,house,house,340000,forsale,2440,,1962,asnew,gas,237,3,190,,true,190,true,,,,1,,10/18/22
10026408,house,house,345000,forsale,3806,installed,1991,,fueloil,215,3,323,,,,true,,,1,,,10/18/22
10100522,house,townhouse,349000,forsale,1070,installed,1965,,,522,3,70,,true,,true,,,,,,10/18/22
10044929,house,house,349000,forsale,1850,,,good,gas,289,4,265,,,,,,,,,,10/18/22
10052830,house,house,350000,forsale,5580,,,,,78,3,680,,,,,,,,,,10/18/22
10020044,house,mansion,355000,forsale,8500,installed,1850,,,96,4,54,,true,,true,,,,,,10/18/22
10158669,house,exceptionalproperty,575000,forsale,3300,installed,1900,good,fueloil,494,6,2030,,true,,,,,6,,,10/18/22
10158668,house,house,249000,forsale,7500,,,,gas,304,4,130,,true,,,,,,,,10/18/22
10158667,house,house,295000,forsale,7622,,,,,98,4,0,,,,,,,1,,,10/18/22
10158665,house,house,205000,forsale,9280,semiequipped,1958,torenovate,fueloil,298,6,0,,true,383,true,,,,1,,10/18/22
10158664,house,house,630000,forsale,1570,installed,1996,good,fueloil,251,4,5500,,true,,true,true,,2,6,,10/18/22
10158663,house,house,499000,forsale,1570,installed,1996,good,fueloil,251,4,1000,,true,,true,true,,2,6,,10/18/22
10158655,house,house,285000,forsale,3980,installed,2003,good,gas,182,3,0,,,,true,,,2,1,,10/18/22
10110669,house,house,85000,forsale,4860,,,torenovate,,,4,140,,true,,true,,,,,,10/18/22
10092914,house,house,359000,forsale,2050,hyperequipped,2014,asnew,,,3,128,,,59,true,,,,,,10/18/22
10095689,house,house,360000,forsale,1601,,1963,,,,4,189,,,,,,,,,,10/18/22
10127861,house,house,365000,forsale,8900,usainstalled,1967,asnew,fueloil,275,3,555,,true,,true,,,1,,,10/18/22
10079173,house,villa,365000,forsale,9340,installed,2008,asnew,gas,,3,402,,,305,true,true,,,,,10/18/22
10125717,house,house,375000,forsale,1310,,1958,torenovate,gas,331,3,1630,,true,,,,,,,,10/18/22
10124519,house,house,375000,forsale,3090,,1950,tobedoneup,gas,530,2,214,,true,,,true,,,,,10/18/22
10047838,house,house,385000,forsale,9300,hyperequipped,,asnew,gas,147,3,455,true,,,true,,,1,1,,10/18/22
10119417,house,villa,389000,forsale,7760,installed,,asnew,fueloil,293,4,1004,,true,,,,,1,,,10/18/22
10064735,house,house,395000,forsale,1500,,1850,,,,3,62,,,,,,,,,,10/18/22
9966838,house,house,395000,forsale,1853,,1930,torenovate,gas,532,3,369,,true,,true,,,,,,10/18/22
10121461,house,house,395000,forsale,1970,,1951,torestore,gas,794,2,395,,true,,,,,,,,10/18/22
10102682,house,house,395000,forsale,2990,installed,,justrenovated,gas,,4,480,,true,345,true,true,,,2,,10/18/22
10115897,house,house,395000,forsale,3040,,1966,torenovate,gas,539,4,740,,true,,,,,,,,10/18/22
9988554,house,mixedusebuilding,395000,forsale,3111,semiequipped,1978,,gas,399,0,608,,true,225,true,true,,,,,10/18/22
10122565,house,house,395000,forsale,9940,,1978,good,gas,433,3,670,,,,,,,,,,10/18/22
10089753,house,townhouse,398000,forsale,2170,installed,1982,justrenovated,gas,,4,124,,,45,true,,,1,2,,10/18/22
9876083,house,house,415000,forsale,1500,,1948,,,,6,1170,,,,,,,,,,10/18/22
9876080,house,house,415000,forsale,1500,,1948,,,,6,1170,,,,,,,,,,10/18/22
10110575,house,mansion,415000,forsale,5070,hyperequipped,,asnew,fueloil,,5,955,true,true,833,true,,,,,,10/18/22
9956267,house,house,420000,forsale,1120,installed,,,,727,4,0,,true,263,true,,,,,,10/18/22
9982952,house,villa,425000,forsale,1731,,1969,torenovate,gas,678,3,550,,,,true,,,,,,10/18/22
10102499,house,house,425000,forsale,9030,,1978,good,gas,208,3,356,,,,,,,,,,10/18/22
10078678,house,house,429000,forsale,9700,,1975,good,electric,884,3,1495,,,,,,,1,,,10/18/22
10032999,house,house,429000,forsale,9700,,1975,good,electric,884,3,1495,,,,,,,1,,,10/18/22
10125227,house,house,439000,forsale,7850,,2010,,,,5,714,,,,,,,,,,10/18/22
9937406,house,house,449000,forsale,2820,,2022,torenovate,gas,,6,1757,,true,,,true,,,3,,10/18/22
10068534,house,house,449000,forsale,9620,,1985,asnew,,466,4,514,,true,,,true,,1,,,10/18/22
9967414,house,house,450000,forsale,3040,,1930,torenovate,gas,618,4,1874,,true,,,,,,,,10/18/22
10102057,house,house,459000,forsale,9990,,1990,good,electric,457,4,884,,,,,,,,,,10/18/22
9928584,house,villa,469000,forsale,8670,installed,1993,,,281,4,637,,,,,,,2,4,,10/18/22
10158669,house,exceptionalproperty,575000,forsale,3300,installed,1900,good,fueloil,494,6,2030,,true,,,,,6,,,10/18/22
10158668,house,house,249000,forsale,7500,,,,gas,304,4,130,,true,,,,,,,,10/18/22
10158667,house,house,295000,forsale,7622,,,,,98,4,0,,,,,,,1,,,10/18/22
10158665,house,house,205000,forsale,9280,semiequipped,1958,torenovate,fueloil,298,6,0,,true,383,true,,,,1,,10/18/22
10158664,house,house,630000,forsale,1570,installed,1996,good,fueloil,251,4,5500,,true,,true,true,,2,6,,10/18/22
10158663,house,house,499000,forsale,1570,installed,1996,good,fueloil,251,4,1000,,true,,true,true,,2,6,,10/18/22
10158655,house,house,285000,forsale,3980,installed,2003,good,gas,182,3,0,,,,true,,,2,1,,10/18/22
10110669,house,house,85000,forsale,4860,,,torenovate,,,4,140,,true,,true,,,,,,10/18/22
10124419,house,house,469000,forsale,9620,installed,1957,tobedoneup,,579,2,1537,,true,1106,true,true,,1,,,10/18/22
10065570,house,countrycottage,475000,forsale,8460,installed,,good,,448,3,1000,,,1000,,,,2,,,10/18/22
10090330,house,house,485000,forsale,3020,installed,1966,,gas,425,3,769,true,true,320,true,,,1,,,10/18/22
9641137,house,house,485000,forsale,3210,,1930,tobedoneup,,378,6,3835,,,,,,,,,,10/18/22
10110476,house,villa,485000,forsale,8310,installed,1962,good,,273,4,765,,true,,true,,,1,2,,10/18/22
10038059,house,countrycottage,490000,forsale,7850,,1900,torestore,fueloil,366,5,959,,true,,,true,,1,,,10/18/22
10103066,house,house,490000,forsale,8480,installed,1951,,,424,3,714,,true,,,,,1,4,,10/18/22
10062409,house,house,493000,forsale,9000,,2022,asnew,gas,,2,0,,,,true,,,,,,10/18/22
10080978,house,house,495000,forsale,1500,,1966,,,,4,232,,,,,,,,,,10/18/22
10024971,house,house,495000,forsale,1500,,2006,,,,5,206,,,,,,,,,,10/18/22
10056346,house,villa,495000,forsale,8000,,1989,good,,203,3,569,,,,true,true,,2,2,,10/18/22
10032960,house,villa,495000,forsale,8000,,1989,good,,203,3,569,,,,true,true,,2,2,,10/18/22
10115188,house,house,499000,forsale,8430,installed,1998,good,,543,3,720,,,420,,,,2,2,,10/18/22
10104270,house,house,508000,forsale,3200,hyperequipped,2019,asnew,gas,177,3,707,,,487,,,,1,3,,10/18/22
10104839,house,mixedusebuilding,525000,forsale,2800,,1950,torenovate,,,3,195,,,100,,,,,,,10/18/22
10112624,house,house,525000,forsale,9240,hyperequipped,1995,asnew,,,4,527,true,,,true,,,1,5,,10/18/22
10078309,house,house,525000,forsale,9255,,1959,tobedoneup,gas,274,4,2379,true,true,,true,,,1,8,,10/18/22
10121943,house,house,535000,forsale,1500,,1938,,,,9,271,,,,,,,,,,10/18/22
10124511,house,house,549000,forsale,1640,,1919,,,,3,512,,,,,,,,,,10/18/22
10122557,house,villa,569000,forsale,9520,hyperequipped,,good,fueloil,343,4,1560,true,true,,true,,,1,1,,10/18/22
9864231,house,apartmentblock,575000,forsale,8930,,,torenovate,,227,6,438,,,,,,,9,,,10/18/22
10116959,house,house,575000,forsale,9900,usainstalled,,asnew,gas,228,4,348,,,117,true,,,,,,10/18/22
10121078,house,exceptionalproperty,579000,forsale,2570,installed,2001,asnew,gas,165,5,522,,,,,,,,2,,10/18/22
10121800,house,villa,589000,forsale,1500,installed,1994,good,,248,4,1900,,,,true,,,1,2,,10/18/22
10047137,house,exceptionalproperty,592000,forsale,9420,hyperequipped,2022,asnew,,,4,684,,,,true,true,,1,1,,10/18/22
10085651,house,villa,599000,forsale,9860,installed,1981,asnew,gas,192,5,1737,,true,,true,,,3,,,10/18/22
10085650,house,mixedusebuilding,599000,forsale,9860,installed,1981,asnew,gas,192,5,1737,,true,,true,,,3,,,10/18/22
10109182,house,villa,639500,forsale,3930,installed,2018,asnew,gas,,3,732,,,,,,,,2,,10/18/22
10009002,house,house,645000,forsale,2150,installed,,good,,300,6,0,,true,,true,,,,,,10/18/22
10099936,house,townhouse,650000,forsale,1170,installed,1913,tobedoneup,gas,,4,0,,,40,,,,,1,,10/18/22
10158669,house,exceptionalproperty,575000,forsale,3300,installed,1900,good,fueloil,494,6,2030,,true,,,,,6,,,10/18/22
10158668,house,house,249000,forsale,7500,,,,gas,304,4,130,,true,,,,,,,,10/18/22
10158667,house,house,295000,forsale,7622,,,,,98,4,0,,,,,,,1,,,10/18/22
10158665,house,house,205000,forsale,9280,semiequipped,1958,torenovate,fueloil,298,6,0,,true,383,true,,,,1,,10/18/22
10158664,house,house,630000,forsale,1570,installed,1996,good,fueloil,251,4,5500,,true,,true,true,,2,6,,10/18/22
10158663,house,house,499000,forsale,1570,installed,1996,good,fueloil,251,4,1000,,true,,true,true,,2,6,,10/18/22
10158655,house,house,285000,forsale,3980,installed,2003,good,gas,182,3,0,,,,true,,,2,1,,10/18/22
10110669,house,house,85000,forsale,4860,,,torenovate,,,4,140,,true,,true,,,,,,10/18/22
10069569,house,house,675000,forsale,1501,,1982,,,,5,3523,,,,,,,,,,10/18/22
10086564,house,villa,685000,forsale,4053,,1974,tobedoneup,fueloil,520,5,1249,,true,,true,,,,,,10/18/22
10056373,house,villa,695000,forsale,8600,installed,1950,good,,275,5,2134,,true,2000,,,,2,,,10/18/22
10110713,house,house,730000,forsale,4210,installed,,asnew,,316,4,3030,,true,,true,,,1,,,10/18/22
10098946,house,apartmentblock,740000,forsale,2020,installed,1956,tobedoneup,,258,3,219,,,,true,,,2,,,10/18/22
9527398,house,house,745000,forsale,1500,,1991,,,,4,3299,,,,,,,,,,10/18/22
10120597,house,villa,749000,forsale,2580,installed,1967,good,gas,396,6,1350,,,,,,,2,5,,10/18/22
10030247,house,house,750000,forsale,1200,usahyperequipped,1955,asnew,gas,,3,124,,true,50,true,,,2,1,,10/18/22
9637230,house,mixedusebuilding,750000,forsale,1435,installed,,justrenovated,gas,,0,678,,true,,,true,,,17,,10/18/22
9955334,house,exceptionalproperty,775000,forsale,9100,hyperequipped,1970,asnew,fueloil,261,3,456,,,,,,,,,,10/18/22
10093130,house,house,785000,forsale,9280,,1972,good,gas,353,6,2548,,true,,true,true,,2,5,,10/18/22
10081968,house,villa,785000,forsale,9990,,2003,good,electric,297,4,1998,,true,,,,true,,,,10/18/22
10115878,house,house,790000,forsale,3090,,1946,justrenovated,gas,149,3,3500,,true,,true,,,,,,10/18/22
10095109,house,villa,799000,forsale,2980,hyperequipped,,good,fueloil,460,4,5154,,,,true,,true,,1,,10/18/22
10116699,house,exceptionalproperty,849000,forsale,9991,,1998,justrenovated,gas,170,5,1751,,,,,,,,,,10/18/22
10107668,house,villa,885000,forsale,9450,hyperequipped,,asnew,gas,58,5,3073,true,,2800,true,,,,1,,10/18/22
10118508,house,house,945000,forsale,1180,,1948,,gas,234,5,350,,true,,true,true,,,,,10/18/22
9952363,house,villa,1049000,forsale,2160,installed,,asnew,gas,,3,998,true,,800,true,,,3,3,,10/18/22
9626039,house,exceptionalproperty,1250000,forsale,4851,hyperequipped,,asnew,fueloil,,10,11500,true,true,11500,true,true,,4,300,,10/18/22
10091478,house,apartmentblock,1260000,forsale,1030,installed,1924,good,,,12,278,,,,,,,,,,10/18/22
10014152,house,villa,1275000,forsale,9420,installed,,asnew,fueloil,398,4,7995,true,,,true,,true,1,1,,10/18/22
9322946,house,apartmentblock,1375000,forsale,1020,,1910,,,284,0,0,,true,,true,,,,,,10/18/22
10103966,house,apartmentblock,1495000,forsale,1190,notinstalled,1900,torenovate,gas,,7,0,,,,true,,,,,,10/18/22
9860304,house,villa,1495000,forsale,1400,hyperequipped,1880,,fueloil,452,7,10550,,true,10200,true,true,true,4,4,,10/18/22
10096690,house,apartmentblock,1500000,forsale,1950,,,asnew,gas,,6,790,,true,180,true,,,,10,,10/18/22
10095460,house,villa,1575000,forsale,1640,hyperequipped,1960,asnew,gas,,5,1013,,true,,true,,true,2,2,,10/18/22
9871852,house,apartmentblock,1626625,forsale,8500,,2022,,gas,,2,461,,,,true,,,,,,10/18/22
9953303,house,exceptionalproperty,1750000,forsale,1180,hyperequipped,,good,gas,,3,2300,,true,,true,,,1,8,,10/18/22
9860243,house,villa,1750000,forsale,1400,hyperequipped,1880,,fueloil,452,7,10550,,true,10200,true,true,true,4,4,,10/18/22
9860307,house,villa,1750000,forsale,7000,hyperequipped,1880,,fueloil,452,7,10550,,true,10200,true,true,true,4,4,,10/18/22
10158669,house,exceptionalproperty,575000,forsale,3300,installed,1900,good,fueloil,494,6,2030,,true,,,,,6,,,10/18/22
10158668,house,house,249000,forsale,7500,,,,gas,304,4,130,,true,,,,,,,,10/18/22
10158667,house,house,295000,forsale,7622,,,,,98,4,0,,,,,,,1,,,10/18/22
10158665,house,house,205000,forsale,9280,semiequipped,1958,torenovate,fueloil,298,6,0,,true,383,true,,,,1,,10/18/22
10158664,house,house,630000,forsale,1570,installed,1996,good,fueloil,251,4,5500,,true,,true,true,,2,6,,10/18/22
10158663,house,house,499000,forsale,1570,installed,1996,good,fueloil,251,4,1000,,true,,true,true,,2,6,,10/18/22
10158655,house,house,285000,forsale,3980,installed,2003,good,gas,182,3,0,,,,true,,,2,1,,10/18/22
10110669,house,house,85000,forsale,4860,,,torenovate,,,4,140,,true,,true,,,,,,10/18/22
10106177,house,castle,1950000,forsale,7120,,1782,good,fueloil,192,19,17000,,true,,,,,,,,10/18/22
10090825,house,exceptionalproperty,2495000,forsale,3080,hyperequipped,1964,torenovate,fueloil,331,6,18309,,true,,true,true,true,2,4,,10/18/22
9759474,house,villa,2600000,forsale,1150,usainstalled,2005,asnew,gas,208,8,1700,true,true,,true,true,,2,,,10/18/22
9981066,house,house,2780000,forsale,1040,usahyperequipped,2022,asnew,,,4,693,,true,500,true,true,,1,,,10/18/22
9924446,house,villa,2950000,forsale,1310,,2005,asnew,fueloil,,5,11050,,,,,true,true,,,,10/18/22
9762341,house,villa,3500000,forsale,1410,,1998,asnew,fueloil,325,6,5000,,true,,true,true,,3,10,,10/18/22
10082373,house,villa,4800000,forsale,1410,,1919,asnew,fueloil,325,6,10093,,true,,true,true,,3,10,,10/18/22
10157136,house,house,200000,forsale,9660,,,torenovate,,807,2,910,true,true,,,true,,,,,10/18/22
10157137,house,house,263000,forsale,9570,,,tobedoneup,fueloil,197,3,344,,true,,true,,,1,,,10/18/22
10121293,house,house,275000,forsale,1420,,,torenovate,fueloil,515,2,207,,,100,,true,,,,,10/18/22
10157723,house,villa,945000,forsale,3210,hyperequipped,1930,good,fueloil,,5,7230,,true,,true,true,,1,4,,10/18/22
10158487,house,townhouse,995000,forsale,1150,hyperequipped,1954,torenovate,,439,6,322,,true,165,true,,,1,2,,10/18/22
10138406,house,villa,495000,forsale,1332,installed,1976,good,gas,454,3,940,,,940,true,,,2,4,,10/18/22
10138957,house,villa,645000,forsale,1330,hyperequipped,1975,good,fueloil,415,5,1150,true,true,1150,true,true,,1,10,,10/18/22
10132596,house,house,180000,forsale,7110,installed,,good,gas,233,4,220,true,true,144,true,,,,,,10/18/22
10132880,house,house,319000,forsale,6250,installed,,justrenovated,gas,274,3,494,true,true,,true,true,,1,1,,10/18/22
10132621,house,house,545000,forsale,1348,hyperequipped,1982,good,gas,307,6,214,,,115,true,,,1,2,,10/18/22
9969021,house,villa,545000,forsale,9230,,1978,tobedoneup,,424,4,5438,,,5200,true,,,1,,,10/18/22
9970973,house,villa,545000,forsale,9230,,1978,tobedoneup,,424,4,5438,,,5200,true,,,1,,,10/18/22
10134607,house,house,275000,forsale,8770,hyperequipped,,asnew,fueloil,297,3,0,,true,,true,,,1,,,10/18/22
10134556,house,house,289000,forsale,8530,,1957,good,,216,4,239,,true,,,,,1,,,10/18/22
10135215,house,exceptionalproperty,295000,forsale,9040,installed,,good,gas,665,3,0,true,,,,,,,,,10/18/22
10140113,house,house,142500,forsale,7331,,,tobedoneup,fueloil,342,2,416,,true,,,,,1,,,10/18/22
8853640,house,house,214200,forsale,6030,usainstalled,2021,asnew,gas,,3,110,,,48,true,,,,,1,10/18/22
9110968,house,house,217500,forsale,6030,usainstalled,2021,asnew,gas,,3,126,,,64,true,,,,,1,10/18/22
9980139,house,villa,240000,forsale,6150,notinstalled,2022,,,,6,750,true,,500,true,true,,1,4,1,10/18/22
8853641,house,house,254700,forsale,6030,usainstalled,2021,asnew,gas,,3,273,,,198,true,,,,1,1,10/18/22
8853639,house,house,264000,forsale,6030,usainstalled,2021,asnew,gas,,3,210,,,126,true,,,,1,1,10/18/22
9953484,house,house,264900,forsale,4253,,2022,,gas,,3,596,true,,,,true,,,2,1,10/18/22
10019465,house,house,265000,forsale,7890,installed,2022,,,,3,0,,,,true,,,,,1,10/18/22
10158669,house,exceptionalproperty,575000,forsale,3300,installed,1900,good,fueloil,494,6,2030,,true,,,,,6,,,10/18/22
10158668,house,house,249000,forsale,7500,,,,gas,304,4,130,,true,,,,,,,,10/18/22
10158667,house,house,295000,forsale,7622,,,,,98,4,0,,,,,,,1,,,10/18/22
10158665,house,house,205000,forsale,9280,semiequipped,1958,torenovate,fueloil,298,6,0,,true,383,true,,,,1,,10/18/22
10158664,house,house,630000,forsale,1570,installed,1996,good,fueloil,251,4,5500,,true,,true,true,,2,6,,10/18/22
10158663,house,house,499000,forsale,1570,installed,1996,good,fueloil,251,4,1000,,true,,true,true,,2,6,,10/18/22
10158655,house,house,285000,forsale,3980,installed,2003,good,gas,182,3,0,,,,true,,,2,1,,10/18/22
10110669,house,house,85000,forsale,4860,,,torenovate,,,4,140,,true,,true,,,,,,10/18/22
10138510,house,house,299000,forsale,9470,usainstalled,1954,,fueloil,563,4,280,true,true,,true,,,1,3,,10/18/22
10125874,house,house,375030,forsale,9910,installed,2023,asnew,gas,,3,320,,,,,,,,,1,10/18/22
10081171,house,house,395000,forsale,1761,installed,2022,good,,,3,352,,,,,,,,,1,10/18/22
10074553,house,house,395000,forsale,1761,installed,2022,good,,,3,352,,,,,,,,,1,10/18/22
10140289,house,villa,395000,forsale,8531,,1996,asnew,,,4,606,,,,,,,,,,10/18/22
10128266,house,house,395000,forsale,9040,installed,2022,asnew,,,3,240,,,102,true,true,,1,1,1,10/18/22
10102388,house,house,415000,forsale,1745,installed,2021,,,,3,240,,,100,true,,,2,1,1,10/18/22
10102387,house,house,435000,forsale,1745,installed,2021,,,,3,240,,,100,true,,,2,1,1,10/18/22
10111966,house,house,440000,forsale,3460,,2022,,gas,,5,570,,,470,true,,,1,,1,10/18/22
10102389,house,house,445000,forsale,1745,installed,2021,,,,3,297,,,175,true,,,2,1,1,10/18/22
10043686,house,house,495000,forsale,9630,,2022,asnew,electric,30,4,144,,,,true,,,,1,1,10/18/22
10025701,house,house,655000,forsale,4053,,2022,asnew,electric,,3,800,,true,420,true,,,2,,1,10/18/22
10099522,house,exceptionalproperty,830000,forsale,9000,hyperequipped,2022,asnew,,,4,130,,,30,true,true,,1,1,1,10/18/22
10098507,house,house,139000,forsale,6140,,,tobedoneup,fueloil,310,3,200,,true,,,,,,,,10/18/22
10143511,house,house,172000,forsale,4802,installed,1975,good,electric,661,4,1985,,true,,,,,,,,10/18/22
10142982,house,mixedusebuilding,180000,forsale,4101,installed,,good,gas,531,4,80,true,true,,true,,,,,,10/18/22
10142779,house,house,199000,forsale,2500,semiequipped,,torenovate,,432,2,72,,,,,,,,,,10/18/22
10143305,house,house,285000,forsale,9052,,,good,gas,418,3,120,,,34,,,,,,,10/18/22
10144151,house,house,299000,forsale,1020,installed,1920,,gas,269,2,257,,true,170,true,,,,,,10/18/22
10144773,house,house,299000,forsale,6720,,,,fueloil,327,3,594,true,,,true,,,1,,,10/18/22
10144821,house,villa,575000,forsale,8434,hyperequipped,2007,,gas,142,3,854,,,,true,,,1,,,10/18/22
10092708,house,house,149000,forsale,9600,,,torenovate,,714,2,418,,,334,true,,,,,,10/18/22
10148525,house,house,240000,forsale,9000,,1928,torenovate,,331,4,75,,,,,,,,,,10/18/22
10150495,house,house,305000,forsale,1600,,,good,gas,459,3,115,,true,,true,,,,,,10/18/22
10150458,house,house,349000,forsale,8310,installed,1956,,,344,3,150,true,,,,,,,1,,10/18/22
10150646,house,house,350000,forsale,1030,,1928,torenovate,gas,519,4,0,,true,,,,,2,,,10/18/22
10136604,house,house,375000,forsale,1332,hyperequipped,1950,good,gas,359,3,233,,true,20,true,,,,3,,10/18/22
10149467,house,house,380000,forsale,4280,installed,2004,,fueloil,162,5,1268,,true,,,,true,,,,10/18/22
10150478,house,house,419000,forsale,8200,,1964,,fueloil,381,4,366,,true,,true,,,1,,,10/18/22
10138642,house,house,475000,forsale,2970,,2023,asnew,,,3,91,,true,18,true,true,,,,1,10/18/22
10158669,house,exceptionalproperty,575000,forsale,3300,installed,1900,good,fueloil,494,6,2030,,true,,,,,6,,,10/18/22
10158668,house,house,249000,forsale,7500,,,,gas,304,4,130,,true,,,,,,,,10/18/22
10158667,house,house,295000,forsale,7622,,,,,98,4,0,,,,,,,1,,,10/18/22
10158665,house,house,205000,forsale,9280,semiequipped,1958,torenovate,fueloil,298,6,0,,true,383,true,,,,1,,10/18/22
10158664,house,house,630000,forsale,1570,installed,1996,good,fueloil,251,4,5500,,true,,true,true,,2,6,,10/18/22
10158663,house,house,499000,forsale,1570,installed,1996,good,fueloil,251,4,1000,,true,,true,true,,2,6,,10/18/22
10158655,house,house,285000,forsale,3980,installed,2003,good,gas,182,3,0,,,,true,,,2,1,,10/18/22
10110669,house,house,85000,forsale,4860,,,torenovate,,,4,140,,true,,true,,,,,,10/18/22
10138644,house,house,509000,forsale,2970,hyperequipped,2023,asnew,,,3,131,,true,,true,,,,,1,10/18/22
10150917,house,villa,649000,forsale,4347,installed,2021,asnew,,,3,1875,true,,,true,true,,1,4,,10/18/22
10137575,house,villa,650000,forsale,1421,installed,1979,tobedoneup,gas,323,5,2206,true,true,1700,true,true,,3,8,,10/18/22
10138643,house,house,685000,forsale,2970,hyperequipped,2023,asnew,,,4,127,,true,,true,,,,,1,10/18/22
10154474,house,house,229000,forsale,9940,installed,1935,torenovate,,724,1,654,true,,,,,,1,,,10/18/22
10155959,house,exceptionalproperty,275000,forsale,9040,installed,,good,gas,496,2,70,true,,,true,true,,1,,,10/18/22
10155951,house,house,319000,forsale,9070,installed,,good,fueloil,806,2,1300,,,,,true,,1,,,10/18/22
10156635,house,house,379000,forsale,9040,,,,,226,4,62,,true,,,,,,,,10/18/22
10156258,house,house,600000,forsale,1495,installed,2005,,fueloil,169,4,1600,,,,true,,,3,3,,10/18/22
10051461,house,house,180000,forsale,5500,installed,,,gas,149,3,110,,true,,true,true,,,,,10/18/22
10076251,house,house,298000,forsale,8830,,1963,torenovate,gas,642,4,683,true,true,595,,,,1,1,,10/18/22
10130981,house,farmhouse,350000,forsale,8610,,1953,torenovate,,860,3,5868,,,,,,,1,,,10/18/22
10130304,house,house,399000,forsale,2140,hyperequipped,,asnew,gas,110,4,110,,true,40,true,,,,,,10/18/22
10132020,house,bungalow,495000,forsale,1640,semiequipped,1974,torenovate,gas,324,3,361,,true,,true,,,1,1,,10/18/22
10130647,house,countrycottage,749000,forsale,1800,usahyperequipped,1989,,gas,205,2,1253,true,true,,true,,,2,2,,10/18/22
10131869,house,villa,995000,forsale,9070,hyperequipped,1850,,fueloil,352,3,1590,,,,,,,1,8,,10/18/22
10149893,house,house,426388,forsale,2250,,2022,good,,,3,132,,,29,true,,,,,1,10/18/22
10149928,house,house,512200,forsale,2250,,2022,good,,,4,158,,,62,true,,,,,1,10/18/22
10135720,house,house,290000,forsale,9690,,1974,,fueloil,319,3,594,,,,,,,,,,10/18/22
10136783,house,house,299000,forsale,4101,installed,,good,gas,422,5,100,,true,,true,,,,,,10/18/22
10136781,house,apartmentblock,299000,forsale,4101,installed,,good,gas,422,5,100,,true,,true,,,,,,10/18/22
10136152,house,house,339000,forsale,7700,installed,2007,good,gas,125,3,515,true,,370,true,true,,1,2,,10/18/22
10136132,house,house,369000,forsale,1790,notinstalled,2022,asnew,,,4,294,true,,,true,,,1,3,,10/18/22
10136216,house,house,399000,forsale,1770,hyperequipped,1980,good,gas,240,4,0,true,,,true,true,,1,2,,10/18/22
10114752,house,house,750000,forsale,9700,,1930,good,fueloil,740,2,3010,,true,,true,,,2,1,,10/18/22
10136379,house,mansion,2800000,forsale,1050,,1920,,gas,251.709,6,284,,true,,true,true,,1,1,,10/18/22
10070469,house,mixedusebuilding,650000,forsale,1083,usahyperequipped,1940,good,gas,336,4,350,,true,,true,,,,,,10/18/22
10155898,house,villa,968000,forsale,3020,hyperequipped,2022,asnew,,,3,592,true,true,,,true,,1,2,1,10/18/22
10157678,house,bungalow,445000,forsale,1420,hyperequipped,1973,good,electric,555,2,681,true,,500,true,,,2,3,,10/18/22
10137013,housegroup,housegroup,374900-379900,forsale,9800,,,,,,,,,,,,,,,,1,10/18/22
10158669,house,exceptionalproperty,575000,forsale,3300,installed,1900,good,fueloil,494,6,2030,,true,,,,,6,,,10/18/22
10158668,house,house,249000,forsale,7500,,,,gas,304,4,130,,true,,,,,,,,10/18/22
10158667,house,house,295000,forsale,7622,,,,,98,4,0,,,,,,,1,,,10/18/22
10158665,house,house,205000,forsale,9280,semiequipped,1958,torenovate,fueloil,298,6,0,,true,383,true,,,,1,,10/18/22
10158664,house,house,630000,forsale,1570,installed,1996,good,fueloil,251,4,5500,,true,,true,true,,2,6,,10/18/22
10158663,house,house,499000,forsale,1570,installed,1996,good,fueloil,251,4,1000,,true,,true,true,,2,6,,10/18/22
10158655,house,house,285000,forsale,3980,installed,2003,good,gas,182,3,0,,,,true,,,2,1,,10/18/22
10110669,house,house,85000,forsale,4860,,,torenovate,,,4,140,,true,,true,,,,,,10/18/22
10141939,house,house,215000,forsale,2450,installed,1961,good,fueloil,453,3,1000,,,,,,,1,,,10/18/22
10140626,house,house,229000,forsale,9420,,1952,,,407,3,621,true,true,420,true,,,1,1,,10/18/22
10140318,house,house,395000,forsale,1420,,1976,good,gas,,4,304,,true,304,true,,,,,,10/18/22
10141450,house,villa,495000,forsale,1760,,1978,good,,336,4,635,,true,,true,,,1,,,10/18/22
10141759,house,house,495000,forsale,4458,,2018,,,63,3,0,,,300,true,,true,1,1,,10/18/22
10140648,house,house,499000,forsale,2040,installed,1986,good,,194,3,892,true,,,true,,,1,,,10/18/22
10140360,house,exceptionalproperty,650000,forsale,9000,hyperequipped,,asnew,gas,215,3,160,,,,,,,,,,10/18/22
10141099,house,villa,2245000,forsale,2500,hyperequipped,1994,asnew,fueloil,319,4,49140,,true,,true,true,,,8,,10/18/22
10145612,house,apartmentblock,225000,forsale,9255,hyperequipped,1999,good,gas,233,1,0,,,,,,,1,1,,10/18/22
10145303,house,house,275000,forsale,3300,,1939,,gas,334,4,105,,true,,true,,,,,,10/18/22
10146021,house,house,350000,forsale,1360,semiequipped,1875,tobedoneup,fueloil,,3,670,true,,,,true,,,2,,10/18/22
10145353,house,house,449000,forsale,2440,,2004,,electric,306,3,945,,,,true,,,1,,,10/18/22
10134295,house,villa,465000,forsale,1650,hyperequipped,1985,asnew,gas,272,3,493,true,,200,true,,,2,1,,10/18/22
10147762,house,mixedusebuilding,50000,forsale,4100,,,tobedoneup,gas,456,2,90,,,,,,,,,,10/18/22
10147815,house,house,135000,forsale,8370,,1930,torenovate,,388,6,99,,,,,,,,,,10/18/22
10147181,house,house,160000,forsale,7100,,,tobedoneup,gas,528,3,284,true,true,48,,,,1,,,10/18/22
10147456,house,house,180000,forsale,2590,,1970,tobedoneup,,819,2,320,,,,,,,1,,,10/18/22
10147125,house,house,225000,forsale,9506,,1938,torenovate,,679,3,3030,true,,,true,,,,,,10/18/22
10148078,house,mixedusebuilding,279000,forsale,1600,,1975,,,,2,0,,,,,,,,,,10/18/22
10147404,house,house,319900,forsale,2950,installed,,,gas,207,3,132,,,53,true,,,,,,10/18/22
10148013,house,house,390000,forsale,8000,installed,,asnew,gas,272,3,0,,true,,,,,,,,10/18/22
10147784,house,villa,480000,forsale,1800,,1950,good,,581,8,582,true,true,,,true,,1,,,10/18/22
10131754,house,house,195000,forsale,8880,,1930,,,377,3,85,,true,,,,,,,,10/18/22
10153035,house,house,235000,forsale,8880,,,asnew,,132,3,235,,,,,,,1,,,10/18/22
10151397,house,house,379000,forsale,2270,,1989,,,353,2,538,,,,,,,1,,,10/18/22
10152711,house,house,465000,forsale,9000,installed,,,,157,3,80,,,,,,,,,,10/18/22
10152960,house,house,510000,forsale,9000,,,asnew,gas,224,2,68,,,,,,,,,,10/18/22
10154006,house,house,649000,forsale,8300,,,torenovate,,487,5,180,,,,,,,,,,10/18/22
10152664,house,house,798500,forsale,3220,installed,,,,192,4,916,,true,,,,,1,4,,10/18/22
10110145,house,house,50000,forsale,4570,,,torenovate,fueloil,626,2,500,true,,,,,,,,,10/18/22
10158669,house,exceptionalproperty,575000,forsale,3300,installed,1900,good,fueloil,494,6,2030,,true,,,,,6,,,10/18/22
10158668,house,house,249000,forsale,7500,,,,gas,304,4,130,,true,,,,,,,,10/18/22
10158667,house,house,295000,forsale,7622,,,,,98,4,0,,,,,,,1,,,10/18/22
10158665,house,house,205000,forsale,9280,semiequipped,1958,torenovate,fueloil,298,6,0,,true,383,true,,,,1,,10/18/22
10158664,house,house,630000,forsale,1570,installed,1996,good,fueloil,251,4,5500,,true,,true,true,,2,6,,10/18/22
10158663,house,house,499000,forsale,1570,installed,1996,good,fueloil,251,4,1000,,true,,true,true,,2,6,,10/18/22
10158655,house,house,285000,forsale,3980,installed,2003,good,gas,182,3,0,,,,true,,,2,1,,10/18/22
10110669,house,house,85000,forsale,4860,,,torenovate,,,4,140,,true,,true,,,,,,10/18/22
10108479,house,house,55000,forsale,7730,,,torenovate,gas,424,2,311,,,,,,,,,,10/18/22
10088685,house,house,65000,forsale,6200,,,torenovate,,440,3,0,,,,true,,,,,,10/18/22
9989744,house,house,75000,forsale,4102,notinstalled,,good,gas,494,1,37,,,,,,,,,,10/18/22
10063694,house,house,75000,forsale,4420,,,torestore,,393,2,180,true,true,,,,,,,,10/18/22
9856750,house,house,75000,forsale,7134,semiequipped,,torenovate,pellet,458,3,848,,,,,,,2,6,,10/18/22
9916330,house,house,79000,forsale,6041,,1875,torenovate,gas,708,2,211,,true,,true,,,,,,10/18/22
10084949,house,house,80000,forsale,4020,,,good,gas,831,2,458,true,,,,,,,,,10/18/22
10099864,house,house,85000,forsale,3470,,1952,torenovate,fueloil,825,3,500,true,true,,,,,1,,,10/18/22
10045545,house,house,95000,forsale,7300,,,tobedoneup,gas,423,2,320,true,true,245,true,,,1,,,10/18/22
10124731,house,house,99000,forsale,5651,installed,,tobedoneup,fueloil,419,2,120,true,true,,true,,,,,,10/18/22
10012987,house,house,99000,forsale,6061,notinstalled,1875,,gas,511,2,330,true,true,,true,,,,,,10/18/22
10033053,house,house,99000,forsale,7080,installed,1920,good,gas,532,3,0,,true,,,,,,,,10/18/22
10028455,house,house,99999,forsale,6031,semiequipped,,good,gas,370,2,174,,true,80,true,,,1,1,,10/18/22
10008384,house,house,100000,forsale,9950,installed,1953,tobedoneup,gas,387,3,353,true,true,,true,,,1,2,,10/18/22
10084352,house,house,105000,forsale,9950,installed,1930,tobedoneup,gas,776,3,293,,true,,true,,,,1,,10/18/22
9941115,house,mixedusebuilding,109000,forsale,4800,notinstalled,,good,gas,224,3,0,,,,,true,,,,,10/18/22
9961552,house,house,110000,forsale,4000,usainstalled,,good,gas,200,1,0,,,,true,,,,,,10/18/22
10066003,house,house,115000,forsale,4030,,,good,gas,248,3,110,true,,,,,,,,,10/18/22
10122601,house,villa,115000,forsale,5190,installed,1973,good,fueloil,353,3,2510,,true,,true,true,,1,1,,10/18/22
9763942,house,house,122500,forsale,4560,notinstalled,,,,,2,875,,true,490,true,,,,2,,10/18/22
9763940,house,countrycottage,122500,forsale,4560,notinstalled,,,,,2,875,,true,490,true,,,,2,,10/18/22
10008248,house,house,125000,forsale,4101,,,torenovate,gas,481,2,204,true,true,62,true,true,,,,,10/18/22
9865220,house,house,125000,forsale,4900,notinstalled,,tobedoneup,,648,2,98,,true,,true,true,,,,,10/18/22
10024482,house,apartmentblock,125000,forsale,7120,notinstalled,,torenovate,gas,453,2,315,,true,,,,,,,,10/18/22
10024480,house,house,125000,forsale,7120,notinstalled,,torenovate,gas,453,2,315,,true,,,,,,,,10/18/22
10032151,house,house,125000,forsale,7340,,,tobedoneup,gas,410,3,199,,,,,,,1,,,10/18/22
9960443,house,house,130000,forsale,9300,installed,,torenovate,gas,457,4,70,true,true,,,,,,,,10/18/22
10028163,house,house,135000,forsale,7011,installed,,good,pellet,402,3,157,,true,100,true,,,,,,10/18/22
9916234,house,house,139000,forsale,6040,installed,,tobedoneup,gas,417,3,390,,,,,,,,,,10/18/22
10088601,house,house,140000,forsale,7012,,,tobedoneup,gas,368,3,80,,true,,,,,,,,10/18/22
10158669,house,exceptionalproperty,575000,forsale,3300,installed,1900,good,fueloil,494,6,2030,,true,,,,,6,,,10/18/22
10158668,house,house,249000,forsale,7500,,,,gas,304,4,130,,true,,,,,,,,10/18/22
10158667,house,house,295000,forsale,7622,,,,,98,4,0,,,,,,,1,,,10/18/22
10158665,house,house,205000,forsale,9280,semiequipped,1958,torenovate,fueloil,298,6,0,,true,383,true,,,,1,,10/18/22
10158664,house,house,630000,forsale,1570,installed,1996,good,fueloil,251,4,5500,,true,,true,true,,2,6,,10/18/22
10158663,house,house,499000,forsale,1570,installed,1996,good,fueloil,251,4,1000,,true,,true,true,,2,6,,10/18/22
10158655,house,house,285000,forsale,3980,installed,2003,good,gas,182,3,0,,,,true,,,2,1,,10/18/22
10110669,house,house,85000,forsale,4860,,,torenovate,,,4,140,,true,,true,,,,,,10/18/22
10085347,house,house,140000,forsale,7080,,,tobedoneup,fueloil,372,2,174,,true,,,,,,,,10/18/22
10029268,house,house,140000,forsale,7100,semiequipped,,good,gas,463,3,520,true,true,464,true,,,,,,10/18/22
10077693,house,house,149000,forsale,6940,installed,,good,pellet,913,1,516,,,,,,,1,,,10/18/22
9959796,house,house,149000,forsale,8908,,1930,,carbon,1252,4,243,,true,75,,,,1,,,10/18/22
9470705,house,house,150000,forsale,5060,notinstalled,,justrenovated,pellet,287,2,0,,,,,,,1,1,,10/18/22
10088950,house,house,150000,forsale,6230,installed,,good,fueloil,552,3,355,true,,,true,true,,1,,,10/18/22
9143605,house,mixedusebuilding,150000,forsale,7110,installed,,torenovate,gas,509,3,540,true,true,,,,,,,,10/18/22
10084351,house,house,150000,forsale,9950,installed,1959,good,fueloil,525,3,300,true,true,,true,,,1,2,,10/18/22
9881170,house,house,155000,forsale,4102,semiequipped,,tobedoneup,gas,395,5,362,true,true,195,true,true,,,,,10/18/22
9983746,house,house,159000,forsale,6061,,1850,good,gas,381,3,290,true,true,,true,,,2,4,,10/18/22
10037475,house,house,159000,forsale,8530,,1918,justrenovated,gas,447,3,75,,,,,,,,,,10/18/22
9873098,house,house,159500,forsale,4101,installed,,good,gas,540,4,115,,true,,true,,,1,,,10/18/22
10102774,house,house,160000,forsale,1410,installed,,torenovate,gas,242,3,197,,true,,,,,,,,10/18/22
10014806,house,house,160000,forsale,4800,,,torenovate,gas,325,4,109,true,true,,,true,,,,,10/18/22
10125952,house,house,160000,forsale,9700,,1918,torenovate,,499,3,81,true,true,,true,,,,,,10/18/22
9990168,house,house,160000,forsale,9950,installed,1962,good,gas,552,3,413,true,true,,true,,,1,1,,10/18/22
10120926,house,house,165000,forsale,4100,semiequipped,1958,tobedoneup,fueloil,,3,0,,true,325,true,,,3,,,10/18/22
9529479,house,house,165000,forsale,4860,semiequipped,,good,gas,321,4,0,true,true,120,true,,,2,,,10/18/22
10107449,house,house,165000,forsale,6032,installed,,asnew,gas,366,3,291,true,true,,true,,,,,,10/18/22
9728418,house,house,165000,forsale,7012,,,tobedoneup,fueloil,316,3,400,,true,,,,,,,,10/18/22
10102665,house,villa,165000,forsale,7160,installed,,good,gas,504,2,515,,true,,true,,,1,1,,10/18/22
9870891,house,house,170000,forsale,6700,notinstalled,,,,,2,77,,true,,,,,,,,10/18/22
10099030,house,villa,175000,forsale,2980,installed,1998,asnew,gas,209,2,1255,true,,,true,,,1,6,,10/18/22
10103526,house,house,175000,forsale,5070,,,tobedoneup,fueloil,557,3,0,,,,true,,,1,,,10/18/22
10063043,house,house,175000,forsale,6220,installed,,asnew,fueloil,283,4,200,,true,,true,,,,,,10/18/22
10016446,house,house,179000,forsale,8830,,,good,gas,346,3,339,,true,,,,,1,,,10/18/22
9822858,house,house,179000,forsale,8870,installed,,good,gas,420,3,0,true,,,true,,,,,,10/18/22
10060233,house,bungalow,180000,forsale,5621,installed,,torenovate,fueloil,594,2,1294,true,,1100,true,,,,,,10/18/22
10088400,house,house,180000,forsale,6221,installed,,good,gas,211,2,0,,,,,,,,,,10/18/22
9871784,house,house,180000,forsale,6940,installed,,tobedoneup,fueloil,489,3,433,true,true,,,,,,,,10/18/22
10158694,house,house,375000,forsale,5020,,,,,451,4,0,,,,true,,,1,,,10/18/22
10158691,house,house,299000,forsale,9420,installed,,good,gas,,3,317,true,true,105,,,,,1,,10/18/22
10158689,apartment,apartment,349000,forsale,2000,installed,1996,good,gas,151,3,,,,,,,,1,1,,10/18/22
10158687,house,house,495000,forsale,1932,,,good,,,4,0,,,,,,,,,,10/18/22
10152494,apartmentgroup,apartmentgroup,280000-635000,forsale,8450,,,,,,,,,,,,,,,,1,10/18/22
10158685,house,house,349000,forsale,2950,,1984,,,186,3,195,,,,,true,,1,,,10/18/22
10158678,house,villa,2750000,forsale,1380,hyperequipped,1960,asnew,fueloil,407,7,37000,true,true,2500,true,true,true,2,10,,10/18/22
10158676,house,house,159000,forsale,4100,semiequipped,,torenovate,gas,278,2,365,,true,254,true,true,,,,,10/18/22
9920750,house,house,180000,forsale,7300,,,good,gas,523,3,0,true,true,,,,,1,,,10/18/22
10061138,house,house,184000,forsale,4460,,,good,fueloil,325,2,451,true,true,378,true,,,,,,10/18/22
9939822,house,house,185000,forsale,4460,installed,,good,fueloil,412,2,0,,,70,true,,,,,,10/18/22
10129059,house,house,185000,forsale,4683,,,,fueloil,547,2,0,,true,,,,,,,,10/18/22
9920988,house,house,185000,forsale,7090,,,good,gas,550,2,100,true,true,37,,,,,,,10/18/22
10049570,house,house,189000,forsale,4102,installed,,good,gas,288,5,301,true,true,140,true,true,,,,,10/18/22
10094415,house,house,189000,forsale,4160,notinstalled,,tobedoneup,fueloil,457,3,343,true,true,,,,,1,,,10/18/22
10059342,house,house,190000,forsale,4000,installed,,tobedoneup,pellet,353,2,90,,,,true,,,,1,,10/18/22
9906656,house,house,190000,forsale,7190,installed,1971,justrenovated,gas,359,3,200,,true,10,true,,,,2,,10/18/22
9725933,house,house,190000,forsale,7503,installed,,good,gas,308,4,0,,true,,,,,,,,10/18/22
10092694,house,house,195000,forsale,7110,usainstalled,,good,gas,456,3,499,,true,,true,,,,2,,10/18/22
10066908,house,house,195000,forsale,7110,installed,,good,gas,432,3,0,true,true,,true,true,,2,2,,10/18/22
10119992,house,house,195000,forsale,9000,hyperequipped,,good,gas,340,2,50,,,,true,,,,,,10/18/22
9682107,house,mixedusebuilding,198000,forsale,4602,,,,gas,681,3,0,,true,,true,,,1,,,10/18/22
10073998,house,house,198000,forsale,9300,semiequipped,,tobedoneup,gas,473,3,111,,true,,true,,,,,,10/18/22
9898297,house,house,199000,forsale,2830,,1850,torenovate,gas,432,2,210,,,120,,,,,,,10/18/22
10099507,house,house,199000,forsale,4040,,,good,gas,220,3,0,,,,true,,,,,,10/18/22
9938942,house,house,199000,forsale,4480,installed,,justrenovated,gas,388,2,440,,true,,true,true,,,,,10/18/22
9875286,house,house,199000,forsale,8460,installed,1956,torenovate,gas,970,3,462,,true,216,,,,,,,10/18/22
10125623,house,house,199000,forsale,9300,installed,1950,justrenovated,gas,162,3,50,,,,true,,,,,,10/18/22
10126031,house,house,199000,forsale,9340,installed,,torenovate,fueloil,550,3,180,true,true,,true,,,,1,,10/18/22
10007818,house,house,200000,forsale,7370,,,tobedoneup,,712,3,370,true,true,262,true,true,,,1,,10/18/22
10002148,house,house,205000,forsale,4530,semiequipped,,good,pellet,265,2,375,true,true,250,true,,,,1,,10/18/22
10021938,house,house,208000,forsale,6769,semiequipped,1920,,,382,5,149,,true,,,,,1,,,10/18/22
10019362,house,house,210000,forsale,4030,installed,,asnew,gas,198,2,155,true,true,,true,,,,,,10/18/22
9983332,house,house,210000,forsale,4100,installed,,asnew,fueloil,330,4,80,true,true,33,true,,,,,,10/18/22
9808056,house,house,210000,forsale,6760,,,torenovate,,635,3,800,,true,,,,,1,,,10/18/22
10114871,house,house,215000,forsale,3300,,1953,tobedoneup,gas,491,2,198,true,true,,true,,,1,1,,10/18/22
9879250,house,house,215000,forsale,4032,installed,,good,gas,291,3,360,true,true,211,true,,,,,,10/18/22
9880311,house,house,215000,forsale,9520,,,,gas,332,2,290,true,,,true,,,1,,,10/18/22
10158694,house,house,375000,forsale,5020,,,,,451,4,0,,,,true,,,1,,,10/18/22
10158691,house,house,299000,forsale,9420,installed,,good,gas,,3,317,true,true,105,,,,,1,,10/18/22
10158689,apartment,apartment,349000,forsale,2000,installed,1996,good,gas,151,3,,,,,,,,1,1,,10/18/22
10158687,house,house,495000,forsale,1932,,,good,,,4,0,,,,,,,,,,10/18/22
10152494,apartmentgroup,apartmentgroup,280000-635000,forsale,8450,,,,,,,,,,,,,,,,1,10/18/22
10158685,house,house,349000,forsale,2950,,1984,,,186,3,195,,,,,true,,1,,,10/18/22
10158678,house,villa,2750000,forsale,1380,hyperequipped,1960,asnew,fueloil,407,7,37000,true,true,2500,true,true,true,2,10,,10/18/22
10158676,house,house,159000,forsale,4100,semiequipped,,torenovate,gas,278,2,365,,true,254,true,true,,,,,10/18/22
10012989,house,house,219000,forsale,5650,installed,,good,fueloil,340,3,158,,true,,true,,,,,,10/18/22
10096725,house,house,219000,forsale,9550,,1962,tobedoneup,,532,3,317,,true,,true,,,1,2,,10/18/22
10031653,house,house,219000,forsale,9700,,,,gas,872,3,208,,true,,true,,,1,,,10/18/22
9962937,house,house,220000,forsale,4000,semiequipped,,tobedoneup,gas,410,4,0,,,78,true,,,1,,,10/18/22
9969464,house,house,220000,forsale,6792,,1930,tobedoneup,,372,3,142,true,,84,true,,,1,2,,10/18/22
10055447,house,house,220000,forsale,7012,,,tobedoneup,fueloil,372,3,914,,true,,,,,1,,,10/18/22
10113791,house,house,220000,forsale,9600,installed,,justrenovated,gas,142,3,240,,true,,true,,,,,,10/18/22
10088025,house,house,225000,forsale,9255,,1961,justrenovated,,300,2,50,true,,,true,,,,,,10/18/22
9726496,house,house,229000,forsale,4040,notinstalled,,good,gas,798,4,94,,true,,true,,,,,,10/18/22
9950908,house,house,229000,forsale,7730,semiequipped,,torenovate,gas,596,4,1110,,,,,,,1,3,,10/18/22
9903933,house,villa,235000,forsale,6953,semiequipped,,good,fueloil,679,3,800,true,,800,,,,,2,,10/18/22
9930022,house,house,239000,forsale,6150,installed,2010,,gas,87,3,178,,,,true,true,,1,,,10/18/22
10042457,house,bungalow,239000,forsale,6941,installed,,asnew,fueloil,547,3,751,,,,,,,1,,,10/18/22
9902717,house,house,239000,forsale,9300,hyperequipped,,justrenovated,gas,128,2,40,,,,true,,,,,,10/18/22
10006969,house,house,240000,forsale,6940,notinstalled,,good,fueloil,505,3,403,,true,,true,true,,2,,,10/18/22
9982715,house,house,245000,forsale,6940,installed,,tobedoneup,fueloil,429,3,1130,true,true,,,,,1,,,10/18/22
10103765,house,house,249000,forsale,2340,,1960,torenovate,fueloil,961,3,300,true,true,,true,,,1,1,,10/18/22
10099138,house,villa,249000,forsale,7141,usainstalled,1998,tobedoneup,gas,263,5,0,,,,true,true,,,,,10/18/22
9971182,house,house,250000,forsale,1410,notinstalled,,torenovate,fueloil,423,2,219,true,true,,,,,1,,,10/18/22
10121982,house,house,250000,forsale,1460,installed,,asnew,gas,389,3,640,,,516,true,,,1,1,,10/18/22
10111671,house,apartmentblock,250000,forsale,5500,semiequipped,,torenovate,fueloil,898,5,270,,,,true,,,,1,,10/18/22
10005615,house,house,250000,forsale,6900,,,good,,434,4,1182,,true,169,true,true,,3,3,,10/18/22
10120626,house,house,250000,forsale,9000,installed,,torenovate,gas,306,4,67,,,,,,,,,,10/18/22
9830216,house,house,251000,forsale,4040,,,,gas,424,3,0,,true,285,true,,,1,,,10/18/22
10088798,house,house,255000,forsale,6760,installed,,justrenovated,fueloil,363,3,230,true,true,100,true,,,,,,10/18/22
9640922,house,house,255000,forsale,8530,,2012,asnew,gas,154,3,75,,,,,,,,,,10/18/22
10128271,house,house,259000,forsale,2180,,,good,gas,470,2,197,true,true,70,true,,,,,,10/18/22
9822825,house,apartmentblock,259000,forsale,4000,installed,,good,gas,220,4,0,,true,,,true,,,,,10/18/22
10076033,house,mixedusebuilding,259000,forsale,4980,installed,,asnew,fueloil,384,4,75,,true,,,,,,,,10/18/22
10004737,house,house,259000,forsale,6941,installed,,good,electric,571,4,240,,,,,,,1,,,10/18/22
10158694,house,house,375000,forsale,5020,,,,,451,4,0,,,,true,,,1,,,10/18/22
10158691,house,house,299000,forsale,9420,installed,,good,gas,,3,317,true,true,105,,,,,1,,10/18/22
10158689,apartment,apartment,349000,forsale,2000,installed,1996,good,gas,151,3,,,,,,,,1,1,,10/18/22
10158687,house,house,495000,forsale,1932,,,good,,,4,0,,,,,,,,,,10/18/22
10152494,apartmentgroup,apartmentgroup,280000-635000,forsale,8450,,,,,,,,,,,,,,,,1,10/18/22
10158685,house,house,349000,forsale,2950,,1984,,,186,3,195,,,,,true,,1,,,10/18/22
10158678,house,villa,2750000,forsale,1380,hyperequipped,1960,asnew,fueloil,407,7,37000,true,true,2500,true,true,true,2,10,,10/18/22
10158676,house,house,159000,forsale,4100,semiequipped,,torenovate,gas,278,2,365,,true,254,true,true,,,,,10/18/22
10052876,house,house,259900,forsale,4400,hyperequipped,,,gas,157,3,555,,,300,true,,true,2,1,,10/18/22
10027491,house,house,260000,forsale,4480,installed,,good,fueloil,523,3,1795,true,true,,true,true,,,,,10/18/22
10040898,house,house,260000,forsale,6750,hyperequipped,,,fueloil,511,2,933,,true,660,,,,,2,,10/18/22
10082478,house,house,265000,forsale,3070,,1950,torenovate,gas,490,3,362,true,true,,,true,,1,,,10/18/22
10012362,house,house,269000,forsale,3830,,1965,torenovate,fueloil,765,3,1074,,,,,,,1,,,10/18/22
9976216,house,house,269000,forsale,9550,,,,gas,695,5,71,,true,,,,,1,,,10/18/22
9946125,house,townhouse,270000,forsale,9230,notinstalled,,tobedoneup,gas,508,3,322,true,,,true,,,1,2,,10/18/22
10070804,house,house,270000,forsale,9660,,1900,torenovate,fueloil,907,3,2154,true,true,,true,,,,,,10/18/22
9862773,house,bungalow,275000,forsale,4400,installed,,good,pellet,386,2,1200,true,,340,true,,true,,6,,10/18/22
10109945,house,house,275000,forsale,9550,usahyperequipped,1946,tobedoneup,gas,283,3,545,true,true,,true,true,,1,4,,10/18/22
10057533,house,mixedusebuilding,279900,forsale,2140,installed,,good,gas,464,3,110,,true,34,,,,,,,10/18/22
10119370,house,house,279900,forsale,9000,installed,,good,gas,429,4,45,,,,,,,,,,10/18/22
10055175,house,house,280000,forsale,4031,,,good,fueloil,393,5,247,,,136,true,,,,,,10/18/22
10003891,house,house,280000,forsale,9230,,,tobedoneup,,661,4,493,,true,,,,,1,,,10/18/22
10076362,house,villa,285000,forsale,1700,installed,,tobedoneup,gas,435,4,336,,true,,,true,,,,,10/18/22
9875389,house,house,285000,forsale,6941,notinstalled,,torenovate,fueloil,401,5,1125,,,,,,,,,,10/18/22
10036146,house,townhouse,285000,forsale,7700,installed,1930,asnew,gas,179,5,186,,true,186,true,,,,,,10/18/22
9995179,house,house,285000,forsale,9630,,,,fueloil,1009,4,1496,,true,,true,,,1,,,10/18/22
10052863,house,house,289000,forsale,4430,installed,,good,fueloil,441,3,120,,true,,,true,,1,,,10/18/22
9941940,house,house,295000,forsale,1300,installed,,,gas,239,3,70,,true,,,,,,,,10/18/22
10129510,house,townhouse,295000,forsale,1480,installed,,good,gas,226,2,192,true,true,120,true,,,1,,,10/18/22
9359959,house,house,295000,forsale,4041,,,,fueloil,361,5,0,,true,108,true,,,1,,,10/18/22
10125578,house,house,295000,forsale,4420,installed,1975,asnew,gas,83868,4,0,,true,300,true,true,,2,3,,10/18/22
10111406,house,house,295000,forsale,5004,notinstalled,,tobedoneup,fueloil,496,2,460,,true,,true,,,1,1,,10/18/22
9635797,house,house,295000,forsale,8434,,1970,asnew,gas,305,4,155,,,,true,,,,,,10/18/22
9943751,house,house,295000,forsale,9506,installed,,torenovate,,945,6,506,true,true,,true,true,,2,2,,10/18/22
10104973,house,mixedusebuilding,296055,forsale,8540,,,,,,3,142,,,,true,,,,,,10/18/22
10051108,house,house,298000,forsale,6791,,1937,,,476,3,270,,true,,,,,1,,,10/18/22
10049994,house,house,299000,forsale,1740,semiequipped,1968,good,fueloil,566,3,235,true,true,22,true,,,,,,10/18/22
10118957,house,house,299000,forsale,2590,installed,1981,good,gas,294,3,531,true,true,275,true,,,1,2,,10/18/22
10158694,house,house,375000,forsale,5020,,,,,451,4,0,,,,true,,,1,,,10/18/22
10158691,house,house,299000,forsale,9420,installed,,good,gas,,3,317,true,true,105,,,,,1,,10/18/22
10158689,apartment,apartment,349000,forsale,2000,installed,1996,good,gas,151,3,,,,,,,,1,1,,10/18/22
10158687,house,house,495000,forsale,1932,,,good,,,4,0,,,,,,,,,,10/18/22
10152494,apartmentgroup,apartmentgroup,280000-635000,forsale,8450,,,,,,,,,,,,,,,,1,10/18/22
10158685,house,house,349000,forsale,2950,,1984,,,186,3,195,,,,,true,,1,,,10/18/22
10158678,house,villa,2750000,forsale,1380,hyperequipped,1960,asnew,fueloil,407,7,37000,true,true,2500,true,true,true,2,10,,10/18/22
10158676,house,house,159000,forsale,4100,semiequipped,,torenovate,gas,278,2,365,,true,254,true,true,,,,,10/18/22
9939576,house,house,299000,forsale,3300,installed,,good,,189,4,250,,,110,true,true,,,,,10/18/22
10112274,house,townhouse,299000,forsale,3580,usahyperequipped,1962,good,gas,206,3,0,true,true,,true,,,1,,,10/18/22
10056566,house,house,299000,forsale,4432,,,,fueloil,292,3,0,,,400,true,,,1,1,,10/18/22
10015247,house,house,299000,forsale,9300,semiequipped,1936,,gas,656,4,790,,true,,true,,,,,,10/18/22
9934380,house,house,299500,forsale,6900,installed,,good,fueloil,245,3,1633,,true,1633,true,,,1,7,,10/18/22
9856792,house,house,300000,forsale,8800,installed,2019,good,,,3,137,,,,,,,,1,,10/18/22
10111771,house,house,310000,forsale,9000,installed,1935,good,gas,234,3,110,,,,,,,,,,10/18/22
10103237,house,house,310000,forsale,9000,installed,,good,gas,427,3,100,,,,,,,,,,10/18/22
10036174,house,house,315000,forsale,1300,hyperequipped,1920,good,gas,377,3,160,true,true,,true,,,,,,10/18/22
10071638,house,house,315000,forsale,6001,installed,,good,gas,358,4,705,true,true,550,true,,,2,,,10/18/22
9722418,house,house,316000,forsale,4460,,,,gas,304,3,0,,true,464,true,,,1,1,,10/18/22
9668031,house,house,319000,forsale,1420,installed,,good,fueloil,397,4,340,,true,,true,,,2,3,,10/18/22
10034341,house,house,320000,forsale,3980,,,torenovate,fueloil,579,5,674,true,true,464,,,,1,,,10/18/22
10041981,house,bungalow,325000,forsale,4130,,,justrenovated,gas,285,2,0,,,280,true,,,,1,,10/18/22
10103569,house,house,325000,forsale,4431,,,good,fueloil,283,3,240,true,true,131,true,,,1,,,10/18/22
10097843,house,house,325000,forsale,5500,semiequipped,,torenovate,gas,626,5,0,,true,,true,,,1,,,10/18/22
10111773,house,house,325000,forsale,9000,installed,,good,gas,163,3,48,,,,,,,,,,10/18/22
10123897,house,house,325000,forsale,9500,hyperequipped,,justrenovated,gas,99,3,160,,,,true,,,,,,10/18/22
10062461,house,house,325000,forsale,9880,,1964,torenovate,fueloil,614,4,673,,,,,,,1,,,10/18/22
9554475,house,house,329000,forsale,4300,installed,,,,103,4,326,,true,,,,,2,,,10/18/22
9624331,house,house,330000,forsale,1325,installed,,good,fueloil,320,4,0,,,,,,,,2,,10/18/22
9862319,house,mixedusebuilding,335000,forsale,2600,usainstalled,,good,gas,478,2,72,,,,true,true,,,,,10/18/22
10080512,house,house,335000,forsale,2650,,,good,gas,358,3,101,,true,31,true,,,,,,10/18/22
10111774,house,house,335000,forsale,9070,installed,,good,fueloil,782,3,194,,,,,,,,,,10/18/22
10104102,house,house,339000,forsale,1190,installed,1952,tobedoneup,gas,229,4,43,true,true,,,,,,,,10/18/22
9879532,house,house,339000,forsale,1980,usasemiequipped,1971,good,,503,5,434,true,true,,true,true,,1,2,,10/18/22
9984076,house,mansion,339000,forsale,8400,,1904,torenovate,gas,454,5,125,,,,,,,,,,10/18/22
10057464,house,house,339000,forsale,9450,hyperequipped,,asnew,gas,196,4,0,true,true,,true,,,,1,,10/18/22
10044914,house,house,340000,forsale,9940,installed,,good,gas,367,4,289,true,,,,,,1,1,,10/18/22
9941150,house,apartmentblock,345000,forsale,4000,,,good,gas,655,4,150,,,60,true,true,,,,,10/18/22
10158694,house,house,375000,forsale,5020,,,,,451,4,0,,,,true,,,1,,,10/18/22
10158691,house,house,299000,forsale,9420,installed,,good,gas,,3,317,true,true,105,,,,,1,,10/18/22
10158689,apartment,apartment,349000,forsale,2000,installed,1996,good,gas,151,3,,,,,,,,1,1,,10/18/22
10158687,house,house,495000,forsale,1932,,,good,,,4,0,,,,,,,,,,10/18/22
10152494,apartmentgroup,apartmentgroup,280000-635000,forsale,8450,,,,,,,,,,,,,,,,1,10/18/22
10158685,house,house,349000,forsale,2950,,1984,,,186,3,195,,,,,true,,1,,,10/18/22
10158678,house,villa,2750000,forsale,1380,hyperequipped,1960,asnew,fueloil,407,7,37000,true,true,2500,true,true,true,2,10,,10/18/22
10158676,house,house,159000,forsale,4100,semiequipped,,torenovate,gas,278,2,365,,true,254,true,true,,,,,10/18/22
9941149,house,house,345000,forsale,4000,,,good,gas,655,4,150,,,60,true,true,,,,,10/18/22
9953701,house,house,349000,forsale,4577,usahyperequipped,2010,good,gas,106,3,627,,,541,true,true,,1,3,,10/18/22
9967599,house,house,349000,forsale,6971,,,good,fueloil,161,5,2369,true,true,2211,true,true,,3,10,,10/18/22
9889388,house,apartmentblock,349900,forsale,6000,installed,1970,justrenovated,gas,194,2,160,,true,,,true,,,,,10/18/22
10125517,house,apartmentblock,350000,forsale,4000,,,tobedoneup,,233,4,0,,,,,,,,,,10/18/22
10129280,house,house,350000,forsale,6900,hyperequipped,,asnew,fueloil,452,4,971,true,,971,true,,,1,5,,10/18/22
9811406,house,house,359000,forsale,8420,installed,,torenovate,electric,338,3,30,,,,true,,,1,,,10/18/22
10112637,house,house,365000,forsale,5370,installed,1978,good,fueloil,275,6,1069,true,true,,true,true,,1,2,,10/18/22
10110470,house,house,365000,forsale,6670,usasemiequipped,1926,tobedoneup,fueloil,,3,9100,,true,1,,,,2,3,,10/18/22
10117331,house,house,369000,forsale,9111,hyperequipped,1971,asnew,gas,221,4,161,,,,true,,,,,,10/18/22
10127713,house,house,369000,forsale,9950,installed,,asnew,gas,170,3,370,,,,,,,2,2,,10/18/22
10114635,house,house,370000,forsale,1310,notinstalled,,torenovate,gas,613,4,212,true,true,,,,,,,,10/18/22
10083914,house,house,375000,forsale,1490,notinstalled,1931,,fueloil,557,4,2642,true,true,,true,,,2,,,10/18/22
10115867,house,house,375000,forsale,3300,,,,,164,4,1075,,,,,,,5,,,10/18/22
10065571,house,house,375000,forsale,8460,,1940,tobedoneup,gas,707,4,841,,true,841,,,,2,,,10/18/22
10011236,house,house,377000,forsale,3920,installed,1959,asnew,gas,259,3,608,true,true,400,true,true,true,1,5,,10/18/22
9997985,house,house,379000,forsale,2520,installed,,asnew,gas,249,2,635,,true,500,true,,,,4,,10/18/22
10045546,house,house,385000,forsale,5000,,,good,fueloil,348,4,802,,,688,true,true,,1,3,,10/18/22
10125226,house,villa,390000,forsale,7890,installed,,good,fueloil,280,5,2210,,true,,true,true,,,,,10/18/22
10059275,house,house,395000,forsale,1380,hyperequipped,1979,tobedoneup,,372,3,1010,,,,true,,,,2,,10/18/22
10064734,house,mixedusebuilding,395000,forsale,1500,,1850,,,,3,62,,,,,,,,,,10/18/22
9920071,house,house,395000,forsale,7850,installed,,justrenovated,gas,405,2,0,,,,true,,,,6,,10/18/22
9960426,house,house,395000,forsale,8870,hyperequipped,1969,asnew,fueloil,284,3,441,,true,,true,true,,2,,,10/18/22
10112997,house,house,395000,forsale,9990,installed,1899,good,,360,4,377,,true,,,,,1,1,,10/18/22
10081787,house,house,399000,forsale,6141,usainstalled,,good,fueloil,282,4,1500,true,,,true,,,1,1,,10/18/22
10106286,house,house,399000,forsale,8000,usahyperequipped,2002,asnew,gas,278,3,60,,,25,true,,,1,,,10/18/22
10101483,house,house,399000,forsale,8420,,1975,asnew,gas,340,4,484,,,,,,,1,,,10/18/22
10089710,house,house,399000,forsale,9050,installed,,asnew,gas,178,3,295,,,180,,,,,2,,10/18/22
10116370,house,house,400000,forsale,4730,installed,2003,asnew,fueloil,216,4,1353,true,,,true,true,,2,3,,10/18/22
10123572,house,house,415000,forsale,1090,installed,,good,gas,420,6,0,,true,,true,,,,,,10/18/22
10158694,house,house,375000,forsale,5020,,,,,451,4,0,,,,true,,,1,,,10/18/22
10158691,house,house,299000,forsale,9420,installed,,good,gas,,3,317,true,true,105,,,,,1,,10/18/22
10158689,apartment,apartment,349000,forsale,2000,installed,1996,good,gas,151,3,,,,,,,,1,1,,10/18/22
10158687,house,house,495000,forsale,1932,,,good,,,4,0,,,,,,,,,,10/18/22
10152494,apartmentgroup,apartmentgroup,280000-635000,forsale,8450,,,,,,,,,,,,,,,,1,10/18/22
10158685,house,house,349000,forsale,2950,,1984,,,186,3,195,,,,,true,,1,,,10/18/22
10158678,house,villa,2750000,forsale,1380,hyperequipped,1960,asnew,fueloil,407,7,37000,true,true,2500,true,true,true,2,10,,10/18/22
10158676,house,house,159000,forsale,4100,semiequipped,,torenovate,gas,278,2,365,,true,254,true,true,,,,,10/18/22
10009562,house,house,419000,forsale,1800,installed,1969,good,gas,400,3,144,,,43,true,true,,1,,,10/18/22
10117491,house,house,419000,forsale,9050,usainstalled,1954,,fueloil,398,4,166,true,true,,true,,,,,,10/18/22
10120018,house,house,420000,forsale,1490,,,good,gas,199,3,579,true,,493,true,true,,,4,,10/18/22
10009557,house,house,420000,forsale,4030,,1947,good,gas,353,5,846,true,true,550,true,true,,2,2,,10/18/22
10097873,house,house,420000,forsale,6820,installed,,good,fueloil,458,8,1840,true,,,,,,,,,10/18/22
10111599,house,house,420000,forsale,6940,semiequipped,,torenovate,fueloil,380,6,1220,true,true,,,,,,3,,10/18/22
10079808,house,house,422000,forsale,8720,installed,2022,good,,,4,554,,,,true,true,,1,1,,10/18/22
10071859,house,house,425000,forsale,1020,semiequipped,,good,gas,191,4,0,true,true,18,,,,1,,,10/18/22
10011401,house,villa,425000,forsale,1310,,1978,torenovate,,393,2,951,,,600,,,,1,,,10/18/22
10097925,house,townhouse,425000,forsale,1620,,,tobedoneup,gas,252,2,190,,,,true,,,1,,,10/18/22
10112418,house,house,427000,forsale,3200,installed,1988,good,fueloil,265,3,1219,,,,true,,true,1,4,,10/18/22
10119725,house,house,429000,forsale,2940,,1977,good,gas,490,3,720,true,,,true,,,1,2,,10/18/22
10079977,house,house,429000,forsale,9041,,2001,asnew,gas,156,3,143,true,,,true,,,,,,10/18/22
10062095,house,mixedusebuilding,430000,forsale,4500,installed,,asnew,gas,244,3,770,true,true,,true,true,,,,,10/18/22
10079807,house,house,430000,forsale,8720,installed,2022,good,,,4,536,,,,true,true,,1,,,10/18/22
10101482,house,house,435000,forsale,8420,installed,,torenovate,gas,388,8,248,,,,,,,,,,10/18/22
10117497,house,mixedusebuilding,445000,forsale,9500,,,tobedoneup,gas,614,2,2300,,,,true,,,10,6,,10/18/22
10028326,house,villa,449000,forsale,9260,,,good,,190,3,750,true,,,true,,,1,2,,10/18/22
10066849,house,villa,449000,forsale,9820,,,tobedoneup,gas,583,3,800,true,true,,,,,,,,10/18/22
9857494,house,mixedusebuilding,450000,forsale,1420,,,good,gas,340,1,946,true,,,true,true,,1,,,10/18/22
9935843,house,house,469000,forsale,1210,notinstalled,,torenovate,gas,487,4,0,,true,,true,,,,,,10/18/22
10025191,house,house,479000,forsale,1830,installed,,good,gas,559,6,230,,true,,,,,2,,,10/18/22
10121808,house,house,480000,forsale,1500,installed,2009,tobedoneup,,,4,433,,,,true,true,,1,,,10/18/22
9786354,house,house,480000,forsale,1560,usainstalled,1969,asnew,gas,242,4,380,true,true,6,true,,,1,1,,10/18/22
9986455,house,house,489000,forsale,9630,,1983,,fueloil,315,4,1508,,,,true,,,1,,,10/18/22
10080977,house,mixedusebuilding,495000,forsale,1500,,1966,,,,4,232,,,,,,,,,,10/18/22
10071919,house,villa,495000,forsale,2630,,1962,,gas,415,3,345,,,100,true,true,,,,,10/18/22
9903689,house,house,495000,forsale,4122,usahyperequipped,,asnew,fueloil,161,3,3000,,,3000,true,,true,2,6,,10/18/22
10117501,house,villa,495000,forsale,8310,semiequipped,,torenovate,,424,3,944,,,1100,true,,,2,2,,10/18/22
10101052,house,house,495000,forsale,9040,installed,,good,gas,281,3,124,,,,,,,,,,10/18/22
10158694,house,house,375000,forsale,5020,,,,,451,4,0,,,,true,,,1,,,10/18/22
10158691,house,house,299000,forsale,9420,installed,,good,gas,,3,317,true,true,105,,,,,1,,10/18/22
10158689,apartment,apartment,349000,forsale,2000,installed,1996,good,gas,151,3,,,,,,,,1,1,,10/18/22
10158687,house,house,495000,forsale,1932,,,good,,,4,0,,,,,,,,,,10/18/22
10152494,apartmentgroup,apartmentgroup,280000-635000,forsale,8450,,,,,,,,,,,,,,,,1,10/18/22
10158685,house,house,349000,forsale,2950,,1984,,,186,3,195,,,,,true,,1,,,10/18/22
10158678,house,villa,2750000,forsale,1380,hyperequipped,1960,asnew,fueloil,407,7,37000,true,true,2500,true,true,true,2,10,,10/18/22
10158676,house,house,159000,forsale,4100,semiequipped,,torenovate,gas,278,2,365,,true,254,true,true,,,,,10/18/22
10095136,house,house,499000,forsale,1190,installed,1910,torenovate,fueloil,496,4,168,,true,92,true,,,,,,10/18/22
10125998,house,exceptionalproperty,499000,forsale,2018,installed,1876,asnew,gas,227,5,72,,true,,true,,,,,,10/18/22
10019086,house,apartmentblock,499999,forsale,6180,installed,,good,gas,327,4,300,true,true,,,,,1,2,,10/18/22
9926207,house,villa,500000,forsale,1380,hyperequipped,1978,justrenovated,gas,173,3,1200,true,true,1200,true,,,1,3,,10/18/22
10031575,house,house,500000,forsale,8434,installed,,good,gas,,4,0,,,,,,,,,,10/18/22
9920671,house,house,510000,forsale,9220,installed,1950,tobedoneup,fueloil,582,4,470,,,,,,,,,,10/18/22
9814205,house,villa,525000,forsale,1332,,,torenovate,gas,501,3,798,,,,true,,,,,,10/18/22
10105704,house,villa,525000,forsale,3520,usahyperequipped,1968,asnew,gas,224,5,776,true,,,true,true,true,2,3,,10/18/22
10045749,house,villa,525000,forsale,4630,usahyperequipped,2009,asnew,gas,,4,833,,,,,,,,,,10/18/22
9792408,house,apartmentblock,529000,forsale,1800,,,tobedoneup,,639,5,400,,true,,true,,,,,,10/18/22
10069668,house,villa,535000,forsale,1330,hyperequipped,1956,justrenovated,gas,375,4,803,true,true,,true,,,1,2,,10/18/22
10121942,house,mixedusebuilding,535000,forsale,1500,,1938,,,,9,271,,,,,,,,,,10/18/22
10066268,house,house,535000,forsale,8301,,1925,,gas,454,5,72,,,,,,,,,,10/18/22
10117488,house,house,545000,forsale,9260,usainstalled,1989,good,gas,194,5,949,true,,550,true,true,,1,8,,10/18/22
10117487,house,villa,545000,forsale,9260,usainstalled,1989,good,gas,194,5,949,true,,550,true,true,,1,8,,10/18/22
10117486,house,mixedusebuilding,545000,forsale,9260,usainstalled,1989,good,gas,194,5,949,true,,550,true,true,,1,8,,10/18/22
10120767,house,house,549000,forsale,1780,semiequipped,1975,,gas,358,4,860,,true,,true,true,,2,4,,10/18/22
10018845,house,house,549000,forsale,2861,,,asnew,gas,125,3,540,,,455,,true,,,3,,10/18/22
9996470,house,house,550000,forsale,1180,installed,,,gas,,4,0,,,40,,,,,,,10/18/22
9988999,house,apartmentblock,550000,forsale,4020,,,good,fueloil,269,5,280,,,,true,true,,1,2,,10/18/22
9674612,house,house,550000,forsale,8200,installed,1954,good,gas,531,5,1098,,,800,,,,,,,10/18/22
9952678,house,house,570000,forsale,6940,installed,,asnew,fueloil,308,6,1778,,,,,,,,,,10/18/22
10089290,house,house,575000,forsale,1130,installed,,asnew,gas,480,3,1000,,true,,true,,,1,4,,10/18/22
10107118,house,villa,575000,forsale,8760,installed,2002,asnew,gas,142,4,958,,,,,true,,2,3,,10/18/22
10105321,house,house,590000,forsale,3080,,,asnew,gas,187,4,180,true,true,100,true,true,,,,,10/18/22
9979478,house,house,590000,forsale,4020,,,good,fueloil,269,5,280,,,,true,true,,1,2,,10/18/22
10120386,house,villa,590000,forsale,8800,semiequipped,1970,tobedoneup,fueloil,,3,4211,true,true,4026,true,,,2,4,,10/18/22
9977027,house,apartmentblock,595000,forsale,1060,notinstalled,1920,torenovate,gas,,4,105,,true,20,true,,,,,,10/18/22
10107972,house,villa,599000,forsale,8210,,1987,good,,243,4,720,,,,true,true,,2,,,10/18/22
10120157,house,house,619000,forsale,1980,installed,1992,,electric,613,3,740,true,,,true,true,,,2,,10/18/22
10158694,house,house,375000,forsale,5020,,,,,451,4,0,,,,true,,,1,,,10/18/22
10158691,house,house,299000,forsale,9420,installed,,good,gas,,3,317,true,true,105,,,,,1,,10/18/22
10158689,apartment,apartment,349000,forsale,2000,installed,1996,good,gas,151,3,,,,,,,,1,1,,10/18/22
10158687,house,house,495000,forsale,1932,,,good,,,4,0,,,,,,,,,,10/18/22
10152494,apartmentgroup,apartmentgroup,280000-635000,forsale,8450,,,,,,,,,,,,,,,,1,10/18/22
10158685,house,house,349000,forsale,2950,,1984,,,186,3,195,,,,,true,,1,,,10/18/22
10158678,house,villa,2750000,forsale,1380,hyperequipped,1960,asnew,fueloil,407,7,37000,true,true,2500,true,true,true,2,10,,10/18/22
10158676,house,house,159000,forsale,4100,semiequipped,,torenovate,gas,278,2,365,,true,254,true,true,,,,,10/18/22
10012532,house,villa,620000,forsale,8450,,1983,good,electric,611,3,1555,,,800,true,,,,,,10/18/22
9997685,house,house,625000,forsale,2610,,1930,,gas,241,4,371,,true,,true,,,,,,10/18/22
10071644,house,house,625000,forsale,9090,usasemiequipped,1967,,gas,500,3,3972,,,,true,,,2,10,,10/18/22
10047188,house,apartmentblock,630000,forsale,1190,semiequipped,1932,tobedoneup,gas,530,4,0,,true,,true,true,,,,,10/18/22
10119708,house,exceptionalproperty,645000,forsale,1730,hyperequipped,,asnew,fueloil,346,3,1000,,,700,true,,,1,2,,10/18/22
9927836,house,house,645000,forsale,1785,notinstalled,1947,,,971,4,576,,,,,,,2,,,10/18/22
10067671,house,villa,650000,forsale,6830,installed,1970,asnew,,239,9,0,,true,,,,,2,2,,10/18/22
10067663,house,exceptionalproperty,650000,forsale,6830,installed,1970,asnew,,239,9,0,,true,,,,,2,2,,10/18/22
10093595,house,house,650000,forsale,9000,installed,1975,tobedoneup,,,6,88,,true,,,,,,,,10/18/22
10112237,house,villa,675000,forsale,2900,usahyperequipped,1986,tobedoneup,,304,3,2466,,,2043,true,,,1,2,,10/18/22
10036156,house,villa,675000,forsale,3930,,1993,good,,232,4,1295,,,,true,,,,,,10/18/22
10120795,house,villa,689000,forsale,3920,usainstalled,2015,asnew,electric,35,5,884,true,true,250,true,true,true,1,4,,10/18/22
10098855,house,villa,695000,forsale,8670,,1991,asnew,gas,232,4,931,,,,,,,1,,,10/18/22
10102257,house,villa,695000,forsale,8730,hyperequipped,2013,,gas,102,5,382,true,,,,true,,2,2,,10/18/22
9714389,house,mixedusebuilding,720000,forsale,8760,,,,,,6,240,,true,,,,,,3,,10/18/22
9772278,house,mixedusebuilding,725000,forsale,1000,,1900,good,gas,149,3,1,,,,,,,,,,10/18/22
10105909,house,villa,739000,forsale,1070,hyperequipped,1970,tobedoneup,fueloil,397,5,827,true,,,true,,,2,4,,10/18/22
10105906,house,villa,739000,forsale,1070,hyperequipped,1970,tobedoneup,fueloil,397,5,827,true,,,true,,,2,4,,10/18/22
10105903,house,villa,739000,forsale,1070,hyperequipped,1970,tobedoneup,fueloil,397,5,827,true,,,true,,,2,4,,10/18/22
10117108,house,house,745000,forsale,8300,installed,1972,torenovate,fueloil,453,3,530,,,,,,,,1,,10/18/22
9996446,house,castle,750000,forsale,4970,notinstalled,,torenovate,fueloil,460,16,19183,,true,,true,,,,,,10/18/22
10042754,house,villa,785000,forsale,1380,usainstalled,1976,asnew,fueloil,339,3,2699,,,,true,true,true,1,4,,10/18/22
9512237,house,house,795000,forsale,1330,installed,1971,asnew,gas,223,4,1826,,true,,true,,true,1,4,,10/18/22
9757776,house,apartmentblock,795000,forsale,6000,hyperequipped,,justrenovated,gas,,11,330,,true,110,true,true,,,,,10/18/22
10117492,house,villa,795000,forsale,9060,usahyperequipped,1964,good,gas,202,5,1714,,true,,true,true,true,2,6,,10/18/22
10117494,house,villa,795000,forsale,9185,usahyperequipped,1964,good,gas,202,5,1714,,true,,true,true,true,2,6,,10/18/22
10105333,house,house,795000,forsale,9990,installed,,asnew,gas,262,6,583,,,,,,,2,2,,10/18/22
10068496,house,countrycottage,819000,forsale,9660,installed,1800,,fueloil,326,2,12480,,,12480,,,,1,,,10/18/22
10029140,house,apartmentblock,830000,forsale,1090,installed,1950,good,gas,460,5,106,,,43,,,,,,,10/18/22
10118580,house,villa,835000,forsale,1602,notinstalled,2020,,,,6,0,,true,,true,true,,1,,,10/18/22
10158694,house,house,375000,forsale,5020,,,,,451,4,0,,,,true,,,1,,,10/18/22
10158691,house,house,299000,forsale,9420,installed,,good,gas,,3,317,true,true,105,,,,,1,,10/18/22
10158689,apartment,apartment,349000,forsale,2000,installed,1996,good,gas,151,3,,,,,,,,1,1,,10/18/22
10158687,house,house,495000,forsale,1932,,,good,,,4,0,,,,,,,,,,10/18/22
10152494,apartmentgroup,apartmentgroup,280000-635000,forsale,8450,,,,,,,,,,,,,,,,1,10/18/22
10158685,house,house,349000,forsale,2950,,1984,,,186,3,195,,,,,true,,1,,,10/18/22
10158678,house,villa,2750000,forsale,1380,hyperequipped,1960,asnew,fueloil,407,7,37000,true,true,2500,true,true,true,2,10,,10/18/22
10158676,house,house,159000,forsale,4100,semiequipped,,torenovate,gas,278,2,365,,true,254,true,true,,,,,10/18/22
10118580,house,villa,835000,forsale,1602,notinstalled,2020,,,,6,0,,true,,true,true,,1,,,10/18/22
10079200,house,mansion,845000,forsale,1030,hyperequipped,1910,asnew,gas,247,6,125,,,,true,,,,,,10/18/22
9908316,house,house,845000,forsale,1180,installed,1990,good,gas,223,4,0,,,,true,,,2,,,10/18/22
10045501,house,villa,845000,forsale,1640,hyperequipped,1972,tobedoneup,fueloil,329,4,1674,true,true,,true,true,true,1,2,,10/18/22
10045502,house,villa,845000,forsale,1652,hyperequipped,1972,tobedoneup,fueloil,329,4,1674,true,true,,true,true,true,1,2,,10/18/22
9613104,house,mixedusebuilding,849000,forsale,3300,,1850,good,gas,488,9,615,true,true,,true,true,,,,,10/18/22
9865178,house,exceptionalproperty,850000,forsale,4053,installed,,good,fueloil,511,4,4832,true,true,,true,true,,,,,10/18/22
10102315,house,house,850000,forsale,8620,hyperequipped,,good,fueloil,345,6,1151,,,600,true,,,,7,,10/18/22
10039969,house,villa,850000,forsale,9140,hyperequipped,1994,,gas,242,4,1203,true,,,true,,,,4,,10/18/22
10103118,house,villa,874000,forsale,9080,installed,1994,good,fueloil,134,5,4726,true,true,4300,true,true,,2,4,,10/18/22
9953690,house,castle,890000,forsale,5520,usainstalled,,tobedoneup,,277,8,40000,true,true,,true,true,,,6,,10/18/22
9834864,house,house,900000,forsale,1180,installed,2012,,gas,130,5,426,,,,,,,1,,,10/18/22
10128368,house,apartmentblock,950000,forsale,2000,installed,,tobedoneup,gas,372,6,110,,true,,true,,,,,,10/18/22
10053575,house,manorhouse,969000,forsale,8020,,1996,good,fueloil,183,5,21530,,,,,,,1,,,10/18/22
9442830,house,house,975000,forsale,8301,semiequipped,1936,,gas,616,6,249,true,true,,,,,1,1,,10/18/22
9746618,house,mixedusebuilding,980000,forsale,9700,,1911,asnew,fueloil,416,4,290,,,,true,,,1,,,10/18/22
9746613,house,house,980000,forsale,9700,,1913,asnew,fueloil,416,4,290,,,,true,,,1,,,10/18/22
10120393,house,villa,985000,forsale,6700,usahyperequipped,1956,asnew,fueloil,102,5,2515,,,,true,,,2,3,,10/18/22
10113376,house,house,985000,forsale,6700,usahyperequipped,1956,asnew,fueloil,102,5,2515,,,,true,,,2,3,,10/18/22
10105728,house,exceptionalproperty,995000,forsale,8340,hyperequipped,2011,,gas,131,6,826,true,,,true,,,,4,,10/18/22
9744132,house,villa,995000,forsale,8500,,2021,asnew,,34,3,2500,,,,,,,1,,,10/18/22
9947494,house,villa,995000,forsale,9982,,1977,good,,,3,6525,,,,true,,,,,,10/18/22
9933177,house,exceptionalproperty,996000,forsale,2640,,1950,,gas,157,3,675,,,,,,,,,,10/18/22
10128715,house,manorhouse,1100000,forsale,3212,installed,1988,good,gas,282,5,3116,,true,,true,true,,2,,,10/18/22
10123342,house,farmhouse,1100000,forsale,8900,installed,,tobedoneup,wood,613,3,56952,,true,,,,,1,,,10/18/22
9902343,house,apartmentblock,1250000,forsale,1082,,1976,,electric,612,5,487,,true,205,true,,,4,,,10/18/22
10010981,house,mansion,1250000,forsale,1170,hyperequipped,1961,asnew,fueloil,319,4,270,true,true,174,true,true,,1,1,,10/18/22
9962050,house,exceptionalproperty,1300000,forsale,1330,hyperequipped,2008,good,gas,124,4,1638,true,,,true,true,true,2,3,,10/18/22
9775728,house,apartmentblock,1350000,forsale,9700,,1985,,gas,190,13,294,,,,,,,9,,,10/18/22
9821628,house,house,1575000,forsale,1653,,1900,,,,4,2532,,,,,,,,,,10/18/22
10158694,house,house,375000,forsale,5020,,,,,451,4,0,,,,true,,,1,,,10/18/22
10158691,house,house,299000,forsale,9420,installed,,good,gas,,3,317,true,true,105,,,,,1,,10/18/22
10158689,apartment,apartment,349000,forsale,2000,installed,1996,good,gas,151,3,,,,,,,,1,1,,10/18/22
10158687,house,house,495000,forsale,1932,,,good,,,4,0,,,,,,,,,,10/18/22
10152494,apartmentgroup,apartmentgroup,280000-635000,forsale,8450,,,,,,,,,,,,,,,,1,10/18/22
10158685,house,house,349000,forsale,2950,,1984,,,186,3,195,,,,,true,,1,,,10/18/22
10158678,house,villa,2750000,forsale,1380,hyperequipped,1960,asnew,fueloil,407,7,37000,true,true,2500,true,true,true,2,10,,10/18/22
10158676,house,house,159000,forsale,4100,semiequipped,,torenovate,gas,278,2,365,,true,254,true,true,,,,,10/18/22
10119965,house,exceptionalproperty,1590000,forsale,3001,hyperequipped,,asnew,gas,152,4,500,,,,true,,true,1,2,,10/18/22
10118329,house,house,1590000,forsale,8210,,1962,,,,6,8944,,,,,,,1,,,10/18/22
10079702,house,exceptionalproperty,1650000,forsale,4900,installed,1882,asnew,fueloil,137,8,6546,,true,1,true,true,,1,10,,10/18/22
10108627,house,house,1695000,forsale,1380,installed,2000,,gas,254,4,2352,,true,,,,,2,4,,10/18/22
9509326,house,house,1750000,forsale,1430,,,good,fueloil,362,14,25000,true,true,24150,true,true,,2,10,,10/18/22
10008022,house,house,1790000,forsale,1050,usahyperequipped,1930,asnew,gas,565,4,290,,true,140,true,true,,1,,,10/18/22
10008023,house,house,1790000,forsale,1180,usahyperequipped,1930,asnew,gas,565,4,290,,true,140,true,true,,1,,,10/18/22
10016303,house,house,1795000,forsale,1180,hyperequipped,,asnew,gas,179,6,275,,,80,true,true,,,,,10/18/22
9977048,house,apartmentblock,1865000,forsale,1400,installed,1956,good,gas,157,16,0,,true,,true,,,7,,,10/18/22
10087791,house,countrycottage,1950000,forsale,1853,,,good,gas,575,4,9053,,true,4900,true,true,,3,30,,10/18/22
10036075,house,farmhouse,1950000,forsale,9260,installed,1979,,fueloil,695,4,108070,true,,,true,,,1,4,,10/18/22
10036072,house,house,1950000,forsale,9260,installed,1979,,fueloil,695,4,108070,true,,,true,,,1,4,,10/18/22
10120033,house,house,1985000,forsale,1640,,1918,tobedoneup,fueloil,345,4,2200,,true,,true,,,1,2,,10/18/22
10106753,house,villa,2250000,forsale,9111,installed,2020,asnew,gas,126,3,38690,,,38690,,,,2,,,10/18/22
10062536,house,mansion,2600000,forsale,9000,hyperequipped,1860,asnew,gas,159,4,841,,,,,,,1,2,,10/18/22
10102655,house,exceptionalproperty,2700000,forsale,7830,installed,,asnew,fueloil,469,7,51805,,true,,true,true,true,4,10,,10/18/22
10026363,house,house,2795000,forsale,8300,hyperequipped,2002,,gas,189,4,458,,true,,,true,,1,2,,10/18/22
9947511,house,house,2800000,forsale,9690,,1928,asnew,,,14,1450,,,,,,true,,,,10/18/22
10106941,house,exceptionalproperty,2850000,forsale,1640,usahyperequipped,1960,asnew,gas,105,5,2003,,true,1800,true,true,true,,5,,10/18/22
9474740,house,mansion,3400000,forsale,2000,,,asnew,gas,161,8,650,,true,,true,true,true,,,,10/18/22
10120032,house,exceptionalproperty,3500000,forsale,1050,hyperequipped,,good,gas,321,5,1450,,true,,,true,,2,4,,10/18/22
10063270,house,house,3500000,forsale,1640,hyperequipped,2010,,gas,200,5,1800,true,true,,,true,,1,4,,10/18/22
10104590,house,castle,4550000,forsale,3700,installed,1820,good,,74,7,55000,,true,,,,,4,34,,10/18/22
9779903,house,exceptionalproperty,4950000,forsale,3080,hyperequipped,1976,good,gas,291,6,20000,true,true,20000,true,true,true,1,6,,10/18/22
9349668,house,castle,8000000,forsale,3090,hyperequipped,,good,,402,7,500000,true,true,,,,true,6,,,10/18/22
10110669,house,house,85000,forsale,4860,,,torenovate,,,4,140,,true,,true,,,,,,10/18/22
10158332,house,house,249000,forsale,8792,semiequipped,,good,gas,427,3,516,,true,,,,,3,2,,10/18/22
10158445,house,house,279000,forsale,9040,semiequipped,,tobedoneup,gas,363,2,189,,,,,,,,,,10/18/22
10157184,house,house,285000,forsale,8370,installed,,justrenovated,gas,282,4,99,,,,true,,,,,,10/18/22
10157887,house,house,375000,forsale,1770,installed,1985,,electric,459,3,0,true,,,true,true,,1,,,10/18/22
10158694,house,house,375000,forsale,5020,,,,,451,4,0,,,,true,,,1,,,10/18/22
10158691,house,house,299000,forsale,9420,installed,,good,gas,,3,317,true,true,105,,,,,1,,10/18/22
10158689,apartment,apartment,349000,forsale,2000,installed,1996,good,gas,151,3,,,,,,,,1,1,,10/18/22
10158687,house,house,495000,forsale,1932,,,good,,,4,0,,,,,,,,,,10/18/22
10152494,apartmentgroup,apartmentgroup,280000-635000,forsale,8450,,,,,,,,,,,,,,,,1,10/18/22
10158685,house,house,349000,forsale,2950,,1984,,,186,3,195,,,,,true,,1,,,10/18/22
10158678,house,villa,2750000,forsale,1380,hyperequipped,1960,asnew,fueloil,407,7,37000,true,true,2500,true,true,true,2,10,,10/18/22
10158676,house,house,159000,forsale,4100,semiequipped,,torenovate,gas,278,2,365,,true,254,true,true,,,,,10/18/22
10157885,house,mixedusebuilding,375000,forsale,1770,installed,1985,,electric,459,3,0,true,,,true,true,,1,,,10/18/22
10132774,house,villa,195000,forsale,7000,semiequipped,,tobedoneup,gas,461,2,549,,true,452,,true,,1,,,10/18/22
10132208,house,house,319000,forsale,9820,,1961,torenovate,,750,3,330,,,,true,true,,1,,,10/18/22
10132190,house,house,395000,forsale,3001,,1960,asnew,gas,323,3,138,,true,,,,,1,1,,10/18/22
10132209,house,house,849000,forsale,9070,,1999,asnew,,186,4,3744,,,,,true,,1,,,10/18/22
10134071,house,house,90000,forsale,7972,,,torenovate,fueloil,605,3,659,true,true,,,,,1,,,10/18/22
9924222,house,house,125000,forsale,7340,,,tobedoneup,gas,430,4,325,,true,,,,,2,,,10/18/22
10135465,house,house,200000,forsale,7334,,,torenovate,fueloil,539,4,2260,,true,,,,,2,2,,10/18/22
10135616,housegroup,housegroup,337000-422000,forsale,9520,,,,,,,,,,,,,,,,1,10/18/22
10138457,house,house,75000,forsale,7160,semiequipped,,torenovate,gas,781,4,0,true,true,,,true,,,,,10/18/22
10140026,house,house,190000,forsale,5580,notinstalled,,tobedoneup,fueloil,415,3,0,,,,true,,,1,,,10/18/22
10140211,house,house,194000,forsale,8530,,,tobedoneup,gas,512,3,160,,,,,,,1,,,10/18/22
10138501,house,house,285000,forsale,2660,installed,,asnew,gas,295,1,82,,,30,,true,,,,,10/18/22
10138172,house,house,299000,forsale,9060,installed,1965,,gas,460,3,2084,,true,,,true,,1,,,10/18/22
10116479,house,house,315500,forsale,9600,,2022,,gas,,3,234,,,,,,,,1,1,10/18/22
10116477,house,house,315500,forsale,9600,,2022,,gas,,3,234,,,,,,,,,1,10/18/22
10125176,house,house,354500,forsale,9600,,2023,,gas,,4,443,,,,,,,,1,1,10/18/22
10116476,house,house,354500,forsale,9600,,2023,,gas,,4,443,,,,,,,,1,1,10/18/22
9981834,house,house,358500,forsale,7090,hyperequipped,2022,,gas,,3,296,,,200,true,,,,1,1,10/18/22
10126537,house,house,490000,forsale,3040,,2022,good,gas,,3,806,,,,true,,,,,1,10/18/22
10138546,house,villa,699000,forsale,9810,,,asnew,gas,338,3,5998,,,,true,true,true,,7,,10/18/22
10138190,house,villa,990000,forsale,9990,,2003,,gas,146,5,2310,,true,,true,,,1,,,10/18/22
10100477,house,apartmentblock,1200000,forsale,1490,hyperequipped,2022,,,74,0,1000,,,,true,,,,4,1,10/18/22
10144134,house,house,120000,forsale,7130,semiequipped,,tobedoneup,gas,234,2,180,,true,100,true,,,,,,10/18/22
10144624,house,house,179000,forsale,8851,notinstalled,,torenovate,,605,3,127,,true,,,,,1,,,10/18/22
10143731,house,house,445000,forsale,9402,installed,2008,,,205,3,850,,,,,,,1,4,,10/18/22
10144847,house,villa,749000,forsale,2235,installed,2011,asnew,gas,151,4,882,,,,,,,1,4,,10/18/22
10146480,house,house,369000,forsale,9112,,,,,49,3,214,,,1,,,,,,,10/18/22
10150847,house,house,150000,forsale,5630,installed,,,fueloil,395,3,242,,true,,true,,,1,1,,10/18/22
10151094,house,house,178000,forsale,8582,installed,,good,gas,976,4,380,,true,235,,,,1,3,,10/18/22
10158694,house,house,375000,forsale,5020,,,,,451,4,0,,,,true,,,1,,,10/18/22
10158691,house,house,299000,forsale,9420,installed,,good,gas,,3,317,true,true,105,,,,,1,,10/18/22
10158689,apartment,apartment,349000,forsale,2000,installed,1996,good,gas,151,3,,,,,,,,1,1,,10/18/22
10158687,house,house,495000,forsale,1932,,,good,,,4,0,,,,,,,,,,10/18/22
10152494,apartmentgroup,apartmentgroup,280000-635000,forsale,8450,,,,,,,,,,,,,,,,1,10/18/22
10158685,house,house,349000,forsale,2950,,1984,,,186,3,195,,,,,true,,1,,,10/18/22
10158678,house,villa,2750000,forsale,1380,hyperequipped,1960,asnew,fueloil,407,7,37000,true,true,2500,true,true,true,2,10,,10/18/22
10158676,house,house,159000,forsale,4100,semiequipped,,torenovate,gas,278,2,365,,true,254,true,true,,,,,10/18/22
9980094,house,house,260000,forsale,6590,installed,2009,asnew,,102,3,893,,true,,true,,,1,4,,10/18/22
10149036,house,house,265000,forsale,8870,,1956,asnew,,201,3,165,,,,,,,,,,10/18/22
10151237,house,house,439000,forsale,2550,,,,gas,,3,855,true,true,675,,,,,,,10/18/22
10148545,house,house,445000,forsale,8200,,1963,torenovate,,821,6,700,,true,,,,,1,,,10/18/22
10148596,house,exceptionalproperty,645000,forsale,9473,hyperequipped,2001,,gas,126,6,458,,true,,,true,true,1,1,,10/18/22
10150405,house,house,769500,forsale,8300,,,asnew,gas,,3,423,true,,,,,,1,1,,10/18/22
10155334,house,house,120000,forsale,5542,,,asnew,,321,2,42,,,,true,,,,,,10/18/22
10156053,house,house,129500,forsale,1790,,1954,,gas,449,3,135,true,true,,,,,,,,10/18/22
10155254,house,house,195000,forsale,5560,,,good,fueloil,444,3,530,true,true,,true,,,1,1,,10/18/22
10156773,house,house,199900,forsale,6200,installed,,justrenovated,gas,424,5,0,,true,,,,,,,,10/18/22
10154509,house,house,289000,forsale,3800,,1979,,gas,290,3,1311,,,,,true,,1,,,10/18/22
10155259,house,house,350000,forsale,5550,,,asnew,fueloil,68415,3,519,true,,485,true,,,,1,,10/18/22
10155530,house,house,390000,forsale,2530,,1899,tobedoneup,,507,6,455,,,,,,,,,,10/18/22
10154533,house,villa,449000,forsale,1740,usahyperequipped,,good,pellet,914,3,934,,,,true,,,,8,,10/18/22
10156359,house,apartmentblock,499000,forsale,4040,,,good,fueloil,316,8,467,,,,,,,,,,10/18/22
10157054,house,villa,535000,forsale,8930,,2007,asnew,,,2,692,,,,,,,,,,10/18/22
10062014,house,house,170000,forsale,6000,usahyperequipped,,asnew,,453,3,130,true,true,,true,,,,,,10/18/22
10131017,house,house,179000,forsale,8930,installed,1932,tobedoneup,gas,405,4,165,,,74,,,,,4,,10/18/22
10131430,house,house,200000,forsale,3212,,1946,torenovate,gas,337,3,170,,true,,,,,,,,10/18/22
10130754,house,house,219000,forsale,6141,installed,,good,gas,394,2,540,true,true,436,,true,,1,2,,10/18/22
10131750,house,house,239000,forsale,3350,,1957,,,407,3,479,,true,232,true,,,,,,10/18/22
10131431,house,house,280000,forsale,3212,,1946,torenovate,gas,350,4,304,,true,,,,,,,,10/18/22
10130353,house,house,325000,forsale,9450,installed,1957,tobedoneup,,639,3,673,true,true,,,true,,1,,,10/18/22
10130093,house,house,359000,forsale,8450,hyperequipped,1960,,gas,293,4,141,,true,,true,,,1,,,10/18/22
10131018,house,house,489000,forsale,8480,installed,1974,,,226,3,1754,,,,,,,1,,,10/18/22
10130082,house,house,695000,forsale,7890,,1998,,electric,224,4,7258,,true,,,,,,,,10/18/22
10131756,house,house,725000,forsale,8020,installed,2004,good,,196,5,4146,,,,true,true,,1,4,,10/18/22
10133451,house,house,325000,forsale,8890,,1928,tobedoneup,electric,674,5,236,,true,,,,,1,,,10/18/22
9885629,house,farmhouse,580000,forsale,3800,,,,,577,3,6000,,,,,,,,,,10/18/22
10133816,house,countrycottage,649000,forsale,2222,installed,,good,fueloil,296,3,2574,true,true,,,,,,5,,10/18/22
10158694,house,house,375000,forsale,5020,,,,,451,4,0,,,,true,,,1,,,10/18/22
10158691,house,house,299000,forsale,9420,installed,,good,gas,,3,317,true,true,105,,,,,1,,10/18/22
10158689,apartment,apartment,349000,forsale,2000,installed,1996,good,gas,151,3,,,,,,,,1,1,,10/18/22
10158687,house,house,495000,forsale,1932,,,good,,,4,0,,,,,,,,,,10/18/22
10152494,apartmentgroup,apartmentgroup,280000-635000,forsale,8450,,,,,,,,,,,,,,,,1,10/18/22
10158685,house,house,349000,forsale,2950,,1984,,,186,3,195,,,,,true,,1,,,10/18/22
10158678,house,villa,2750000,forsale,1380,hyperequipped,1960,asnew,fueloil,407,7,37000,true,true,2500,true,true,true,2,10,,10/18/22
10158676,house,house,159000,forsale,4100,semiequipped,,torenovate,gas,278,2,365,,true,254,true,true,,,,,10/18/22
10133721,house,house,1590000,forsale,2812,,1960,good,,343,4,5940,true,true,5940,true,true,true,2,5,,10/18/22
10132988,house,villa,595000,forsale,1410,hyperequipped,1967,good,fueloil,340,3,765,true,true,500,true,true,,1,3,,10/18/22
10132987,house,villa,595000,forsale,1420,hyperequipped,1967,good,fueloil,340,3,765,true,true,500,true,true,,1,3,,10/18/22
10137465,house,house,100000,forsale,6001,installed,1981,good,,520,3,170,,,75,,,,,,,10/18/22
10138054,house,house,275000,forsale,9600,,,,gas,384,4,250,true,true,,true,,,1,,,10/18/22
10136157,house,house,279000,forsale,9300,installed,,good,fueloil,439,4,220,,true,,true,true,,,,,10/18/22
10136711,house,house,285000,forsale,8500,,,good,,509,3,135,,true,,,,,1,,,10/18/22
10137874,house,house,299000,forsale,8400,installed,1939,good,,553,6,461,,true,,,,,,1,,10/18/22
10136705,house,house,399000,forsale,9041,,1952,good,,160,4,149,,true,,,,,1,,,10/18/22
10135931,house,villa,695000,forsale,8450,installed,1963,,fueloil,538,9,1136,,,,,,,,,,10/18/22
10142080,house,house,220000,forsale,4170,installed,1965,,gas,,2,1330,,,1250,true,true,,1,6,,10/18/22
10142081,house,house,220000,forsale,4171,installed,1965,,gas,,2,1330,,,1250,true,true,,1,6,,10/18/22
10142379,house,house,279000,forsale,9052,,1940,,gas,,3,179,,,90,,,,,,,10/18/22
10140713,house,house,289500,forsale,9400,,,good,gas,162,2,190,,,,true,true,,1,,,10/18/22
10140720,house,house,298000,forsale,9400,,,good,fueloil,671,4,0,,,414,,,,1,,,10/18/22
10140710,house,house,325000,forsale,9400,installed,,good,gas,416,3,191,,true,,true,,,1,1,,10/18/22
10087952,house,house,349000,forsale,8870,,1976,asnew,,328,4,314,,,,true,,,2,,,10/18/22
10145214,house,house,265000,forsale,9300,installed,,good,gas,288,3,130,true,true,,true,,,,1,,10/18/22
10145640,house,house,325000,forsale,6280,usainstalled,2000,asnew,gas,177,4,670,true,true,400,true,true,,2,6,,10/18/22
10145141,house,house,370000,forsale,1340,installed,,good,gas,409,3,390,true,true,,true,true,,,,,10/18/22
10147618,house,house,129000,forsale,4400,installed,,tobedoneup,gas,771,2,354,true,,163,,,,,,,10/18/22
10152809,house,villa,150000,forsale,3090,,,torenovate,fueloil,781,2,962,,true,,,true,,1,,,10/18/22
10153390,house,house,195000,forsale,6890,,,tobedoneup,gas,533,4,0,,true,,,true,,,,,10/18/22
10152721,house,house,195000,forsale,7700,installed,,good,gas,466,2,120,,,,,,,3,1,,10/18/22
10154315,house,house,320000,forsale,8730,,,asnew,gas,284,3,500,,,,,,,,,,10/18/22
9714140,house,chalet,30000,forsale,6940,installed,,good,pellet,724,1,280,,,,,,,,,,10/18/22
10068043,house,house,50000,forsale,5500,,1959,torenovate,fueloil,587,2,969,true,,,,,,1,1,,10/18/22
10090147,house,house,55000,forsale,7370,,,torenovate,,328,2,360,true,true,299,true,,,,,,10/18/22
9829214,house,house,64500,forsale,4860,,,torenovate,gas,,4,95,,true,50,,,,,,,10/18/22
9967220,house,house,75000,forsale,5520,,1991,,gas,,2,483,,,483,true,,,3,3,,10/18/22
10158694,house,house,375000,forsale,5020,,,,,451,4,0,,,,true,,,1,,,10/18/22
10158691,house,house,299000,forsale,9420,installed,,good,gas,,3,317,true,true,105,,,,,1,,10/18/22
10158689,apartment,apartment,349000,forsale,2000,installed,1996,good,gas,151,3,,,,,,,,1,1,,10/18/22
10158687,house,house,495000,forsale,1932,,,good,,,4,0,,,,,,,,,,10/18/22
10152494,apartmentgroup,apartmentgroup,280000-635000,forsale,8450,,,,,,,,,,,,,,,,1,10/18/22
10158685,house,house,349000,forsale,2950,,1984,,,186,3,195,,,,,true,,1,,,10/18/22
10158678,house,villa,2750000,forsale,1380,hyperequipped,1960,asnew,fueloil,407,7,37000,true,true,2500,true,true,true,2,10,,10/18/22
10158676,house,house,159000,forsale,4100,semiequipped,,torenovate,gas,278,2,365,,true,254,true,true,,,,,10/18/22
9920959,house,house,79000,forsale,7012,,,tobedoneup,,498,2,220,true,true,167,true,,,,,,10/18/22
10046939,house,house,84500,forsale,9600,installed,,tobedoneup,gas,988,2,50,,,,,,,,,,10/18/22
10030944,house,house,95000,forsale,6183,semiequipped,,torenovate,fueloil,793,2,140,true,true,,true,,,,,,10/18/22
10052426,house,house,95000,forsale,6238,notinstalled,,torenovate,,,3,318,true,,200,true,,,,1,,10/18/22
9961137,house,house,99500,forsale,4100,semiequipped,,good,,554,2,40,true,true,,,,,,,,10/18/22
10057572,house,mixedusebuilding,100000,forsale,7110,notinstalled,,tobedoneup,gas,511,3,0,true,true,,true,,,,,,10/18/22
10120445,house,house,109500,forsale,4624,installed,,,gas,548,2,140,true,true,40,,true,,1,1,,10/18/22
10067664,house,house,110000,forsale,6032,semiequipped,,torenovate,gas,565,3,0,,true,175,,,,,,,10/18/22
9923466,house,house,120000,forsale,5650,semiequipped,,tobedoneup,fueloil,695,3,350,true,true,264,,,,1,1,,10/18/22
9941410,house,house,125000,forsale,4317,notinstalled,1970,torenovate,,693,3,1100,,,,,true,,,,,10/18/22
10090901,house,house,129000,forsale,4100,notinstalled,,torenovate,,705,5,150,,true,,,,,1,,,10/18/22
10074191,house,house,135000,forsale,6140,installed,,torenovate,gas,695,2,1400,true,true,1296,true,true,,3,15,,10/18/22
9974297,house,house,135000,forsale,6183,installed,,tobedoneup,gas,325,2,233,true,true,146,true,,,1,1,,10/18/22
10018498,house,house,139000,forsale,6250,semiequipped,,torenovate,,404,4,192,true,,100,true,true,true,1,,,10/18/22
10111096,house,house,140000,forsale,4430,,,tobedoneup,gas,319,4,337,,,130,,,,1,2,,10/18/22
10126121,house,house,145000,forsale,7110,usasemiequipped,,good,electric,571,2,135,true,true,,,,,,,,10/18/22
10129166,house,house,148000,forsale,1420,,,torenovate,electric,667,2,85,,true,,,true,,,,,10/18/22
10087802,house,house,149000,forsale,5537,,,tobedoneup,,545,4,896,,,840,true,,,,1,,10/18/22
7765546,house,apartmentblock,149000,forsale,6240,,1940,good,gas,,3,50,true,true,,,,,,,,10/18/22
9171584,house,house,149000,forsale,7012,semiequipped,,good,gas,,3,105,,true,,true,,,,,,10/18/22
10002811,house,farmhouse,150000,forsale,4920,,,torestore,,,0,782,,,,,,,,,,10/18/22
9871442,house,house,155000,forsale,1420,notinstalled,1920,,,468,2,138,,true,,true,,,,,,10/18/22
10088008,house,house,155000,forsale,4420,semiequipped,,good,fueloil,580,2,122,,true,,true,,,1,,,10/18/22
9768241,house,house,165000,forsale,6040,semiequipped,,good,fueloil,712,2,340,true,true,,true,true,,1,,,10/18/22
9983440,house,house,169000,forsale,7070,,,torenovate,,507,2,300,,,,,,,1,,,10/18/22
10090136,house,mansion,169000,forsale,7110,notinstalled,,tobedoneup,,356,3,270,true,true,,true,true,,,,,10/18/22
9966162,house,house,169000,forsale,8400,semiequipped,1932,tobedoneup,gas,620,2,0,,,,true,,,1,,,10/18/22
9936906,house,house,169900,forsale,4100,semiequipped,,good,gas,345,3,105,,,25,true,,,,,,10/18/22
10049556,house,house,169900,forsale,4420,semiequipped,,good,fueloil,580,2,122,,true,,true,,,1,,,10/18/22
10055510,house,house,170000,forsale,2580,installed,1934,tobedoneup,gas,539,2,525,,,,,,,1,2,,10/18/22
10158694,house,house,375000,forsale,5020,,,,,451,4,0,,,,true,,,1,,,10/18/22
10158691,house,house,299000,forsale,9420,installed,,good,gas,,3,317,true,true,105,,,,,1,,10/18/22
10158689,apartment,apartment,349000,forsale,2000,installed,1996,good,gas,151,3,,,,,,,,1,1,,10/18/22
10158687,house,house,495000,forsale,1932,,,good,,,4,0,,,,,,,,,,10/18/22
10152494,apartmentgroup,apartmentgroup,280000-635000,forsale,8450,,,,,,,,,,,,,,,,1,10/18/22
10158685,house,house,349000,forsale,2950,,1984,,,186,3,195,,,,,true,,1,,,10/18/22
10158678,house,villa,2750000,forsale,1380,hyperequipped,1960,asnew,fueloil,407,7,37000,true,true,2500,true,true,true,2,10,,10/18/22
10158676,house,house,159000,forsale,4100,semiequipped,,torenovate,gas,278,2,365,,true,254,true,true,,,,,10/18/22
9939115,house,townhouse,175000,forsale,6200,semiequipped,1978,tobedoneup,,550,3,359,,,,,,,1,2,,10/18/22
10115855,house,house,175000,forsale,8370,semiequipped,,tobedoneup,gas,454,4,0,,,,,,,,,,10/18/22
10101177,house,house,175000,forsale,9660,,1935,torenovate,fueloil,549,3,481,true,true,276,,,,1,,,10/18/22
10062432,house,house,177000,forsale,8610,,1938,,,700,3,190,,true,,,,,,,,10/18/22
9912707,house,house,179000,forsale,6929,notinstalled,1850,good,,310,3,140,true,,,true,,,,1,,10/18/22
10050043,house,chalet,179000,forsale,6997,,,good,,457,2,940,,,849,true,,,,2,,10/18/22
9947184,house,house,180000,forsale,7100,,,good,,367,2,180,true,true,102,true,true,,,,,10/18/22
10101516,house,house,185000,forsale,8800,installed,,tobedoneup,gas,338,2,87,true,true,,true,,,,,,10/18/22
9928390,house,house,186000,forsale,4000,,,,electric,,2,0,,true,357,true,,,,,,10/18/22
10117826,house,house,186000,forsale,9870,installed,1956,tobedoneup,electric,791,4,309,true,,,true,,,1,,,10/18/22
9950041,house,house,189000,forsale,8760,installed,,torenovate,gas,532,4,251,,true,,,,,,,,10/18/22
9689862,house,house,189000,forsale,9910,semiequipped,,justrenovated,gas,260,3,0,,,,,,,,,,10/18/22
10105166,house,house,195000,forsale,8500,,,good,,542,3,227,,true,,,,,,,,10/18/22
9872155,house,house,195000,forsale,9900,semiequipped,,asnew,,466,2,80,,,,,,,,,,10/18/22
10129201,house,house,197000,forsale,9300,installed,1935,good,gas,587,3,110,true,true,25,,,,,,,10/18/22
9935382,house,house,199000,forsale,4030,semiequipped,,good,gas,286,2,135,,true,80,true,true,,,,,10/18/22
9971465,house,house,199000,forsale,4460,installed,1960,tobedoneup,,492,3,330,,true,,,true,,,,,10/18/22
9974710,house,house,199000,forsale,6740,installed,,,fueloil,289,2,105,,,,true,,,1,,,10/18/22
10059599,house,house,199000,forsale,8800,,1922,asnew,,277,3,139,,,,true,,,,,,10/18/22
10062863,house,house,199000,forsale,8870,semiequipped,1934,tobedoneup,,872,3,509,,true,,,,,,,,10/18/22
10044757,house,house,199000,forsale,8870,,1949,good,gas,459,2,404,,true,,,,,,,,10/18/22
10118375,house,house,199500,forsale,8800,installed,1946,good,gas,321,3,216,,true,105,,,,,,,10/18/22
10130359,house,house,200000,forsale,1400,installed,1967,good,gas,383,2,140,true,true,,true,,,,1,,10/18/22
10076882,house,house,200000,forsale,8900,,1930,,,352,3,120,,,,true,,,,,,10/18/22
10036344,house,house,204000,forsale,3540,,1953,torestore,fueloil,,3,800,true,true,400,,,,,,,10/18/22
9991097,house,mixedusebuilding,210000,forsale,7100,semiequipped,,good,fueloil,577,2,110,true,true,,,true,,,,,10/18/22
10119245,house,house,210000,forsale,9300,semiequipped,,asnew,gas,429,2,90,,,,true,,,,,,10/18/22
10049559,house,house,214900,forsale,4020,installed,,good,gas,201,4,105,true,true,,true,true,,,,,10/18/22
10106825,house,house,215000,forsale,8620,installed,1930,good,,261,1,53,,,,,,,,,,10/18/22
10119246,house,house,215000,forsale,9300,semiequipped,,torenovate,,868,5,60,,true,,,,,,,,10/18/22
10158694,house,house,375000,forsale,5020,,,,,451,4,0,,,,true,,,1,,,10/18/22
10158691,house,house,299000,forsale,9420,installed,,good,gas,,3,317,true,true,105,,,,,1,,10/18/22
10158689,apartment,apartment,349000,forsale,2000,installed,1996,good,gas,151,3,,,,,,,,1,1,,10/18/22
10158687,house,house,495000,forsale,1932,,,good,,,4,0,,,,,,,,,,10/18/22
10152494,apartmentgroup,apartmentgroup,280000-635000,forsale,8450,,,,,,,,,,,,,,,,1,10/18/22
10158685,house,house,349000,forsale,2950,,1984,,,186,3,195,,,,,true,,1,,,10/18/22
10158678,house,villa,2750000,forsale,1380,hyperequipped,1960,asnew,fueloil,407,7,37000,true,true,2500,true,true,true,2,10,,10/18/22
10158676,house,house,159000,forsale,4100,semiequipped,,torenovate,gas,278,2,365,,true,254,true,true,,,,,10/18/22
10125416,house,house,217000,forsale,8750,notinstalled,1957,torenovate,fueloil,996,3,348,,,,true,,,,2,,10/18/22
10090214,house,house,219000,forsale,7750,hyperequipped,,justrenovated,gas,133,3,79,,,79,,,,,,,10/18/22
10025458,house,house,219000,forsale,8450,notinstalled,1939,good,gas,386,4,119,,,,,,,,,,10/18/22
9451402,house,house,219000,forsale,8500,installed,1930,,,477,3,163,,true,,true,,,,,,10/18/22
10107613,house,villa,220000,forsale,7170,installed,,good,gas,392,2,460,true,true,385,true,true,,1,3,,10/18/22
10017148,house,house,224500,forsale,4420,semiequipped,,asnew,,249,4,216,true,true,90,true,true,,,,,10/18/22
10064292,house,house,224500,forsale,8680,installed,1936,good,,271,2,210,,,185,,,,1,,,10/18/22
9999657,house,house,225000,forsale,6141,,,justrenovated,gas,190,3,142,,,142,,,,,,,10/18/22
10000800,house,house,228000,forsale,4690,installed,,tobedoneup,fueloil,361,3,260,true,,100,true,,,,,,10/18/22
9986764,house,house,235000,forsale,4000,installed,,good,gas,289,4,78,,true,,,true,,,,,10/18/22
10049634,house,house,235000,forsale,4460,semiequipped,,justrenovated,gas,288,4,278,true,true,155,true,,,1,,,10/18/22
9981521,house,house,235000,forsale,5650,installed,,good,electric,611,2,1685,,,1555,,,,1,6,,10/18/22
10115779,house,house,239000,forsale,1480,,1950,,gas,273,3,284,,true,284,,true,,,,,10/18/22
10126036,house,house,239000,forsale,4020,semiequipped,,asnew,gas,420,4,180,,,80,true,,,,,,10/18/22
10051896,house,house,239000,forsale,8211,installed,,justrenovated,gas,226,3,87,,,28,true,,,,,,10/18/22
10102156,house,house,239000,forsale,8760,,1971,tobedoneup,,381,4,0,,,,,,,1,3,,10/18/22
10056986,house,house,240000,forsale,3300,,,torenovate,,1058,4,565,,true,120,true,,,2,,,10/18/22
9245103,house,mixedusebuilding,245000,forsale,8550,,,,,,1,55,,true,,true,,,,,,10/18/22
10124971,house,villa,249000,forsale,1301,installed,1952,tobedoneup,,483,3,670,,true,,true,true,,,,,10/18/22
10125385,house,house,249000,forsale,8930,notinstalled,1954,tobedoneup,gas,448,5,424,,true,266,,,,1,5,,10/18/22
9963756,house,house,249000,forsale,9600,installed,2006,asnew,gas,126,3,247,,,,true,,,,1,,10/18/22
9819446,house,house,249000,forsale,9900,installed,,asnew,gas,212,2,157,,,,,true,,,,,10/18/22
10103653,house,house,250000,forsale,6150,installed,,good,gas,293,3,939,true,,650,true,true,,2,,,10/18/22
10045993,house,house,250000,forsale,8800,installed,1937,good,gas,276,3,193,,true,90,,,,,2,,10/18/22
9909883,house,house,250000,forsale,9260,installed,1978,,,802,2,332,true,,,true,,,1,2,,10/18/22
10119473,house,house,258500,forsale,9240,installed,1941,justrenovated,,298,2,136,,,30,true,,,,,,10/18/22
10058952,house,house,259000,forsale,3300,installed,,good,,566,3,260,,,44,,,,1,,,10/18/22
10128049,house,house,259000,forsale,3620,installed,1952,,fueloil,567,3,434,,,,,,,1,,,10/18/22
10042811,house,house,259000,forsale,8790,,1939,justrenovated,,268,2,112,,true,36,,,,,,,10/18/22
9671233,house,house,259500,forsale,8434,,2003,asnew,,340,3,0,,,,,,,,,,10/18/22
10158694,house,house,375000,forsale,5020,,,,,451,4,0,,,,true,,,1,,,10/18/22
10158691,house,house,299000,forsale,9420,installed,,good,gas,,3,317,true,true,105,,,,,1,,10/18/22
10158689,apartment,apartment,349000,forsale,2000,installed,1996,good,gas,151,3,,,,,,,,1,1,,10/18/22
10158687,house,house,495000,forsale,1932,,,good,,,4,0,,,,,,,,,,10/18/22
10152494,apartmentgroup,apartmentgroup,280000-635000,forsale,8450,,,,,,,,,,,,,,,,1,10/18/22
10158685,house,house,349000,forsale,2950,,1984,,,186,3,195,,,,,true,,1,,,10/18/22
10158678,house,villa,2750000,forsale,1380,hyperequipped,1960,asnew,fueloil,407,7,37000,true,true,2500,true,true,true,2,10,,10/18/22
10158676,house,house,159000,forsale,4100,semiequipped,,torenovate,gas,278,2,365,,true,254,true,true,,,,,10/18/22
10016684,house,house,259900,forsale,9870,,,tobedoneup,fueloil,,3,648,,true,,true,,,1,,,10/18/22
10074278,house,house,260000,forsale,8650,installed,,good,gas,429,3,0,true,,,,,,,1,,10/18/22
10025651,house,house,265000,forsale,3300,,,justrenovated,gas,,3,115,,,45,true,,,,,,10/18/22
10056789,house,house,270000,forsale,3052,installed,1976,good,,457,2,1895,true,true,,,,,1,,,10/18/22
10093897,house,house,275000,forsale,2200,semiequipped,1979,torenovate,gas,440,4,518,true,,250,,,,1,1,,10/18/22
10041430,house,house,275000,forsale,8500,installed,,good,gas,334,4,0,,,,,,,,,,10/18/22
10079602,house,house,275000,forsale,8870,installed,1978,tobedoneup,,478,2,840,,,480,,,,1,3,,10/18/22
10115726,house,house,275000,forsale,9300,installed,1920,good,fueloil,340,4,150,true,true,50,,true,,,,,10/18/22
10011834,house,house,279000,forsale,6730,installed,,,wood,631,3,324,true,true,,true,,,,,,10/18/22
10106529,house,house,279000,forsale,7080,installed,,good,fueloil,423,3,550,,true,470,true,,,1,1,,10/18/22
10114720,house,mixedusebuilding,279000,forsale,7100,installed,,good,fueloil,318,3,0,true,true,,true,true,,2,4,,10/18/22
10090668,house,house,279000,forsale,8211,installed,1939,asnew,,375,3,213,,true,,,,,,,,10/18/22
10089771,house,house,279000,forsale,8501,,1976,asnew,,246,4,233,true,,,,,,1,,,10/18/22
10123327,house,house,279000,forsale,8610,installed,1966,tobedoneup,gas,577,3,462,,true,,,,,2,,,10/18/22
9998974,house,house,279000,forsale,8800,installed,,asnew,gas,257,4,270,,true,,true,true,,1,1,,10/18/22
10080135,house,house,279000,forsale,9052,,1949,justrenovated,,319,2,155,,true,,,,,,1,,10/18/22
10111681,house,house,279000,forsale,9472,installed,1965,,fueloil,514,3,306,,,,true,,,1,,,10/18/22
9869700,house,house,279000,forsale,9900,installed,1966,tobedoneup,,,3,220,true,,,true,,,,,,10/18/22
9793151,house,house,283000,forsale,9870,notinstalled,,,electric,628,3,725,,,,,,,1,,,10/18/22
9594515,house,house,289000,forsale,4252,,2020,,,,3,254,,true,,,,,,2,,10/18/22
10011835,house,house,289000,forsale,6792,semiequipped,,,fueloil,425,3,400,,true,,true,,,,,,10/18/22
10082724,house,house,290000,forsale,1457,installed,,good,,339,3,513,,true,,,true,,,,,10/18/22
10095361,house,townhouse,290000,forsale,2600,installed,1954,good,,480,3,175,,true,,true,,,1,,,10/18/22
10080321,house,house,290000,forsale,4821,installed,,tobedoneup,gas,368,6,320,,true,180,true,,,,,,10/18/22
10064854,house,apartmentblock,290000,forsale,4821,installed,,tobedoneup,gas,368,6,320,,true,180,true,,,,,,10/18/22
9849610,house,house,295000,forsale,4690,installed,1918,asnew,,263,3,0,true,,,true,,,1,4,,10/18/22
10128046,house,house,299000,forsale,3730,installed,1980,,electric,862,3,682,,,,,,,,,,10/18/22
10099593,house,house,299000,forsale,6040,installed,2008,asnew,,140,3,653,,,,true,true,,1,5,,10/18/22
10085867,house,house,299000,forsale,9320,installed,,good,gas,404,5,900,true,true,740,true,,,1,,,10/18/22
10096313,house,house,299000,forsale,9470,installed,,asnew,gas,473,3,97,,,,true,,,,,,10/18/22
10158694,house,house,375000,forsale,5020,,,,,451,4,0,,,,true,,,1,,,10/18/22
10158691,house,house,299000,forsale,9420,installed,,good,gas,,3,317,true,true,105,,,,,1,,10/18/22
10158689,apartment,apartment,349000,forsale,2000,installed,1996,good,gas,151,3,,,,,,,,1,1,,10/18/22
10158687,house,house,495000,forsale,1932,,,good,,,4,0,,,,,,,,,,10/18/22
10152494,apartmentgroup,apartmentgroup,280000-635000,forsale,8450,,,,,,,,,,,,,,,,1,10/18/22
10158685,house,house,349000,forsale,2950,,1984,,,186,3,195,,,,,true,,1,,,10/18/22
10158678,house,villa,2750000,forsale,1380,hyperequipped,1960,asnew,fueloil,407,7,37000,true,true,2500,true,true,true,2,10,,10/18/22
10158676,house,house,159000,forsale,4100,semiequipped,,torenovate,gas,278,2,365,,true,254,true,true,,,,,10/18/22
10072303,house,house,299000,forsale,9620,installed,,good,gas,,2,0,,true,,,,,,1,,10/18/22
10127611,house,house,299000,forsale,9750,,,good,,283,2,289,,,,,,,1,,,10/18/22
10120672,house,house,302000,forsale,3290,,1933,asnew,gas,397,3,278,,true,,,,,,,,10/18/22
10037383,house,townhouse,309000,forsale,2500,installed,1969,good,gas,332,3,243,,,,,,,2,2,,10/18/22
9877371,house,house,314000,forsale,6791,semiequipped,,,fueloil,439,9,875,,true,,,,,1,,,10/18/22
9985103,house,house,315000,forsale,9800,,2022,,gas,,3,96,,,,true,,,,,,10/18/22
10108324,house,house,319000,forsale,2500,installed,,asnew,gas,,2,120,,,50,,,,1,,,10/18/22
10051948,house,house,319000,forsale,8420,,1974,torenovate,,968,3,736,,,,,true,,1,,,10/18/22
10127923,house,house,319000,forsale,8850,installed,,justrenovated,gas,164,3,330,,,,,,,1,,,10/18/22
10082922,house,house,320000,forsale,2460,,,good,gas,,2,440,,,275,true,,,2,2,,10/18/22
10065970,house,house,320000,forsale,8400,installed,,good,gas,490,1,0,,,,,,,,,,10/18/22
9959974,house,house,321808,forsale,9700,,2021,,gas,,3,178,,,,true,,,1,,,10/18/22
9933074,house,house,321808,forsale,9700,,2021,,gas,,3,178,,,,true,,,1,,,10/18/22
10031894,house,house,324000,forsale,8430,installed,1964,torenovate,,929,3,1329,,,750,,,,2,2,,10/18/22
9952537,house,house,324000,forsale,8670,,1930,,,302,2,210,,true,,true,,,1,,,10/18/22
10121500,house,villa,325000,forsale,1400,,,torenovate,electric,429,3,3424,,,,,,,,,,10/18/22
10103432,house,house,325000,forsale,2880,hyperequipped,1920,,electric,626,4,440,true,,300,true,true,,1,,,10/18/22
10087575,house,house,325000,forsale,8790,,1979,tobedoneup,,509,3,564,true,,388,,,,1,,,10/18/22
9925055,house,house,329000,forsale,2560,semiequipped,1955,torenovate,gas,504,3,1219,,,,,,,1,2,,10/18/22
9945702,house,house,329000,forsale,8870,,1961,torenovate,,718,4,963,,true,,,,,1,,,10/18/22
10115200,house,house,329000,forsale,9000,,,good,,239,2,21,,true,,,,,,,,10/18/22
9868732,house,villa,330000,forsale,6596,installed,2015,asnew,,84,4,1295,,,1100,true,,,,2,,10/18/22
9704784,house,house,334000,forsale,4800,notinstalled,,torenovate,,502,3,90,,true,,,,,,,,10/18/22
10123283,house,house,335000,forsale,9000,,1850,asnew,,139,1,45,,,,,,,,,,10/18/22
10105631,house,house,335000,forsale,9630,,1970,torenovate,,724,3,1043,,true,,,,,1,,,10/18/22
9982820,house,house,335000,forsale,9800,,2022,,gas,,3,159,,,,true,,,,,,10/18/22
10080082,house,house,337000,forsale,9060,installed,1962,,fueloil,551,3,568,,,,,,,1,,,10/18/22
9986456,house,house,337970,forsale,9800,,2022,,gas,,3,164,,,,true,,,,,,10/18/22
10129388,house,house,338000,forsale,9255,hyperequipped,1953,asnew,gas,348,5,368,true,true,180,true,true,,,,,10/18/22
9914145,house,house,339000,forsale,3090,installed,,,,943,3,2525,true,true,2000,,,,2,5,,10/18/22
10158694,house,house,375000,forsale,5020,,,,,451,4,0,,,,true,,,1,,,10/18/22
10158691,house,house,299000,forsale,9420,installed,,good,gas,,3,317,true,true,105,,,,,1,,10/18/22
10158689,apartment,apartment,349000,forsale,2000,installed,1996,good,gas,151,3,,,,,,,,1,1,,10/18/22
10158687,house,house,495000,forsale,1932,,,good,,,4,0,,,,,,,,,,10/18/22
10152494,apartmentgroup,apartmentgroup,280000-635000,forsale,8450,,,,,,,,,,,,,,,,1,10/18/22
10158685,house,house,349000,forsale,2950,,1984,,,186,3,195,,,,,true,,1,,,10/18/22
10158678,house,villa,2750000,forsale,1380,hyperequipped,1960,asnew,fueloil,407,7,37000,true,true,2500,true,true,true,2,10,,10/18/22
10158676,house,house,159000,forsale,4100,semiequipped,,torenovate,gas,278,2,365,,true,254,true,true,,,,,10/18/22
10058132,house,house,339000,forsale,8600,,1930,,,157,3,413,,,166,,,,,2,,10/18/22
10034024,house,house,343000,forsale,8770,installed,,justrenovated,fueloil,456,3,660,,,,,,,1,,,10/18/22
9882501,house,house,345000,forsale,8800,hyperequipped,2016,,gas,51,3,230,,,,true,,,,,,10/18/22
10009470,house,house,345000,forsale,9470,installed,,justrenovated,gas,457,3,478,true,true,350,true,true,,1,,,10/18/22
10114255,house,house,349000,forsale,1820,installed,,asnew,gas,432,3,440,,,,,,,,,,10/18/22
10119302,house,house,349000,forsale,2223,installed,1994,tobedoneup,fueloil,297,3,553,,,,,,,1,4,,10/18/22
9411605,house,house,349000,forsale,2230,installed,1988,tobedoneup,,497,2,1280,,,,,,,1,,,10/18/22
10116952,house,house,349000,forsale,2580,,1977,torenovate,,248,3,446,,,,,,,1,,,10/18/22
9992939,house,house,349000,forsale,3500,installed,1953,,gas,345,5,767,,,,,,,1,3,,10/18/22
10019813,house,house,349000,forsale,6791,installed,,,wood,502,3,664,true,true,,,,,3,,,10/18/22
10123628,house,house,350000,forsale,1300,,,torenovate,,,4,360,,,,true,,,,,,10/18/22
9973416,house,house,350000,forsale,1410,,1970,tobedoneup,gas,228,6,600,,true,,true,,,2,4,,10/18/22
10124437,house,house,350000,forsale,9950,,1993,tobedoneup,,191,4,573,,,,,,,2,,,10/18/22
10114120,house,house,357500,forsale,8830,,1970,justrenovated,,172,4,236,,,,true,,,,2,,10/18/22
10006826,house,house,359750,forsale,9690,installed,,good,,37,4,405,,,,true,,,1,,,10/18/22
9889347,house,house,360000,forsale,6761,installed,,good,,239,7,0,,true,,,,,2,,,10/18/22
10123626,house,apartmentblock,365000,forsale,1315,,,torenovate,,,5,339,,true,,true,,,,6,,10/18/22
10072874,house,house,365000,forsale,2050,installed,2003,good,,129,4,185,,true,,,,,1,,,10/18/22
10073803,house,house,368850,forsale,9260,installed,1972,,gas,532,3,603,,true,,,true,,1,,,10/18/22
10094354,house,house,375000,forsale,2275,,1961,torenovate,,1060,5,2170,,true,,,,,1,4,,10/18/22
9949560,house,house,375000,forsale,8700,installed,,asnew,gas,417,3,158,true,true,,true,true,,,,,10/18/22
10039252,house,house,375000,forsale,9000,,1935,torenovate,,335,7,85,,true,24,,,,,,,10/18/22
10127148,house,house,378000,forsale,2550,hyperequipped,,asnew,gas,169,2,0,,,,true,,,,,,10/18/22
10100892,house,house,379000,forsale,8550,usainstalled,2022,,gas,,3,267,,,,true,,,1,2,,10/18/22
10066269,house,house,379000,forsale,9870,installed,1954,good,,296,3,256,,true,,true,,,1,2,,10/18/22
10073802,house,house,385000,forsale,8750,installed,,tobedoneup,gas,393,3,545,,true,,true,true,,,1,,10/18/22
10005492,house,house,385000,forsale,9200,,1965,asnew,,259,2,140,,true,,,true,,,,,10/18/22
10106769,house,house,389000,forsale,2950,,1950,asnew,gas,235,4,275,,,,true,,,,,,10/18/22
10127918,house,house,389000,forsale,8730,notinstalled,,justrenovated,gas,148,3,570,,,,,,,,,,10/18/22
10051755,house,house,398000,forsale,8420,,2009,asnew,,160,4,100,,,,true,,,,,,10/18/22
10158694,house,house,375000,forsale,5020,,,,,451,4,0,,,,true,,,1,,,10/18/22
10158691,house,house,299000,forsale,9420,installed,,good,gas,,3,317,true,true,105,,,,,1,,10/18/22
10158689,apartment,apartment,349000,forsale,2000,installed,1996,good,gas,151,3,,,,,,,,1,1,,10/18/22
10158687,house,house,495000,forsale,1932,,,good,,,4,0,,,,,,,,,,10/18/22
10152494,apartmentgroup,apartmentgroup,280000-635000,forsale,8450,,,,,,,,,,,,,,,,1,10/18/22
10158685,house,house,349000,forsale,2950,,1984,,,186,3,195,,,,,true,,1,,,10/18/22
10158678,house,villa,2750000,forsale,1380,hyperequipped,1960,asnew,fueloil,407,7,37000,true,true,2500,true,true,true,2,10,,10/18/22
10158676,house,house,159000,forsale,4100,semiequipped,,torenovate,gas,278,2,365,,true,254,true,true,,,,,10/18/22
10100035,house,house,399000,forsale,1180,hyperequipped,1920,,gas,,3,0,,true,,,,,1,1,,10/18/22
10087301,house,house,399000,forsale,2220,installed,1972,good,fueloil,319,4,798,,,500,true,,,3,4,,10/18/22
9978603,house,house,399000,forsale,2500,installed,1967,good,gas,122,3,234,,,,,,,,,,10/18/22
10087302,house,house,399000,forsale,2580,installed,1972,good,fueloil,319,4,798,,,500,true,,,3,4,,10/18/22
9664047,house,townhouse,399000,forsale,3140,installed,1984,good,fueloil,239,3,289,,,,,,,1,,,10/18/22
9983635,house,house,399000,forsale,4219,installed,1920,good,electric,371,4,484,true,,334,true,true,,1,2,,10/18/22
9904038,house,house,399000,forsale,6790,installed,,,fueloil,339,3,714,true,,,,true,,2,,,10/18/22
10043832,house,house,399000,forsale,8301,installed,,good,,476,2,165,,,,,,,1,,,10/18/22
9933568,house,villa,410000,forsale,7332,installed,,asnew,gas,186,4,1771,true,true,1000,true,true,,2,4,,10/18/22
9567772,house,house,410000,forsale,9660,hyperequipped,,asnew,,,3,695,,,,true,,,,1,,10/18/22
10083047,house,house,415000,forsale,7700,,,good,,233,3,1145,,true,,,,,1,,,10/18/22
9966374,house,villa,415000,forsale,9420,installed,,good,gas,415,5,1388,true,,1200,true,true,,2,1,,10/18/22
10063619,house,apartmentblock,419000,forsale,8400,,1958,good,,380,6,138,,,,,,,1,,,10/18/22
10041961,house,house,425000,forsale,1570,hyperequipped,,asnew,,42,4,280,true,,400,true,,,,1,,10/18/22
10034531,house,exceptionalproperty,425000,forsale,6900,installed,,good,fueloil,334,5,676,,,676,true,true,true,,4,,10/18/22
10098138,house,house,425000,forsale,9300,usainstalled,,good,gas,291,5,226,true,true,96,true,true,,,,,10/18/22
10128739,house,villa,430000,forsale,7061,installed,1996,,fueloil,56343,3,1700,,,1500,true,,,1,,,10/18/22
10094360,house,house,437000,forsale,8540,installed,1986,good,,199,3,642,,true,,,,,1,,,10/18/22
10113242,house,townhouse,439000,forsale,6760,installed,2003,,,178,3,580,,,,,,,1,,,10/18/22
10111508,house,apartmentblock,439000,forsale,8400,,1918,good,,261,5,136,,true,,,,,,,,10/18/22
10008934,house,house,445000,forsale,1120,installed,1939,,fueloil,753,5,297,,true,135,true,,,2,2,,10/18/22
10067404,house,house,449000,forsale,1650,installed,,good,,325,3,353,,true,,true,true,,,2,,10/18/22
10067403,house,house,449000,forsale,1653,installed,,good,,325,3,353,,true,,true,true,,,2,,10/18/22
10049547,house,house,449000,forsale,2000,installed,,good,gas,486,3,0,,true,,true,,,,,,10/18/22
9827053,house,mixedusebuilding,449000,forsale,2170,installed,1938,good,gas,318,5,273,,true,105,true,true,,,,,10/18/22
10128047,house,house,449000,forsale,3730,installed,1996,,fueloil,265,3,939,,true,,,,,1,,,10/18/22
10079954,house,house,449000,forsale,8470,,2013,asnew,,135,3,426,,,,true,,,1,2,,10/18/22
10061289,house,house,450000,forsale,1020,,1968,torenovate,gas,300,4,1,,true,,,,,,,,10/18/22
9774174,house,house,450000,forsale,1050,installed,1930,good,gas,480,2,0,true,true,,,,,,,,10/18/22
10049506,house,house,455000,forsale,1501,installed,2003,good,,261,3,557,,,,true,,,1,,,10/18/22
10158694,house,house,375000,forsale,5020,,,,,451,4,0,,,,true,,,1,,,10/18/22
10158691,house,house,299000,forsale,9420,installed,,good,gas,,3,317,true,true,105,,,,,1,,10/18/22
10158689,apartment,apartment,349000,forsale,2000,installed,1996,good,gas,151,3,,,,,,,,1,1,,10/18/22
10158687,house,house,495000,forsale,1932,,,good,,,4,0,,,,,,,,,,10/18/22
10152494,apartmentgroup,apartmentgroup,280000-635000,forsale,8450,,,,,,,,,,,,,,,,1,10/18/22
10158685,house,house,349000,forsale,2950,,1984,,,186,3,195,,,,,true,,1,,,10/18/22
10158678,house,villa,2750000,forsale,1380,hyperequipped,1960,asnew,fueloil,407,7,37000,true,true,2500,true,true,true,2,10,,10/18/22
10158676,house,house,159000,forsale,4100,semiequipped,,torenovate,gas,278,2,365,,true,254,true,true,,,,,10/18/22
9978569,house,house,455000,forsale,8370,,1972,,,194,4,201,,,,true,,,1,,,10/18/22
10053905,house,house,465000,forsale,9000,installed,,asnew,gas,281,2,90,,true,,true,true,,,,,10/18/22
10077793,house,house,479000,forsale,8450,,1987,justrenovated,,229,3,591,,true,,,,,,1,,10/18/22
10103602,house,house,479000,forsale,9270,,2006,asnew,,83,4,363,,,,,,,1,,,10/18/22
10120778,house,exceptionalproperty,480000,forsale,7331,,,torenovate,gas,,15,480,,,,,true,,5,6,,10/18/22
9978622,house,villa,492150,forsale,8570,,2022,asnew,,,4,599,true,,,,true,,2,2,,10/18/22
10123346,house,house,498000,forsale,9600,,1938,good,gas,459,4,360,,true,,true,,,1,,,10/18/22
9965419,house,house,499000,forsale,1570,hyperequipped,,asnew,,42,4,560,true,,400,true,,true,,1,,10/18/22
10113115,house,house,499000,forsale,5300,hyperequipped,1993,good,fueloil,191,6,2642,,true,1,true,true,true,2,3,,10/18/22
10066662,house,countrycottage,510000,forsale,9900,notinstalled,1900,torenovate,,1062,5,3460,,true,,,,,,,,10/18/22
9902166,house,house,520000,forsale,9280,,1960,asnew,,174,4,292,,,,true,true,,1,,,10/18/22
10029333,house,house,525000,forsale,7000,hyperequipped,1850,asnew,gas,270,4,710,true,,,true,true,,2,2,,10/18/22
10100863,house,villa,535000,forsale,8460,installed,1992,good,,220,4,1128,,true,,,,,1,,,10/18/22
10127472,house,house,545000,forsale,2140,installed,,asnew,,227,4,67,,,,true,,,,,,10/18/22
10047550,house,mansion,545000,forsale,3001,,1899,good,gas,,3,160,,true,,,,,,,,10/18/22
9713570,house,house,549000,forsale,8430,installed,1908,good,,348,6,0,,,78,,,,,,,10/18/22
10025006,house,exceptionalproperty,575000,forsale,2000,installed,,good,,466,2,45,,true,,true,,,,,,10/18/22
10034052,house,house,575000,forsale,8531,,1988,tobedoneup,,298,3,806,true,,,true,true,,1,,,10/18/22
10009035,house,villa,579000,forsale,1670,installed,2000,good,,244,4,797,,,,true,true,,,,,10/18/22
9914444,house,exceptionalproperty,590000,forsale,1400,,1890,,,395,6,492,,true,220,,,,1,,,10/18/22
10117071,house,house,595000,forsale,8850,semiequipped,1979,asnew,gas,353,3,5151,,,,true,,,1,1,,10/18/22
10099226,house,house,599000,forsale,9180,,1977,asnew,,215,6,420,,true,,,,,,,,10/18/22
9849390,house,villa,611000,forsale,8720,,1978,tobedoneup,,580,4,3667,,,,,true,,1,,,10/18/22
10101528,house,house,615000,forsale,8020,usahyperequipped,,asnew,gas,283,4,2186,,,,,,,1,,,10/18/22
10027063,house,townhouse,625000,forsale,1140,installed,1962,tobedoneup,gas,401,5,400,true,true,25,true,true,,2,2,,10/18/22
10098762,house,mixedusebuilding,625000,forsale,2220,installed,1969,asnew,gas,246,0,501,,,,,,,1,12,,10/18/22
9941240,house,house,625000,forsale,9320,installed,1960,tobedoneup,gas,,4,1476,true,true,,true,,,2,,,10/18/22
9779819,house,house,649000,forsale,4680,hyperequipped,1996,asnew,fueloil,215,6,4200,,true,4026,true,,,1,4,,10/18/22
10131171,house,villa,650000,forsale,1420,installed,1979,tobedoneup,gas,323,5,2206,true,true,1700,true,true,,3,8,,10/18/22
9490845,house,house,650000,forsale,3300,installed,1973,good,electric,612,4,0,,true,500,,,,10,10,,10/18/22
10158694,house,house,375000,forsale,5020,,,,,451,4,0,,,,true,,,1,,,10/18/22
10158691,house,house,299000,forsale,9420,installed,,good,gas,,3,317,true,true,105,,,,,1,,10/18/22
10158689,apartment,apartment,349000,forsale,2000,installed,1996,good,gas,151,3,,,,,,,,1,1,,10/18/22
10158687,house,house,495000,forsale,1932,,,good,,,4,0,,,,,,,,,,10/18/22
10152494,apartmentgroup,apartmentgroup,280000-635000,forsale,8450,,,,,,,,,,,,,,,,1,10/18/22
10158685,house,house,349000,forsale,2950,,1984,,,186,3,195,,,,,true,,1,,,10/18/22
10158678,house,villa,2750000,forsale,1380,hyperequipped,1960,asnew,fueloil,407,7,37000,true,true,2500,true,true,true,2,10,,10/18/22
10158676,house,house,159000,forsale,4100,semiequipped,,torenovate,gas,278,2,365,,true,254,true,true,,,,,10/18/22
10119419,house,house,665000,forsale,9000,installed,1890,asnew,gas,232,5,128,,true,,,true,,,,,10/18/22
10117245,house,house,675000,forsale,1180,,,torenovate,gas,,4,327,,true,,true,,,1,2,,10/18/22
10043418,house,villa,675000,forsale,3570,hyperequipped,1994,,fueloil,229,5,984,,true,,,,,2,,,10/18/22
10047476,house,house,695000,forsale,3830,hyperequipped,2020,,,93,3,1240,,,890,true,true,,,5,,10/18/22
10080161,house,townhouse,699000,forsale,1200,installed,1972,tobedoneup,electric,435,4,121,,,,true,,,1,,,10/18/22
9688315,house,house,730000,forsale,1420,usahyperequipped,1940,asnew,,185,4,490,,,180,true,true,,1,2,,10/18/22
10107703,house,house,749000,forsale,6780,installed,,,fueloil,170,7,1110,,true,,true,,,2,4,,10/18/22
9756462,house,house,750000,forsale,1050,installed,,good,,752,11,270,,,70,true,,,,,,10/18/22
9994931,house,house,790000,forsale,8510,,1991,,,270,6,1237,,,,,,,1,2,,10/18/22
9687369,house,house,800000,forsale,1370,,,good,pellet,275,9,1768,,,,true,,true,2,4,,10/18/22
10102352,house,apartmentblock,820000,forsale,3090,,1979,good,gas,,0,436,,,,,,,,,,10/18/22
10094114,house,villa,845000,forsale,3053,installed,1950,,gas,127,4,712,,,,true,true,,1,2,,10/18/22
9933475,house,villa,849000,forsale,3012,hyperequipped,1974,,fueloil,270,5,2040,,true,600,true,true,,1,,,10/18/22
9839652,house,house,849000,forsale,8434,,1996,good,,215,3,566,,,100,,,,1,2,,10/18/22
10047728,house,villa,850000,forsale,9000,installed,1952,asnew,fueloil,380,4,1660,,true,1410,true,,,3,3,,10/18/22
10047756,house,villa,850000,forsale,9080,installed,1952,asnew,fueloil,380,4,1660,,true,1410,true,,,3,3,,10/18/22
10106766,house,villa,862500,forsale,2610,installed,1995,,gas,147,3,740,,,510,,,,1,,,10/18/22
10080075,house,exceptionalproperty,885000,forsale,3840,usahyperequipped,2012,,,,3,977,,,,,true,,1,,,10/18/22
9979005,house,house,900000,forsale,1050,installed,,good,,,5,0,true,true,30,true,,,,,,10/18/22
10099313,house,villa,925000,forsale,2280,hyperequipped,2012,asnew,gas,111,3,1228,,,,true,,,1,,,10/18/22
9216828,house,villa,929000,forsale,8400,installed,2002,asnew,,177,4,830,,true,,,,true,1,2,,10/18/22
10073312,house,house,945000,forsale,8300,,,good,,200,4,138,,,,true,,,1,,,10/18/22
10090762,house,exceptionalproperty,950000,forsale,5530,installed,2005,asnew,,112,6,2928,true,true,2728,true,true,true,1,8,,10/18/22
10090166,house,house,995000,forsale,9090,hyperequipped,2016,,gas,62,4,551,,true,,,true,,2,,,10/18/22
9947489,house,villa,1195000,forsale,8340,,1986,,,148,6,5420,,,,true,,,1,,,10/18/22
10105120,house,house,1250000,forsale,8420,installed,,good,,226,5,442,,true,,,,,,2,,10/18/22
9808065,house,exceptionalproperty,1300000,forsale,4900,,1890,good,fueloil,415,9,7205,,,,,,,2,10,,10/18/22
9908526,house,villa,1350000,forsale,3070,,1950,,fueloil,,5,4843,,true,4000,true,true,,,6,,10/18/22
9908525,house,exceptionalproperty,1350000,forsale,3070,,1950,,fueloil,,5,4843,,true,4000,true,true,,,6,,10/18/22
9908524,house,mansion,1350000,forsale,3070,,1950,,fueloil,,5,4843,,true,4000,true,true,,,6,,10/18/22
10158694,house,house,375000,forsale,5020,,,,,451,4,0,,,,true,,,1,,,10/18/22
10158691,house,house,299000,forsale,9420,installed,,good,gas,,3,317,true,true,105,,,,,1,,10/18/22
10158689,apartment,apartment,349000,forsale,2000,installed,1996,good,gas,151,3,,,,,,,,1,1,,10/18/22
10158687,house,house,495000,forsale,1932,,,good,,,4,0,,,,,,,,,,10/18/22
10152494,apartmentgroup,apartmentgroup,280000-635000,forsale,8450,,,,,,,,,,,,,,,,1,10/18/22
10158685,house,house,349000,forsale,2950,,1984,,,186,3,195,,,,,true,,1,,,10/18/22
10158678,house,villa,2750000,forsale,1380,hyperequipped,1960,asnew,fueloil,407,7,37000,true,true,2500,true,true,true,2,10,,10/18/22
10158676,house,house,159000,forsale,4100,semiequipped,,torenovate,gas,278,2,365,,true,254,true,true,,,,,10/18/22
10083532,house,house,1445000,forsale,1800,,1891,asnew,gas,305,5,6291,true,true,6000,true,true,,1,3,,10/18/22
10093703,house,villa,1595000,forsale,9992,hyperequipped,2013,asnew,gas,113,6,3380,true,,,true,,true,2,,,10/18/22
9981545,house,house,1850000,forsale,3140,hyperequipped,2019,asnew,,72,4,3400,,,,true,true,true,,4,,10/18/22
10030754,house,mixedusebuilding,1900000,forsale,1300,,,torenovate,,,0,5900,,,,true,,,,50,,10/18/22
10095095,house,villa,1985000,forsale,1640,,1900,asnew,,,6,2200,true,true,,true,true,,2,,,10/18/22
9955197,house,house,1995000,forsale,9850,hyperequipped,1879,,gas,335,5,1717,,,,true,true,true,,4,,10/18/22
9899230,house,castle,2300000,forsale,4317,installed,,good,,345,8,50000,,,,,,,6,50,,10/18/22
9475248,house,castle,2300000,forsale,4317,installed,,good,,345,8,50000,,,,,,,6,50,,10/18/22
10013075,house,villa,2690000,forsale,1640,usahyperequipped,2012,,,141,5,1940,,true,1640,true,true,true,1,2,,10/18/22
10107476,house,villa,3650000,forsale,8300,installed,1946,good,gas,267,5,515,,,,true,,,1,3,,10/18/22
9947499,house,castle,4450000,forsale,2980,,1787,,,201,5,14840,,,,,,,,,,10/18/22
10157969,house,house,145000,forsale,5600,usasemiequipped,,good,fueloil,341,2,0,,true,,,,,1,,,10/18/22
10157318,house,house,298000,forsale,2220,,,asnew,gas,517,3,156,,,,,,,,,,10/18/22
10157282,house,house,360000,forsale,9050,,,asnew,,263,3,117,,true,,true,,,,,,10/18/22
10157279,house,house,419000,forsale,9230,,2016,,,139,4,260,,,,true,,,1,2,,10/18/22
10158612,house,house,485000,forsale,1800,usainstalled,1918,good,gas,198,6,230,,true,56,,true,,2,,,10/18/22
10132249,house,house,192000,forsale,7900,hyperequipped,1970,torenovate,,365,2,601,,,500,true,true,,1,,,10/18/22
10132362,house,house,349000,forsale,9990,installed,1959,,gas,316,3,473,true,,,true,,,1,3,,10/18/22
10132470,house,house,475000,forsale,2490,usahyperequipped,1993,,fueloil,275,3,1623,,,,true,true,,1,1,,10/18/22
10147345,house,villa,279000,forsale,7100,hyperequipped,2022,,gas,,3,217,,,,true,,,1,,1,10/18/22
10147308,house,villa,279000,forsale,7100,hyperequipped,2022,,gas,,3,224,,,,true,,,1,,1,10/18/22
10147326,house,villa,285000,forsale,7100,hyperequipped,2022,,gas,,3,331,,,,true,,,1,1,1,10/18/22
10147360,house,villa,299000,forsale,7100,hyperequipped,2022,,gas,,3,321,,,,true,,,1,1,1,10/18/22
10147337,house,villa,299000,forsale,7100,hyperequipped,2022,,gas,,3,254,,,,true,,,1,1,1,10/18/22
10147334,house,villa,299000,forsale,7100,hyperequipped,2022,,gas,,3,256,,,,true,,,1,1,1,10/18/22
10136160,house,house,495000,forsale,1410,,1900,torenovate,gas,314,5,850,true,true,550,true,true,true,,,,10/18/22
10132166,housegroup,housegroup,545500-632800,forsale,8500,,,,,,,,,,,,,,,,1,10/18/22
10135346,house,house,225000,forsale,8400,installed,,justrenovated,gas,223,3,50,true,true,,,,,,,,10/18/22
10133937,house,house,240000,forsale,7020,installed,1971,asnew,gas,431,4,797,,,,,,,,,,10/18/22
10135168,house,house,245000,forsale,2920,,1979,tobedoneup,,637,4,9953,true,,,true,,,,,,10/18/22
10158694,house,house,375000,forsale,5020,,,,,451,4,0,,,,true,,,1,,,10/18/22
10158691,house,house,299000,forsale,9420,installed,,good,gas,,3,317,true,true,105,,,,,1,,10/18/22
10158689,apartment,apartment,349000,forsale,2000,installed,1996,good,gas,151,3,,,,,,,,1,1,,10/18/22
10158687,house,house,495000,forsale,1932,,,good,,,4,0,,,,,,,,,,10/18/22
10152494,apartmentgroup,apartmentgroup,280000-635000,forsale,8450,,,,,,,,,,,,,,,,1,10/18/22
10158685,house,house,349000,forsale,2950,,1984,,,186,3,195,,,,,true,,1,,,10/18/22
10158678,house,villa,2750000,forsale,1380,hyperequipped,1960,asnew,fueloil,407,7,37000,true,true,2500,true,true,true,2,10,,10/18/22
10158676,house,house,159000,forsale,4100,semiequipped,,torenovate,gas,278,2,365,,true,254,true,true,,,,,10/18/22
9875795,house,house,325000,forsale,3840,,1963,,gas,342,3,481,true,true,,,,,1,,,10/18/22
10134181,house,house,340000,forsale,2320,,1962,torenovate,,730,3,2072,true,true,,,,,1,,,10/18/22
10135044,house,house,370000,forsale,3020,installed,1993,,,359,5,295,,,,true,,,1,,,10/18/22
10151768,house,house,391000,forsale,1360,usahyperequipped,,asnew,gas,,3,285,true,,214,true,,,,2,1,10/18/22
10151766,house,house,392000,forsale,1360,usahyperequipped,,asnew,gas,,3,272,true,,200,true,,,,2,1,10/18/22
10138770,house,house,129000,forsale,9100,,,torenovate,gas,635,2,70,,,,true,,,,,,10/18/22
10140072,house,house,199000,forsale,8900,notinstalled,,good,,239,3,67,,,,,,,,,,10/18/22
9848008,house,house,250000,forsale,9900,,2020,,gas,,3,225,true,,225,true,,,,1,1,10/18/22
9272939,house,house,259900,forsale,6044,,2022,,gas,,3,389,true,,304,true,,,1,2,1,10/18/22
9272940,house,house,264900,forsale,6044,,2022,,gas,,3,414,true,,329,true,,,1,1,1,10/18/22
9272941,house,house,269900,forsale,6044,,2022,,gas,,3,560,true,,475,true,,,1,2,1,10/18/22
10139506,house,house,310000,forsale,4041,installed,,,fueloil,313,3,0,,,,,,,1,1,,10/18/22
10122101,house,house,375000,forsale,3980,hyperequipped,2022,,gas,,3,536,true,,,,,,,2,1,10/18/22
9950722,house,house,425000,forsale,1790,,2022,,,,4,563,true,,1,true,,,1,1,1,10/18/22
10056492,house,house,440000,forsale,3473,,2022,asnew,,,3,972,true,,843,true,,,,1,1,10/18/22
10114805,house,house,444050,forsale,9400,hyperequipped,,asnew,,,3,486,,,,true,,,1,1,1,10/18/22
10114806,house,house,454975,forsale,9400,hyperequipped,,asnew,,,3,497,,,,true,,,1,1,1,10/18/22
9969779,house,villa,470661,forsale,8800,hyperequipped,2021,asnew,,,3,378,,,,,,,,2,1,10/18/22
10143461,house,house,135000,forsale,8850,,1850,torenovate,,825,5,1618,true,true,,,,,1,,,10/18/22
10143755,house,house,169000,forsale,8510,,1936,good,,467,3,240,,true,,,,,,,,10/18/22
10143119,house,bungalow,350000,forsale,1300,installed,1975,good,gas,340,3,697,true,true,555,true,,,1,2,,10/18/22
10144506,house,mixedusebuilding,425000,forsale,1030,,2021,,,,3,0,,,,,,,,,,10/18/22
10143349,house,bungalow,449000,forsale,1982,,1974,,,670,3,663,true,true,,true,,,1,,,10/18/22
10144526,house,house,449000,forsale,9230,,,good,gas,356,3,220,,,,true,,,1,1,,10/18/22
10143359,house,apartmentblock,450000,forsale,5550,usainstalled,1965,good,gas,214,7,385,,,200,true,,,,3,,10/18/22
10143278,house,house,495000,forsale,3111,,1810,asnew,,728,6,733,,true,,true,true,,,,,10/18/22
10146340,house,house,298000,forsale,2580,,1954,asnew,,335,3,195,,,,,,,,,,10/18/22
10146372,house,house,309000,forsale,8740,installed,,justrenovated,,189,4,234,true,true,,true,,,,,,10/18/22
10146637,house,house,575000,forsale,9990,installed,,,,296,6,964,,,,,,,1,,,10/18/22
10023223,house,house,159000,forsale,6040,notinstalled,1935,torenovate,gas,705,4,400,,true,250,true,,,1,1,,10/18/22
10158694,house,house,375000,forsale,5020,,,,,451,4,0,,,,true,,,1,,,10/18/22
10158691,house,house,299000,forsale,9420,installed,,good,gas,,3,317,true,true,105,,,,,1,,10/18/22
10158689,apartment,apartment,349000,forsale,2000,installed,1996,good,gas,151,3,,,,,,,,1,1,,10/18/22
10158687,house,house,495000,forsale,1932,,,good,,,4,0,,,,,,,,,,10/18/22
10152494,apartmentgroup,apartmentgroup,280000-635000,forsale,8450,,,,,,,,,,,,,,,,1,10/18/22
10158685,house,house,349000,forsale,2950,,1984,,,186,3,195,,,,,true,,1,,,10/18/22
10158678,house,villa,2750000,forsale,1380,hyperequipped,1960,asnew,fueloil,407,7,37000,true,true,2500,true,true,true,2,10,,10/18/22
10158676,house,house,159000,forsale,4100,semiequipped,,torenovate,gas,278,2,365,,true,254,true,true,,,,,10/18/22
10050515,house,house,199000,forsale,7180,semiequipped,1905,good,gas,547,2,330,true,true,330,true,,,,,,10/18/22
10050514,house,house,199000,forsale,7181,semiequipped,1905,good,gas,547,2,330,true,true,330,true,,,,,,10/18/22
10129099,house,house,200000,forsale,6230,installed,1967,good,gas,383,2,140,true,true,,true,,,,1,,10/18/22
10007709,house,mixedusebuilding,240000,forsale,1420,semiequipped,1930,good,gas,373,2,50,,true,,,,,,,,10/18/22
10112759,house,house,245000,forsale,1420,semiequipped,1920,tobedoneup,gas,411,3,162,true,true,40,true,,,1,,,10/18/22
10063444,house,house,249000,forsale,6000,installed,1950,good,gas,310,3,280,true,true,150,true,,,1,1,,10/18/22
10064769,house,house,249000,forsale,6042,installed,1950,good,gas,310,3,280,true,true,150,true,,,1,1,,10/18/22
10063443,house,house,299000,forsale,6210,installed,1980,good,fueloil,348,4,222,,true,70,true,,,1,1,,10/18/22
10104226,house,house,299000,forsale,9300,usahyperequipped,1960,tobedoneup,gas,342,4,1,,true,200,true,true,,,,,10/18/22
10119735,house,villa,350000,forsale,1330,hyperequipped,1961,tobedoneup,gas,566,2,556,,,556,true,,,1,3,,10/18/22
10115965,house,house,385000,forsale,1420,usainstalled,1907,tobedoneup,gas,236,4,765,true,true,500,,true,,,5,,10/18/22
10096652,house,house,385000,forsale,7060,usahyperequipped,1975,asnew,gas,138,5,549,true,,300,true,true,true,,2,,10/18/22
10096654,house,house,385000,forsale,7062,usahyperequipped,1975,asnew,gas,138,5,549,true,,300,true,true,true,,2,,10/18/22
10106815,house,house,395000,forsale,1332,semiequipped,1920,good,gas,140,3,454,,,454,true,,,,1,,10/18/22
10076643,house,house,395000,forsale,1420,semiequipped,1972,tobedoneup,fueloil,318,4,409,true,true,300,true,true,,1,,,10/18/22
10084273,house,house,419000,forsale,1702,usahyperequipped,1965,good,gas,232,4,138,true,true,40,true,true,,1,,,10/18/22
10109576,house,villa,439000,forsale,6230,usahyperequipped,1993,good,fueloil,311,5,1396,,true,800,true,,,2,6,,10/18/22
10096640,house,villa,445000,forsale,1300,hyperequipped,1970,good,gas,287,3,890,,,890,true,true,,1,4,,10/18/22
10099048,house,villa,469000,forsale,6210,usahyperequipped,2001,good,fueloil,360,4,800,true,true,500,true,true,,1,2,,10/18/22
10122240,house,villa,480000,forsale,1420,hyperequipped,1920,asnew,gas,435,3,800,true,true,500,true,true,,1,3,,10/18/22
10087695,house,apartmentblock,715000,forsale,1400,installed,1975,good,gas,353,7,158,,,,true,,,,,,10/18/22
10017402,house,villa,795000,forsale,1330,hyperequipped,1973,good,fueloil,322,5,1523,,,1523,true,true,,,1,,10/18/22
10052184,house,villa,800000,forsale,1380,installed,1970,good,fueloil,164,8,2000,,true,2000,true,true,,2,10,,10/18/22
10119737,house,house,845000,forsale,1180,hyperequipped,1955,asnew,gas,325,4,870,true,true,870,true,true,,2,2,,10/18/22
10149465,house,house,25000,forsale,4280,,,torestore,,720,3,774,,,,,,,1,1,,10/18/22
10148877,house,house,165000,forsale,6790,installed,1973,torenovate,fueloil,353,3,911,true,,,true,,,1,,,10/18/22
10110469,house,house,265000,forsale,8450,,,,gas,184,3,260,,,100,true,,,,4,,10/18/22
10150562,house,mixedusebuilding,495000,forsale,4610,hyperequipped,,good,gas,319,5,338,,true,70,true,,,,,,10/18/22
10155343,house,countrycottage,75000,forsale,5540,,,good,gas,,1,600,,,600,true,,,,,,10/18/22
10155369,house,townhouse,99000,forsale,5500,,,torenovate,,583,4,50,true,true,,,,,,,,10/18/22
10158694,house,house,375000,forsale,5020,,,,,451,4,0,,,,true,,,1,,,10/18/22
10158691,house,house,299000,forsale,9420,installed,,good,gas,,3,317,true,true,105,,,,,1,,10/18/22
10158689,apartment,apartment,349000,forsale,2000,installed,1996,good,gas,151,3,,,,,,,,1,1,,10/18/22
10158687,house,house,495000,forsale,1932,,,good,,,4,0,,,,,,,,,,10/18/22
10152494,apartmentgroup,apartmentgroup,280000-635000,forsale,8450,,,,,,,,,,,,,,,,1,10/18/22
10158685,house,house,349000,forsale,2950,,1984,,,186,3,195,,,,,true,,1,,,10/18/22
10158678,house,villa,2750000,forsale,1380,hyperequipped,1960,asnew,fueloil,407,7,37000,true,true,2500,true,true,true,2,10,,10/18/22
10158676,house,house,159000,forsale,4100,semiequipped,,torenovate,gas,278,2,365,,true,254,true,true,,,,,10/18/22
10155811,house,house,170000,forsale,9100,,1954,,,469,3,178,true,true,,,,,,,,10/18/22
10156595,house,house,230000,forsale,5190,notinstalled,,,,,2,0,,true,,,,,,,,10/18/22
10090678,house,house,240000,forsale,2500,,,torenovate,,595,2,127,true,,,,true,,,,,10/18/22
10156229,house,countrycottage,285000,forsale,6230,usainstalled,,torenovate,pellet,1861,3,1230,true,true,700,true,true,,,10,,10/18/22
10132207,house,house,325000,forsale,9280,,1968,torenovate,,1023,2,2100,,,,,,,,,,10/18/22
10156724,house,house,359000,forsale,8810,,,good,gas,544,0,191,,,,,,,,,,10/18/22
10155353,house,townhouse,374000,forsale,5500,,,tobedoneup,,323,4,135,true,true,,,,,,,,10/18/22
10076317,house,townhouse,125000,forsale,8400,,1963,torenovate,gas,564,3,150,true,true,,,,,1,,,10/18/22
10131434,house,apartmentblock,169000,forsale,4000,,,tobedoneup,gas,489,3,100,,true,64,,,,,,,10/18/22
10131964,house,villa,270000,forsale,5020,,2022,asnew,,,3,820,,,820,,true,,,3,,10/18/22
10130300,house,house,499000,forsale,3000,installed,,good,gas,158,5,376,true,,,true,,true,,,,10/18/22
10130301,house,house,499000,forsale,3012,installed,,good,gas,158,5,376,true,,,true,,true,,,,10/18/22
10131890,house,apartmentblock,500000,forsale,1300,,,tobedoneup,gas,547,0,0,,true,,true,true,,,,,10/18/22
10131551,house,villa,620000,forsale,9080,hyperequipped,2017,asnew,,,2,1391,true,,1177,true,true,,1,3,,10/18/22
10131347,house,house,859448,forsale,2000,,1893,asnew,gas,,4,0,true,true,700,true,,,,,,10/18/22
10131899,house,apartmentblock,1000000,forsale,5300,,1902,,fueloil,272,0,0,,,,,true,,,,,10/18/22
10054691,housegroup,housegroup,1130000-1140000,forsale,9000,,,,,,,,,,,,,,,,1,10/18/22
10038228,house,house,275000,forsale,7500,semiequipped,,good,fueloil,197,4,0,,true,,true,,,,,,10/18/22
10133408,house,house,495000,forsale,8434,installed,,justrenovated,gas,294,4,800,,,680,,,,,1,,10/18/22
10133414,house,house,539000,forsale,9810,,1991,asnew,,498,2,1256,true,,1256,true,true,,2,5,,10/18/22
10136154,house,house,325000,forsale,2040,,1970,good,gas,449,5,328,true,true,,true,,,2,4,,10/18/22
10077934,house,villa,399000,forsale,8210,installed,1972,,fueloil,832,4,1704,,,,,,,1,,,10/18/22
10136333,house,villa,479500,forsale,8560,usahyperequipped,,justrenovated,gas,424,4,734,true,true,,true,,,1,3,,10/18/22
10142563,house,apartmentblock,125000,forsale,6200,semiequipped,,torenovate,gas,357,1,125,,,,,,,,1,,10/18/22
10142066,house,house,199000,forsale,2600,,1899,torenovate,,674,4,125,,,,,,,,,,10/18/22
10140723,house,house,199000,forsale,9500,installed,,torenovate,,936,3,1170,,,,true,,,1,,,10/18/22
10142477,house,house,250000,forsale,1490,,,,pellet,407,8,700,,,,,,,,,,10/18/22
10142333,house,house,275000,forsale,8000,,1964,,gas,399,3,194,,,,true,,,,,,10/18/22
10140631,house,house,289000,forsale,9230,,1965,good,,442,3,247,,,,,,,,,,10/18/22
10141461,house,house,299000,forsale,8490,installed,1961,good,,,3,849,,,,,,,1,,,10/18/22
10158694,house,house,375000,forsale,5020,,,,,451,4,0,,,,true,,,1,,,10/18/22
10158691,house,house,299000,forsale,9420,installed,,good,gas,,3,317,true,true,105,,,,,1,,10/18/22
10158689,apartment,apartment,349000,forsale,2000,installed,1996,good,gas,151,3,,,,,,,,1,1,,10/18/22
10158687,house,house,495000,forsale,1932,,,good,,,4,0,,,,,,,,,,10/18/22
10152494,apartmentgroup,apartmentgroup,280000-635000,forsale,8450,,,,,,,,,,,,,,,,1,10/18/22
10158685,house,house,349000,forsale,2950,,1984,,,186,3,195,,,,,true,,1,,,10/18/22
10158678,house,villa,2750000,forsale,1380,hyperequipped,1960,asnew,fueloil,407,7,37000,true,true,2500,true,true,true,2,10,,10/18/22
10158676,house,house,159000,forsale,4100,semiequipped,,torenovate,gas,278,2,365,,true,254,true,true,,,,,10/18/22
10142064,house,house,385000,forsale,2930,,1981,,,230,4,325,,,,,,,2,,,10/18/22
10142342,house,house,389000,forsale,1500,installed,1983,good,,,3,440,,,,true,,,1,,,10/18/22
10142341,house,house,389000,forsale,1502,installed,1983,good,,,3,440,,,,true,,,1,,,10/18/22
10144908,house,house,355000,forsale,9400,,1985,good,,,3,365,,,,,,,,,,10/18/22
10144907,house,house,355000,forsale,9406,,1985,good,,,3,365,,,,,,,,,,10/18/22
10092660,house,house,365000,forsale,8020,installed,,asnew,fueloil,480,3,600,,,,,,,,,,10/18/22
10145873,house,house,365000,forsale,9840,,1936,asnew,,970,3,670,,true,,true,,,1,,,10/18/22
10145041,house,house,419000,forsale,9820,,1936,,,312,3,533,,,,,,,1,,,10/18/22
10144939,house,house,489000,forsale,8600,,1999,,,385,4,961,,true,,true,true,,2,1,,10/18/22
10144960,house,villa,1285000,forsale,8200,installed,1963,asnew,fueloil,231,5,0,,,,,true,,1,8,,10/18/22
10155474,house,house,495000,forsale,1410,semiequipped,1982,good,gas,487,3,856,true,true,450,true,true,,1,1,,10/18/22
10147324,house,house,230000,forsale,4100,usainstalled,,good,gas,,4,440,,,1,true,,,,,,10/18/22
10147069,house,house,330000,forsale,6010,installed,,good,gas,239,6,400,true,true,400,true,true,,1,2,,10/18/22
10147449,house,house,470000,forsale,5190,hyperequipped,,good,electric,,5,1061,,,1,true,,,,,,10/18/22
10147951,house,house,510000,forsale,1315,semiequipped,,torenovate,fueloil,516,5,2000,true,true,1200,,true,,1,4,,10/18/22
10151884,house,house,99000,forsale,7900,semiequipped,,torenovate,gas,433,3,227,true,true,,,,,1,,,10/18/22
10153509,house,house,155000,forsale,9280,,1977,,,674,3,612,,,,true,,,1,,,10/18/22
10153265,house,house,235000,forsale,9940,,1962,,,1010,3,365,,true,,true,,,2,,,10/18/22
10151420,house,house,275000,forsale,8200,installed,,tobedoneup,gas,,4,398,,,,,,,,,,10/18/22
10154017,house,house,349000,forsale,8000,installed,,good,gas,183,3,68,,,,true,,,,,,10/18/22
10153027,house,house,560000,forsale,8620,hyperequipped,,asnew,gas,182,4,970,,,,true,,,1,3,,10/18/22
10154046,house,villa,695000,forsale,8300,installed,1953,good,,182,5,815,,,,true,true,,,4,,10/18/22
10154047,house,villa,695000,forsale,8301,installed,1953,good,,182,5,815,,,,true,true,,,4,,10/18/22
10152084,house,house,735000,forsale,8300,hyperequipped,1972,good,fueloil,350,3,194,,,70,true,,,1,1,,10/18/22
10152786,house,house,1150000,forsale,1380,usahyperequipped,2008,asnew,,130,4,2670,,,,true,true,true,1,4,,10/18/22
10090941,house,house,50000,forsale,4101,,1959,good,gas,402,1,0,,true,152,,,,,,,10/18/22
10114773,house,house,54900,forsale,2845,installed,,torenovate,gas,544,3,64,,,,,,,,,,10/18/22
10099714,house,house,60000,forsale,7100,,,torenovate,gas,337,2,167,,true,,,,,1,,,10/18/22
10119090,house,house,60000,forsale,7340,,,torenovate,fueloil,586,2,200,,true,,,,,1,,,10/18/22
10126934,house,house,70000,forsale,7070,,,torenovate,gas,381,2,111,,,,,,,,,,10/18/22
10158732,house,mansion,1390000,forsale,2018,,1918,good,gas,229,6,246,,true,,true,true,,,,,10/18/22
10152494,apartmentgroup,apartmentgroup,280000-635000,forsale,8450,,,,,,,,,,,,,,,,1,10/18/22
10158726,apartment,apartment,519000,forsale,2000,,,asnew,gas,139,3,,,,,true,,,,,,10/18/22
10158724,house,villa,486000,forsale,8510,installed,1995,good,gas,217,3,1144,,,978,true,,,1,3,,10/18/22
10158723,apartment,apartment,229000,forsale,2530,,,asnew,gas,84,1,,,true,108,true,,,,,,10/18/22
10158719,house,mansion,1000000,forsale,1030,hyperequipped,1910,good,gas,,5,260,,true,125,,,,,1,,10/18/22
10158718,house,house,1000000,forsale,1030,hyperequipped,1910,good,gas,,5,260,,true,125,,,,,1,,10/18/22
10036804,house,house,215000,forsale,3320,semiequipped,,torenovate,gas,645,3,156,,true,,,,,,,,10/18/22
10082233,house,house,70000,forsale,7080,,,torenovate,gas,522,2,110,,,,,,,,,,10/18/22
10091317,house,house,70000,forsale,7340,,,tobedoneup,gas,509,2,188,,true,,,,,,,,10/18/22
9865217,house,house,75000,forsale,4800,,,torenovate,gas,516,2,0,,true,,true,,,,,,10/18/22
9944607,house,house,75000,forsale,7080,,,torenovate,gas,503,2,70,,true,,,,,,,,10/18/22
9822430,house,house,75000,forsale,7080,,,torenovate,gas,563,2,140,,true,,,,,,,,10/18/22
9975228,house,house,79000,forsale,4040,notinstalled,1961,,,,2,194,,,,,,,,,,10/18/22
9997326,house,house,79000,forsale,4540,,,asnew,,,3,850,,,,,,,,,,10/18/22
10116228,house,house,80000,forsale,8400,,,torenovate,gas,448,2,96,true,,40,,,,,,,10/18/22
10047997,house,house,82500,forsale,7340,,,torenovate,carbon,395,3,208,,true,,,true,,,1,,10/18/22
9952660,house,house,90000,forsale,4051,,,,,,1,0,,,28,true,,,,1,,10/18/22
10124979,house,house,90000,forsale,6200,installed,,good,gas,429,3,410,true,true,,true,,,,,,10/18/22
10110653,house,house,90000,forsale,7300,,,torenovate,gas,392,2,270,,true,,,,,,,,10/18/22
9982006,house,house,95000,forsale,7130,installed,,good,gas,261,2,60,,true,,,,,,,,10/18/22
10104810,house,house,95000,forsale,7160,installed,1899,good,fueloil,357,2,0,true,true,,true,,,,,,10/18/22
10031541,house,house,95000,forsale,7301,,,good,gas,465,2,190,,true,,,,,,,,10/18/22
9972149,house,house,98000,forsale,7012,,,torenovate,gas,525,2,153,,true,,,,,,,,10/18/22
10081821,house,house,99000,forsale,4500,,,torenovate,gas,287,3,75,,true,,true,,,,,,10/18/22
9636294,house,house,99000,forsale,6150,,,tobedoneup,pellet,386,2,310,true,true,,,,,,,,10/18/22
9976634,house,house,99500,forsale,4000,,,justrenovated,electric,938,1,75,,,,true,,,,,,10/18/22
10075943,house,house,100000,forsale,4800,semiequipped,,good,fueloil,374,3,436,true,true,,true,true,,2,3,,10/18/22
9895147,house,house,100000,forsale,7300,,,torenovate,gas,480,2,200,,true,,,,,,,,10/18/22
9806381,house,house,100000,forsale,7340,,,tobedoneup,gas,759,2,470,,,,,,,3,,,10/18/22
10088632,house,house,105000,forsale,7740,installed,,justrenovated,gas,379,2,70,,,,,,,,,,10/18/22
9950296,house,house,110000,forsale,6240,installed,,good,gas,400,2,140,,,,true,,,1,,,10/18/22
10095070,house,house,110000,forsale,7012,,,torenovate,gas,664,3,200,,true,,,,,1,,,10/18/22
10057613,house,house,110000,forsale,7300,,,torenovate,gas,342,4,160,,true,,,,,,,,10/18/22
9992037,house,house,118000,forsale,5660,semiequipped,,,electric,581,2,181,,,15,true,,,,1,,10/18/22
10125325,house,house,119000,forsale,7340,,,torenovate,gas,409,2,590,,true,,,,,,,,10/18/22
10124082,house,house,119500,forsale,4020,installed,,good,gas,,3,35,true,true,,,,,,,,10/18/22
9965227,house,house,120000,forsale,7340,,,torenovate,fueloil,424,3,170,,,,,,,1,,,10/18/22
10158732,house,mansion,1390000,forsale,2018,,1918,good,gas,229,6,246,,true,,true,true,,,,,10/18/22
10152494,apartmentgroup,apartmentgroup,280000-635000,forsale,8450,,,,,,,,,,,,,,,,1,10/18/22
10158726,apartment,apartment,519000,forsale,2000,,,asnew,gas,139,3,,,,,true,,,,,,10/18/22
10158724,house,villa,486000,forsale,8510,installed,1995,good,gas,217,3,1144,,,978,true,,,1,3,,10/18/22
10158723,apartment,apartment,229000,forsale,2530,,,asnew,gas,84,1,,,true,108,true,,,,,,10/18/22
10158719,house,mansion,1000000,forsale,1030,hyperequipped,1910,good,gas,,5,260,,true,125,,,,,1,,10/18/22
10158718,house,house,1000000,forsale,1030,hyperequipped,1910,good,gas,,5,260,,true,125,,,,,1,,10/18/22
10036804,house,house,215000,forsale,3320,semiequipped,,torenovate,gas,645,3,156,,true,,,,,,,,10/18/22
10095364,house,house,124000,forsale,2830,,,tobedoneup,gas,179,2,230,true,,,,,,,,,10/18/22
10077039,house,house,129000,forsale,6060,,,tobedoneup,,513,5,0,,true,100,true,true,,2,,,10/18/22
9945150,house,house,130000,forsale,7130,semiequipped,,justrenovated,electric,,3,97,,true,,true,,,,,,10/18/22
10110654,house,house,130000,forsale,7370,,,tobedoneup,gas,395,4,311,,,,,,,,,,10/18/22
9934761,house,house,130000,forsale,7380,,,tobedoneup,gas,558,3,540,,true,,,,,,2,,10/18/22
9935136,house,house,130000,forsale,7600,,,tobedoneup,pellet,384,2,616,,,,,,,,,,10/18/22
9882001,house,house,130000,forsale,7971,,,tobedoneup,,648,2,411,,,,,,,,,,10/18/22
10036802,house,house,135000,forsale,4040,,,justrenovated,gas,527,3,0,,,,true,true,,,,,10/18/22
10113146,house,house,135000,forsale,7000,,,tobedoneup,gas,696,2,60,,true,,,,,,,,10/18/22
10025772,house,house,135000,forsale,7080,,,,gas,204,3,90,,true,,,,,,,,10/18/22
10084999,house,house,125000,forsale,7830,,,torenovate,carbon,722,4,3839,true,,,,,,,,,10/18/22
10126300,house,house,135000,forsale,9255,,,torenovate,electric,1576,2,129,true,,,true,,,1,1,,10/18/22
10082705,house,house,140000,forsale,4670,,,torenovate,fueloil,409,8,6143,true,true,,,true,,,,,10/18/22
9944606,house,house,140000,forsale,7033,,,tobedoneup,gas,454,2,140,,true,,,,,1,,,10/18/22
9965228,house,house,140000,forsale,7333,,,tobedoneup,gas,705,4,1500,,,,,,,,,,10/18/22
9988980,house,house,140000,forsale,7370,,,torenovate,fueloil,339,3,520,,true,,,,,1,,,10/18/22
9972150,house,house,140000,forsale,7387,,,torenovate,gas,660,1,1059,,,,,,,,,,10/18/22
10065407,house,house,145000,forsale,4030,installed,,good,gas,255,1,235,,true,100,true,,,,,,10/18/22
9860685,house,house,145000,forsale,7041,,,tobedoneup,fueloil,672,2,390,,true,,,,,1,,,10/18/22
9970497,house,house,149000,forsale,6941,,,tobedoneup,electric,1010,3,210,,,,,,,,2,,10/18/22
9967513,house,house,150000,forsale,7387,,,torenovate,gas,517,3,1840,,true,,,,,1,,,10/18/22
9991493,house,house,155000,forsale,4102,,,asnew,gas,445,3,50,,true,,true,,,,,,10/18/22
10033072,house,house,155000,forsale,7130,semiequipped,,good,gas,630,2,106,,true,,true,,,,,,10/18/22
9780702,house,house,158000,forsale,5670,semiequipped,1978,,fueloil,488,3,1613,,,1000,true,,,,,,10/18/22
9987310,house,bungalow,162000,forsale,1400,,,asnew,gas,300,1,146,,,28,true,,,,,,10/18/22
9897793,house,house,165000,forsale,6567,,,tobedoneup,fueloil,423,3,720,,,,,,,1,,,10/18/22
10011971,house,house,165000,forsale,7700,,,,gas,193,2,335,,,,,,,,1,,10/18/22
10027846,house,house,169000,forsale,6762,,,,fueloil,348,3,482,true,,,,,,,,,10/18/22
10048537,house,house,169000,forsale,9230,,,torenovate,gas,692,3,84,,,,,,,,,,10/18/22
10069587,house,house,170000,forsale,6032,,,torenovate,fueloil,499,7,185,,true,,true,,,1,,,10/18/22
10158732,house,mansion,1390000,forsale,2018,,1918,good,gas,229,6,246,,true,,true,true,,,,,10/18/22
10152494,apartmentgroup,apartmentgroup,280000-635000,forsale,8450,,,,,,,,,,,,,,,,1,10/18/22
10158726,apartment,apartment,519000,forsale,2000,,,asnew,gas,139,3,,,,,true,,,,,,10/18/22
10158724,house,villa,486000,forsale,8510,installed,1995,good,gas,217,3,1144,,,978,true,,,1,3,,10/18/22
10158723,apartment,apartment,229000,forsale,2530,,,asnew,gas,84,1,,,true,108,true,,,,,,10/18/22
10158719,house,mansion,1000000,forsale,1030,hyperequipped,1910,good,gas,,5,260,,true,125,,,,,1,,10/18/22
10158718,house,house,1000000,forsale,1030,hyperequipped,1910,good,gas,,5,260,,true,125,,,,,1,,10/18/22
10036804,house,house,215000,forsale,3320,semiequipped,,torenovate,gas,645,3,156,,true,,,,,,,,10/18/22
10044834,house,house,172000,forsale,7370,,,torenovate,gas,213,3,2723,,true,,,,,,2,,10/18/22
10108039,house,house,175000,forsale,4420,,1900,tobedoneup,fueloil,311,3,350,true,true,,true,,,,,,10/18/22
9982717,house,house,175000,forsale,6941,,,torenovate,fueloil,506,2,438,true,true,,,,,1,,,10/18/22
10056554,house,house,175000,forsale,7012,,,torenovate,gas,462,3,253,,,,,,,1,,,10/18/22
10054984,house,house,175000,forsale,7370,,,tobedoneup,gas,485,3,347,,true,,,,,,,,10/18/22
10095528,house,house,175000,forsale,9050,,,torenovate,gas,722,3,0,,,,,,,,,,10/18/22
9768121,house,mixedusebuilding,179000,forsale,4860,,,torenovate,gas,473,4,0,true,true,,true,true,,1,,,10/18/22
10055455,house,house,179000,forsale,5377,,,torenovate,,521,3,584,,,,,,,,,,10/18/22
9889786,house,apartmentblock,180000,forsale,6560,notinstalled,,torenovate,gas,311,0,1090,,true,,,,,,,,10/18/22
9992085,house,mixedusebuilding,185000,forsale,4100,,,,gas,292,3,0,,true,73,true,,,1,,,10/18/22
10066079,house,house,185000,forsale,4630,,,tobedoneup,fueloil,559,3,188,true,true,100,,,,,,,10/18/22
9042644,house,house,185000,forsale,7783,notinstalled,,torenovate,,,3,0,,,50,true,,,1,,,10/18/22
10125291,house,house,195000,forsale,8650,,1965,good,,497,2,320,,true,,,,,,,,10/18/22
10075145,house,house,197000,forsale,4610,,,good,gas,409,2,145,,,25,true,true,,,,,10/18/22
10126619,house,otherproperty,199000,forsale,6672,,1957,good,,,6,367,,true,,,,,,,,10/18/22
10110020,house,apartmentblock,199000,forsale,7100,notinstalled,,torenovate,,,4,510,true,true,40,true,true,,,,,10/18/22
10110019,house,house,199000,forsale,7100,notinstalled,,torenovate,,,4,510,true,true,40,true,true,,,,,10/18/22
9959930,house,house,200000,forsale,7300,,,tobedoneup,gas,383,3,593,,,,,,,1,1,,10/18/22
9835781,house,house,205000,forsale,4181,,,tobedoneup,pellet,509,3,526,true,true,,,true,,,,,10/18/22
9731015,house,house,210000,forsale,4610,,,good,gas,506,4,180,,true,,true,,,4,,,10/18/22
9731014,house,apartmentblock,210000,forsale,4610,,,good,gas,506,4,180,,true,,true,,,4,,,10/18/22
9866945,house,house,210000,forsale,7033,,,tobedoneup,gas,359,6,400,,true,,,,,1,,,10/18/22
9898938,house,countrycottage,210000,forsale,7972,,1850,tobedoneup,fueloil,445,3,780,true,true,599,true,,,2,3,,10/18/22
10119837,house,house,215000,forsale,1600,installed,,good,gas,294,2,274,true,,,true,,,,,,10/18/22
10119838,house,house,215000,forsale,1601,installed,,good,gas,294,2,274,true,,,true,,,,,,10/18/22
10023563,house,house,219000,forsale,6200,,,tobedoneup,gas,417,5,420,,true,,true,true,,1,,,10/18/22
10052356,house,house,219000,forsale,9400,installed,,tobedoneup,gas,514,2,0,true,true,,true,true,,,,,10/18/22
9990300,house,house,220000,forsale,8710,,,good,electric,534,3,376,,true,244,,,,,,,10/18/22
10063477,house,house,225000,forsale,4100,,,justrenovated,gas,479,4,309,true,true,215,true,,,,,,10/18/22
10055108,house,house,225000,forsale,4970,,,torenovate,fueloil,477,5,3480,true,true,,,,,1,,,10/18/22
10158732,house,mansion,1390000,forsale,2018,,1918,good,gas,229,6,246,,true,,true,true,,,,,10/18/22
10152494,apartmentgroup,apartmentgroup,280000-635000,forsale,8450,,,,,,,,,,,,,,,,1,10/18/22
10158726,apartment,apartment,519000,forsale,2000,,,asnew,gas,139,3,,,,,true,,,,,,10/18/22
10158724,house,villa,486000,forsale,8510,installed,1995,good,gas,217,3,1144,,,978,true,,,1,3,,10/18/22
10158723,apartment,apartment,229000,forsale,2530,,,asnew,gas,84,1,,,true,108,true,,,,,,10/18/22
10158719,house,mansion,1000000,forsale,1030,hyperequipped,1910,good,gas,,5,260,,true,125,,,,,1,,10/18/22
10158718,house,house,1000000,forsale,1030,hyperequipped,1910,good,gas,,5,260,,true,125,,,,,1,,10/18/22
10036804,house,house,215000,forsale,3320,semiequipped,,torenovate,gas,645,3,156,,true,,,,,,,,10/18/22
10098295,house,house,230000,forsale,2520,,1963,torenovate,fueloil,979,4,1026,true,true,,,,,,,,10/18/22
10094600,house,house,230000,forsale,9050,,,torenovate,gas,349,4,0,,,,true,,,,,,10/18/22
10000068,house,house,235000,forsale,4500,installed,,good,pellet,339,2,1992,true,,,true,true,,,,,10/18/22
9972622,house,house,235000,forsale,6940,,,tobedoneup,fueloil,492,3,837,,true,,,true,,1,,,10/18/22
9786004,house,house,235000,forsale,7860,,2020,,gas,94,2,2800,,true,,true,,,,,,10/18/22
9786003,house,house,235000,forsale,7860,,2020,,gas,83,2,2800,,true,,true,,,,,,10/18/22
10121157,house,mixedusebuilding,239000,forsale,9600,,,torenovate,fueloil,437,5,0,true,true,,true,true,,1,,,10/18/22
10120647,house,mixedusebuilding,239000,forsale,9600,,,torenovate,fueloil,437,5,0,true,true,,true,true,,1,,,10/18/22
10116816,house,house,239000,forsale,9600,,,torenovate,fueloil,437,5,0,true,true,,true,true,,1,,,10/18/22
10122790,house,house,240000,forsale,3012,,1967,torenovate,gas,702,3,528,true,,,,,,1,,,10/18/22
10063866,house,mansion,249000,forsale,3890,notinstalled,,torenovate,fueloil,,4,1756,true,true,1602,,true,,,4,,10/18/22
10066027,house,house,249000,forsale,4430,,,justrenovated,gas,385,3,190,,true,77,true,,,,1,,10/18/22
10032766,house,apartmentblock,249000,forsale,9500,installed,,torenovate,gas,532,5,110,true,,,true,,,,,,10/18/22
10091637,house,house,250000,forsale,6970,installed,1985,good,fueloil,,3,1100,true,true,,true,,,1,3,,10/18/22
10123742,house,house,250000,forsale,9180,,1965,torenovate,fueloil,894,3,684,,true,,,,,1,1,,10/18/22
10120000,house,mixedusebuilding,259000,forsale,1547,installed,,tobedoneup,fueloil,,3,180,true,true,,,,,1,,,10/18/22
9754527,house,house,259000,forsale,8300,,2018,asnew,gas,83,1,0,,,,true,,,,,,10/18/22
10119994,house,mixedusebuilding,259000,forsale,9500,installed,,tobedoneup,fueloil,,3,180,true,true,,,,,1,,,10/18/22
10102609,house,house,265000,forsale,1851,,1958,torenovate,electric,995,3,488,true,true,,,,,1,,,10/18/22
10129525,house,house,265000,forsale,2490,installed,1953,justrenovated,gas,235,3,560,,true,560,,,,3,3,,10/18/22
9892886,house,house,265000,forsale,7540,,,tobedoneup,electric,331,4,1000,,,,,,,1,1,,10/18/22
9920135,house,house,269000,forsale,8480,,1933,,fueloil,574,3,313,,true,,,,,1,,,10/18/22
10129230,house,house,275000,forsale,4100,,,asnew,gas,150,3,255,,,125,true,,,1,2,,10/18/22
9972098,house,house,275000,forsale,5190,,,,fueloil,305,4,1000,,true,800,true,,,,2,,10/18/22
9966744,house,apartmentblock,275000,forsale,6180,installed,,torenovate,gas,327,4,300,,,,true,,,1,1,,10/18/22
9925368,house,house,275000,forsale,8560,,,good,gas,483,2,640,,,,true,,,1,2,,10/18/22
10065494,house,house,275000,forsale,9112,,1974,good,gas,328,3,1076,,,,,,,,,,10/18/22
9977017,house,house,279000,forsale,9450,,1978,torenovate,,636,5,378,,,,true,,,3,,,10/18/22
10121564,house,house,280000,forsale,8560,installed,1985,asnew,gas,146,4,593,true,,,true,,,1,2,,10/18/22
9892446,house,house,285000,forsale,1600,installed,1965,,gas,526,3,145,true,true,,,,,,1,,10/18/22
10158732,house,mansion,1390000,forsale,2018,,1918,good,gas,229,6,246,,true,,true,true,,,,,10/18/22
10152494,apartmentgroup,apartmentgroup,280000-635000,forsale,8450,,,,,,,,,,,,,,,,1,10/18/22
10158726,apartment,apartment,519000,forsale,2000,,,asnew,gas,139,3,,,,,true,,,,,,10/18/22
10158724,house,villa,486000,forsale,8510,installed,1995,good,gas,217,3,1144,,,978,true,,,1,3,,10/18/22
10158723,apartment,apartment,229000,forsale,2530,,,asnew,gas,84,1,,,true,108,true,,,,,,10/18/22
10158719,house,mansion,1000000,forsale,1030,hyperequipped,1910,good,gas,,5,260,,true,125,,,,,1,,10/18/22
10158718,house,house,1000000,forsale,1030,hyperequipped,1910,good,gas,,5,260,,true,125,,,,,1,,10/18/22
10036804,house,house,215000,forsale,3320,semiequipped,,torenovate,gas,645,3,156,,true,,,,,,,,10/18/22
10113573,house,house,285000,forsale,4102,,,good,gas,199,3,317,,true,140,,,,1,3,,10/18/22
10108967,house,house,289000,forsale,2950,,2002,asnew,gas,233,3,116,,,,,,,,,,10/18/22
10019084,house,house,289000,forsale,9000,notinstalled,1940,torenovate,gas,,4,106,,,46,,,,,,,10/18/22
10101910,house,house,290000,forsale,1600,,1961,torenovate,gas,330,3,269,true,true,,,,,1,,,10/18/22
9949392,house,house,290000,forsale,5336,,1980,good,fueloil,478,3,1181,true,true,,true,,,,,,10/18/22
10108388,house,house,294000,forsale,4870,,,justrenovated,fueloil,261,5,130,,true,,true,,,2,,,10/18/22
9832631,house,house,295000,forsale,4000,,,,fueloil,341,6,0,,true,,,,,,,,10/18/22
9233681,house,house,295000,forsale,5640,installed,2022,asnew,gas,,3,300,,,,,,,1,2,,10/18/22
10117789,house,house,295000,forsale,9690,,1975,,electric,960,3,562,,,,,,,,,,10/18/22
10115874,house,townhouse,298000,forsale,9500,hyperequipped,2016,asnew,gas,,2,100,true,true,,true,,,1,1,,10/18/22
10059343,house,apartmentblock,299000,forsale,4400,installed,,good,gas,173,4,381,,true,150,true,,,,,,10/18/22
9994653,house,mansion,299000,forsale,6810,installed,,torestore,electric,,5,7037,true,true,1,,true,,2,3,,10/18/22
9994065,house,house,299000,forsale,7130,installed,,good,gas,,5,0,true,true,200,true,true,,,1,,10/18/22
10108624,house,house,314000,forsale,9080,installed,,good,gas,490,2,602,,,450,true,,,,1,,10/18/22
10113394,house,house,315000,forsale,2200,hyperequipped,,asnew,gas,145,3,80,,true,,true,,,,,,10/18/22
9942053,house,townhouse,315000,forsale,4460,,,,electric,336,3,0,,true,229,true,,,2,2,,10/18/22
10123713,house,house,315000,forsale,9420,hyperequipped,,asnew,gas,234,3,263,,,,true,,,1,3,,10/18/22
10060533,house,house,316000,forsale,9050,,1935,good,,422,3,80,,true,10,,,,,,,10/18/22
10008230,house,house,320000,forsale,4218,,,good,fueloil,253,3,1370,true,true,,true,true,,,,,10/18/22
10087722,house,house,325000,forsale,1070,notinstalled,,torenovate,gas,643,3,0,,true,80,true,true,,,,,10/18/22
10092277,house,house,325000,forsale,2300,installed,1970,justrenovated,gas,,3,193,,,40,true,,,1,2,,10/18/22
10105407,house,house,325000,forsale,3940,installed,,tobedoneup,gas,764,5,3097,,,,,,,,,,10/18/22
9601250,house,mixedusebuilding,325000,forsale,7100,semiequipped,,good,gas,293,3,0,,,,,true,,1,,,10/18/22
9722567,house,house,325000,forsale,7850,installed,2021,,gas,,3,437,,,,,,,,2,,10/18/22
9722565,house,house,325000,forsale,7850,installed,2021,,gas,,3,368,,,,,,,,2,,10/18/22
9877590,house,house,325000,forsale,7950,,,torenovate,fueloil,565,5,810,,true,,,,,5,,,10/18/22
10103302,house,mixedusebuilding,325000,forsale,9690,,,,fueloil,652,4,673,true,true,,true,true,,1,,,10/18/22
10101120,house,house,325000,forsale,9690,,,,fueloil,652,4,673,true,true,,true,true,,1,,,10/18/22
9722569,house,house,330000,forsale,7850,installed,2021,,gas,,3,460,,,,,,,,2,,10/18/22
10112311,house,mixedusebuilding,335000,forsale,9300,usahyperequipped,,asnew,gas,380,2,70,,,,,,,,,,10/18/22
10158732,house,mansion,1390000,forsale,2018,,1918,good,gas,229,6,246,,true,,true,true,,,,,10/18/22
10152494,apartmentgroup,apartmentgroup,280000-635000,forsale,8450,,,,,,,,,,,,,,,,1,10/18/22
10158726,apartment,apartment,519000,forsale,2000,,,asnew,gas,139,3,,,,,true,,,,,,10/18/22
10158724,house,villa,486000,forsale,8510,installed,1995,good,gas,217,3,1144,,,978,true,,,1,3,,10/18/22
10158723,apartment,apartment,229000,forsale,2530,,,asnew,gas,84,1,,,true,108,true,,,,,,10/18/22
10158719,house,mansion,1000000,forsale,1030,hyperequipped,1910,good,gas,,5,260,,true,125,,,,,1,,10/18/22
10158718,house,house,1000000,forsale,1030,hyperequipped,1910,good,gas,,5,260,,true,125,,,,,1,,10/18/22
10036804,house,house,215000,forsale,3320,semiequipped,,torenovate,gas,645,3,156,,true,,,,,,,,10/18/22
10119539,house,house,337169,forsale,8211,installed,2023,asnew,gas,,3,515,,,,,,,,,,10/18/22
10116770,house,townhouse,339000,forsale,9900,installed,,asnew,gas,338,3,0,,,,,,,1,,,10/18/22
10112872,house,house,340000,forsale,3390,,1977,,fueloil,522,3,960,,true,,,,,,,,10/18/22
9999443,house,townhouse,345000,forsale,2660,,,tobedoneup,gas,336,3,189,,,,true,,,1,1,,10/18/22
10102686,house,house,345000,forsale,3130,,,good,fueloil,644,2,2150,,,,,,,,,,10/18/22
9903692,house,house,349000,forsale,6900,installed,,asnew,gas,164,6,340,,,340,true,,,,1,,10/18/22
10120925,house,house,349000,forsale,9070,notinstalled,,torenovate,,450,3,310,,,,true,,,1,2,,10/18/22
9979804,house,house,350000,forsale,1190,installed,1930,tobedoneup,gas,325,4,76,,,,,,,,,,10/18/22
10127538,house,house,359000,forsale,8200,,1979,good,,175,3,0,,true,,true,,,1,,,10/18/22
10112326,house,house,359000,forsale,9000,,,good,gas,255,3,139,,,,true,,,,,,10/18/22
9956494,house,apartmentblock,365000,forsale,6020,notinstalled,,tobedoneup,fueloil,257,7,1013,,true,,,,,,,,10/18/22
10073977,house,house,369000,forsale,1080,installed,,good,gas,291,4,0,,,,,,,1,,,10/18/22
9988762,house,house,369000,forsale,1600,installed,1938,tobedoneup,gas,324,4,275,true,true,105,true,true,,,,,10/18/22
10016400,house,house,369000,forsale,8400,installed,2016,asnew,,159,2,139,,,,,,,1,,,10/18/22
10116296,house,house,369000,forsale,9100,usahyperequipped,,asnew,,107,4,120,true,,45,true,,,,,,10/18/22
10116905,house,house,375000,forsale,1780,,1977,,gas,389,4,110,,true,,,,,,,,10/18/22
10025020,house,house,379000,forsale,1020,installed,1940,good,gas,282,5,0,true,true,36,true,,,,,,10/18/22
10100158,house,house,379000,forsale,9570,,,,gas,279,2,908,,true,520,,,,,,,10/18/22
9954350,house,exceptionalproperty,380000,forsale,6560,semiequipped,1800,torenovate,pellet,,4,15000,true,,6000,true,,,4,5,,10/18/22
9980434,house,house,380000,forsale,7711,,,,gas,148,6,771,,true,,,,,4,,,10/18/22
9967196,house,house,385000,forsale,1702,installed,1953,good,gas,,3,128,true,true,45,true,,,1,1,,10/18/22
9988820,house,apartmentblock,385000,forsale,6060,semiequipped,,tobedoneup,gas,403,9,284,,,,,,,,,,10/18/22
9753036,house,house,385000,forsale,9930,,2021,good,,,3,209,,,209,,,,,2,,10/18/22
10028243,house,house,390000,forsale,9000,installed,,asnew,,234,5,143,,,,true,,,,,,10/18/22
10052177,house,house,395000,forsale,2940,,1975,good,gas,417,2,723,,,,,,,1,,,10/18/22
9951160,house,house,395000,forsale,9000,usahyperequipped,,,gas,101,3,67,,true,,true,,,,,,10/18/22
10095945,house,house,395000,forsale,9550,,1960,asnew,,381,3,944,,true,750,,,,1,2,,10/18/22
10030761,house,villa,399000,forsale,1755,,1973,torenovate,,,3,897,,true,345,true,,,1,3,,10/18/22
10036280,house,house,399000,forsale,2235,hyperequipped,1965,justrenovated,gas,461,3,632,true,true,,true,,,1,3,,10/18/22
10114751,house,house,410000,forsale,7620,installed,2001,asnew,fueloil,254,4,1183,true,,760,true,true,true,1,2,,10/18/22
10158732,house,mansion,1390000,forsale,2018,,1918,good,gas,229,6,246,,true,,true,true,,,,,10/18/22
10152494,apartmentgroup,apartmentgroup,280000-635000,forsale,8450,,,,,,,,,,,,,,,,1,10/18/22
10158726,apartment,apartment,519000,forsale,2000,,,asnew,gas,139,3,,,,,true,,,,,,10/18/22
10158724,house,villa,486000,forsale,8510,installed,1995,good,gas,217,3,1144,,,978,true,,,1,3,,10/18/22
10158723,apartment,apartment,229000,forsale,2530,,,asnew,gas,84,1,,,true,108,true,,,,,,10/18/22
10158719,house,mansion,1000000,forsale,1030,hyperequipped,1910,good,gas,,5,260,,true,125,,,,,1,,10/18/22
10158718,house,house,1000000,forsale,1030,hyperequipped,1910,good,gas,,5,260,,true,125,,,,,1,,10/18/22
10036804,house,house,215000,forsale,3320,semiequipped,,torenovate,gas,645,3,156,,true,,,,,,,,10/18/22
10125378,house,house,415000,forsale,7700,,1973,torenovate,,494,4,478,,,,,,,1,,,10/18/22
10103964,house,house,425000,forsale,1000,notinstalled,1900,torenovate,,,4,0,,true,,true,,,,,,10/18/22
10103965,house,house,425000,forsale,1210,notinstalled,1900,torenovate,,,4,0,,true,,true,,,,,,10/18/22
10067113,house,house,425000,forsale,1840,,2001,,gas,129,3,207,true,,,true,,,1,1,,10/18/22
10064874,house,house,425000,forsale,2140,hyperequipped,,asnew,gas,111,5,110,,true,40,true,,,,,,10/18/22
10086524,house,villa,425000,forsale,4052,,1994,torestore,,238,3,3964,,,,true,true,,,1,,10/18/22
10087783,house,mixedusebuilding,435000,forsale,9630,,1951,asnew,gas,,3,385,,true,,true,,,1,7,,10/18/22
10087780,house,house,435000,forsale,9630,,1951,asnew,gas,,3,385,,true,,true,,,1,7,,10/18/22
10021574,house,house,439000,forsale,9052,,1931,tobedoneup,,472,4,1397,,true,1250,,,,,4,,10/18/22
9986793,house,house,450000,forsale,4500,installed,,asnew,gas,,5,310,,true,,true,true,,,,,10/18/22
10085025,house,house,450000,forsale,9500,,,asnew,,324,5,260,,,125,true,,,,,,10/18/22
9753039,house,house,455000,forsale,9930,,2021,good,,,3,425,,,,,,,,2,,10/18/22
10036163,house,villa,460000,forsale,2350,,1987,good,fueloil,342,4,1640,,,,,,,,,,10/18/22
10098807,house,exceptionalproperty,465000,forsale,2270,,2002,good,gas,297,3,591,,true,1,true,,,1,1,,10/18/22
10105870,house,house,465000,forsale,3001,,1967,torenovate,fueloil,489,4,539,,,,true,,,,2,,10/18/22
9753038,house,house,465000,forsale,9930,,2021,good,,,3,544,,,,,,,,2,,10/18/22
10120161,house,house,469000,forsale,3000,hyperequipped,,good,gas,374,3,496,,,,true,,,,2,,10/18/22
9688949,house,apartmentblock,475000,forsale,5000,,,,gas,302,6,2305,,true,,true,,,,,,10/18/22
9982163,house,mixedusebuilding,475000,forsale,8930,,1930,good,gas,265,5,651,,,,,,,2,2,,10/18/22
10080279,house,house,479000,forsale,9450,hyperequipped,,,gas,120,5,587,,,,true,true,,1,6,,10/18/22
9955810,house,house,479900,forsale,2520,hyperequipped,,asnew,gas,94,3,425,,,300,true,true,,,2,,10/18/22
10073019,house,house,487000,forsale,2180,usahyperequipped,,asnew,gas,,3,332,,true,130,true,true,,,1,,10/18/22
10062557,house,house,487000,forsale,2820,,1960,justrenovated,gas,189,4,635,true,true,400,true,true,,,,,10/18/22
10087687,house,apartmentblock,489000,forsale,2610,installed,1987,good,gas,179,4,258,,,,,true,,1,1,,10/18/22
9688281,house,house,495000,forsale,1380,semiequipped,1974,torenovate,fueloil,401,3,3027,true,true,,true,,,1,4,,10/18/22
10059504,house,house,495000,forsale,2800,,,asnew,,540,5,264,,,,true,,,3,3,,10/18/22
9898602,house,house,495000,forsale,3210,,1965,good,,384,3,1000,,true,,true,,,1,1,,10/18/22
10114763,house,mixedusebuilding,495000,forsale,4020,,,good,gas,387,0,0,,true,,,true,,,,,10/18/22
10114761,house,apartmentblock,495000,forsale,4020,,,good,gas,387,0,0,,true,,,true,,,,,10/18/22
9945628,house,villa,495000,forsale,8850,installed,1985,asnew,,472,5,4800,,,,,true,,1,,,10/18/22
10158732,house,mansion,1390000,forsale,2018,,1918,good,gas,229,6,246,,true,,true,true,,,,,10/18/22
10152494,apartmentgroup,apartmentgroup,280000-635000,forsale,8450,,,,,,,,,,,,,,,,1,10/18/22
10158726,apartment,apartment,519000,forsale,2000,,,asnew,gas,139,3,,,,,true,,,,,,10/18/22
10158724,house,villa,486000,forsale,8510,installed,1995,good,gas,217,3,1144,,,978,true,,,1,3,,10/18/22
10158723,apartment,apartment,229000,forsale,2530,,,asnew,gas,84,1,,,true,108,true,,,,,,10/18/22
10158719,house,mansion,1000000,forsale,1030,hyperequipped,1910,good,gas,,5,260,,true,125,,,,,1,,10/18/22
10158718,house,house,1000000,forsale,1030,hyperequipped,1910,good,gas,,5,260,,true,125,,,,,1,,10/18/22
10036804,house,house,215000,forsale,3320,semiequipped,,torenovate,gas,645,3,156,,true,,,,,,,,10/18/22
10121779,house,house,499000,forsale,2930,,,good,gas,409,3,438,,true,,,,,1,,,10/18/22
10016868,house,house,500000,forsale,1360,usasemiequipped,2001,good,electric,348,3,1600,,,1600,true,true,,,3,,10/18/22
10088490,house,house,519000,forsale,8310,,1969,good,,227,8,480,,true,,,,,1,4,,10/18/22
9720905,house,house,520000,forsale,2018,,,torenovate,,180,6,155,,,50,,,,,,,10/18/22
10114748,house,house,525000,forsale,3010,,1951,good,gas,164,3,383,,,,true,,,,,,10/18/22
9360849,house,house,535000,forsale,8301,installed,1872,good,,254,5,72,,true,,true,,,,,,10/18/22
9692191,house,mansion,540000,forsale,7500,,1910,,fueloil,343,6,731,,true,,,,,2,,,10/18/22
10066963,house,villa,549000,forsale,1653,installed,1971,,fueloil,629,4,1315,true,,,true,,,1,3,,10/18/22
10023192,house,apartmentblock,549000,forsale,1800,hyperequipped,,asnew,gas,258,4,246,,,,true,,,2,2,,10/18/22
10033474,house,house,549000,forsale,2650,installed,1930,justrenovated,,187,4,175,true,,,,true,,,,,10/18/22
10113235,house,apartmentblock,575000,forsale,2800,,,,gas,228,6,0,,,,true,,,,,,10/18/22
10062607,house,apartmentblock,575000,forsale,9400,,2018,good,,74,3,0,,,,,,,,,,10/18/22
10062606,house,apartmentblock,575000,forsale,9402,,2018,good,,74,3,0,,,,,,,,,,10/18/22
10124923,house,house,585000,forsale,1060,notinstalled,1915,torenovate,,,5,0,true,true,40,true,true,,,,,10/18/22
10040325,house,villa,595000,forsale,9860,,,asnew,,,4,6850,true,,,true,true,,1,,,10/18/22
10040324,house,house,595000,forsale,9860,,,asnew,,,4,6850,true,,,true,true,,1,,,10/18/22
10038473,house,exceptionalproperty,598000,forsale,3201,hyperequipped,2012,asnew,,,4,885,,true,700,true,,,2,4,,10/18/22
10088427,house,house,599000,forsale,2000,,,,gas,294,5,0,,true,25,,,,,,,10/18/22
10119666,house,house,599000,forsale,2600,installed,,asnew,gas,181,3,283,,,90,true,true,,1,2,,10/18/22
10039469,house,villa,600000,forsale,6230,,,good,,5130,5,5275,,,,,true,,,,,10/18/22
10035611,house,villa,620000,forsale,9080,hyperequipped,2017,asnew,,,2,1391,true,,1177,true,true,,1,3,,10/18/22
10062503,house,mixedusebuilding,649000,forsale,4020,,,,gas,174,10,0,,true,,true,,,2,,,10/18/22
9998743,house,house,650000,forsale,1348,hyperequipped,2007,asnew,gas,,4,276,,,130,true,true,,1,2,,10/18/22
8451157,house,house,650000,forsale,6031,installed,,good,gas,247,12,0,true,true,,true,true,,,,,10/18/22
10009133,house,house,650000,forsale,6941,installed,,asnew,fueloil,690,3,8427,,,,,,,,,,10/18/22
9192142,house,mansion,685000,forsale,9700,,,asnew,gas,204,4,0,,true,,,,,2,,,10/18/22
9192141,house,house,685000,forsale,9700,,,asnew,gas,204,4,0,,true,,,,,2,,,10/18/22
9192138,house,apartmentblock,685000,forsale,9700,,,asnew,gas,204,4,0,,true,,,,,2,,,10/18/22
9941332,house,exceptionalproperty,695000,forsale,1540,,1965,good,,292,6,3092,,true,,true,true,true,2,,,10/18/22
9848247,house,countrycottage,700000,forsale,8300,,1929,asnew,gas,380,2,474,,,,,,,,,,10/18/22
10158732,house,mansion,1390000,forsale,2018,,1918,good,gas,229,6,246,,true,,true,true,,,,,10/18/22
10152494,apartmentgroup,apartmentgroup,280000-635000,forsale,8450,,,,,,,,,,,,,,,,1,10/18/22
10158726,apartment,apartment,519000,forsale,2000,,,asnew,gas,139,3,,,,,true,,,,,,10/18/22
10158724,house,villa,486000,forsale,8510,installed,1995,good,gas,217,3,1144,,,978,true,,,1,3,,10/18/22
10158723,apartment,apartment,229000,forsale,2530,,,asnew,gas,84,1,,,true,108,true,,,,,,10/18/22
10158719,house,mansion,1000000,forsale,1030,hyperequipped,1910,good,gas,,5,260,,true,125,,,,,1,,10/18/22
10158718,house,house,1000000,forsale,1030,hyperequipped,1910,good,gas,,5,260,,true,125,,,,,1,,10/18/22
10036804,house,house,215000,forsale,3320,semiequipped,,torenovate,gas,645,3,156,,true,,,,,,,,10/18/22
10127000,house,mansion,720000,forsale,2880,notinstalled,,justrenovated,gas,178,4,460,true,true,1,,,,,,,10/18/22
9762129,house,mansion,735000,forsale,9200,installed,1925,good,fueloil,320,6,340,,true,,,,,1,,,10/18/22
10125995,house,exceptionalproperty,775000,forsale,2060,,1821,good,gas,231,6,1065,true,true,140,,,,,,,10/18/22
10094418,house,apartmentblock,795000,forsale,1060,semiequipped,1955,tobedoneup,gas,,7,145,,true,34,true,true,,1,,,10/18/22
10091485,house,villa,795000,forsale,1410,installed,1972,good,gas,,5,1216,,true,,true,,,2,,,10/18/22
9847918,house,mixedusebuilding,795000,forsale,3800,usahyperequipped,1875,good,gas,,6,7650,true,true,,true,true,,30,2,,10/18/22
9429082,house,apartmentblock,800000,forsale,1040,semiequipped,1905,torenovate,gas,,5,87,,true,,true,,,,,,10/18/22
10085878,house,house,820000,forsale,1780,installed,,asnew,gas,1041,5,0,,true,,,true,,,,,10/18/22
9968859,house,apartmentblock,844000,forsale,5000,,,tobedoneup,gas,253,9,0,,true,,true,,,,6,,10/18/22
9844114,house,mixedusebuilding,870000,forsale,3800,usahyperequipped,1875,good,gas,,6,20356,true,true,,true,true,,30,2,,10/18/22
9869519,house,house,875000,forsale,8520,,2015,asnew,,,3,614,,,,,,,,,,10/18/22
10124705,house,villa,879000,forsale,3830,,2017,,gas,66,3,1033,,true,,,,,,,,10/18/22
10112794,house,house,895000,forsale,1000,installed,,justrenovated,electric,916,3,0,,true,10,,,,,,,10/18/22
10098391,house,house,895000,forsale,6700,hyperequipped,,asnew,fueloil,188,3,1600,true,,,,,,1,2,,10/18/22
9910562,house,mixedusebuilding,950000,forsale,8000,installed,,asnew,gas,350,11,250,,,,,,,,,,10/18/22
9856903,house,mixedusebuilding,950000,forsale,8000,installed,,asnew,gas,350,11,250,,,,,,,,,,10/18/22
10004348,house,house,995000,forsale,1180,installed,1920,good,gas,314,5,0,true,true,1,true,,,,,,10/18/22
10018228,house,villa,995000,forsale,8670,installed,1992,good,gas,226,3,659,,,,,,,,,,10/18/22
10074128,house,exceptionalproperty,995000,forsale,9070,,1973,tobedoneup,,357,5,2100,,true,,true,true,,4,,,10/18/22
10098969,house,villa,1150000,forsale,1980,,1912,torenovate,,,4,3225,,true,3085,,,,1,2,,10/18/22
10014292,house,castle,1350000,forsale,9100,installed,1899,,gas,278,8,1936,,,,,,,,4,,10/18/22
9857805,house,countrycottage,1490000,forsale,1671,,1871,asnew,,244,2,15226,true,true,,true,true,,,,,10/18/22
10087413,house,countrycottage,1547000,forsale,9680,,,,fueloil,1174,4,75361,,true,,,true,,2,,,10/18/22
10087412,house,mixedusebuilding,1547000,forsale,9680,,,,fueloil,1174,4,75361,,true,,,true,,2,,,10/18/22
10009134,house,house,1550000,forsale,6941,installed,,asnew,fueloil,224,5,1741,,,,,,true,,6,,10/18/22
9963717,house,house,1595000,forsale,8300,hyperequipped,2022,,gas,,4,813,,,,true,,,1,3,,10/18/22
9974318,house,exceptionalproperty,1650000,forsale,1390,hyperequipped,2013,asnew,gas,145,5,3200,true,,3200,true,true,,1,6,,10/18/22
9986358,house,mansion,1985000,forsale,9000,notinstalled,1780,justrenovated,gas,375,3,318,,,,,,,,,,10/18/22
9981553,house,exceptionalproperty,2200000,forsale,1180,hyperequipped,,good,gas,149,5,947,,,,true,,,1,4,,10/18/22
10124349,house,exceptionalproperty,2200000,forsale,7520,installed,2000,,fueloil,183,7,13931,,true,,true,true,true,5,10,,10/18/22
10158732,house,mansion,1390000,forsale,2018,,1918,good,gas,229,6,246,,true,,true,true,,,,,10/18/22
10152494,apartmentgroup,apartmentgroup,280000-635000,forsale,8450,,,,,,,,,,,,,,,,1,10/18/22
10158726,apartment,apartment,519000,forsale,2000,,,asnew,gas,139,3,,,,,true,,,,,,10/18/22
10158724,house,villa,486000,forsale,8510,installed,1995,good,gas,217,3,1144,,,978,true,,,1,3,,10/18/22
10158723,apartment,apartment,229000,forsale,2530,,,asnew,gas,84,1,,,true,108,true,,,,,,10/18/22
10158719,house,mansion,1000000,forsale,1030,hyperequipped,1910,good,gas,,5,260,,true,125,,,,,1,,10/18/22
10158718,house,house,1000000,forsale,1030,hyperequipped,1910,good,gas,,5,260,,true,125,,,,,1,,10/18/22
10036804,house,house,215000,forsale,3320,semiequipped,,torenovate,gas,645,3,156,,true,,,,,,,,10/18/22
10114910,house,exceptionalproperty,2350000,forsale,1420,usahyperequipped,1992,tobedoneup,gas,,6,5000,true,true,,true,true,true,2,4,,10/18/22
10009132,house,villa,2350000,forsale,6940,installed,,asnew,fueloil,359,7,18399,,,,,,true,,,,10/18/22
10118330,house,castle,2450000,forsale,8490,,1874,tobedoneup,,,6,25358,,true,,true,,,2,,,10/18/22
10096032,house,house,2450000,forsale,9910,,1979,tobedoneup,fueloil,,4,42000,,,,,,,1,,,10/18/22
10016231,house,villa,2490000,forsale,3080,hyperequipped,1966,asnew,gas,198,5,1800,true,true,,true,true,true,1,4,,10/18/22
9331569,house,mixedusebuilding,2520000,forsale,1050,,1870,asnew,gas,147,0,193,,,39,true,,,,,,10/18/22
10085594,house,house,2850000,forsale,8300,hyperequipped,,justrenovated,gas,118,4,795,,true,,true,true,,2,4,,10/18/22
9918754,house,exceptionalproperty,3950000,forsale,1050,hyperequipped,1910,asnew,gas,210,5,340,,,,true,true,,,,,10/18/22
9397963,house,castle,4450000,forsale,2980,installed,,,,201,5,148400,,,,true,,,3,20,,10/18/22
10157277,house,house,225000,forsale,9620,,,tobedoneup,,710,4,1010,,true,,,,,1,,,10/18/22
10157869,house,house,375000,forsale,9470,,1958,,gas,315,3,0,true,,,true,,,1,2,,10/18/22
10157687,house,house,395000,forsale,9000,,,torenovate,gas,818,3,56,,true,,true,,,,,,10/18/22
10140656,house,house,749000,forsale,1340,hyperequipped,1920,asnew,fueloil,244,5,1100,,true,1100,true,true,,,,,10/18/22
10140657,house,house,749000,forsale,1342,hyperequipped,1920,asnew,fueloil,244,5,1100,,true,1100,true,true,,,,,10/18/22
8069830,housegroup,housegroup,6250-305000,forsale,8400,,,,,,,,,,,,,,,,1,10/18/22
9776108,housegroup,housegroup,67715-415820.59,forsale,8970,,,,,,,,,,,,,,,,1,10/18/22
9704346,housegroup,housegroup,81792-331985.47,forsale,8600,,,,,,,,,,,,,,,,1,10/18/22
9595465,housegroup,housegroup,84130-347259.43,forsale,8211,,,,,,,,,,,,,,,,1,10/18/22
9398364,housegroup,housegroup,96476-345054.78,forsale,8720,,,,,,,,,,,,,,,,1,10/18/22
10053984,housegroup,housegroup,108920-376183.41,forsale,8908,,,,,,,,,,,,,,,,1,10/18/22
9741189,housegroup,housegroup,128775-374981.74,forsale,8920,,,,,,,,,,,,,,,,1,10/18/22
9939452,housegroup,housegroup,128900-297900,forsale,8400,,,,,,,,,,,,,,,,1,10/18/22
9847957,housegroup,housegroup,140000-437648.82,forsale,8906,,,,,,,,,,,,,,,,1,10/18/22
8725701,housegroup,housegroup,144317-321882.79,forsale,8510,,,,,,,,,,,,,,,,1,10/18/22
9824003,housegroup,housegroup,155000-355681.3,forsale,8540,,,,,,,,,,,,,,1,1,1,10/18/22
9603425,housegroup,housegroup,212000-424407.62,forsale,8420,,,,,,,,,,,,,,,,1,10/18/22
8373468,housegroup,housegroup,213454-299000,forsale,4100,,,,,,,,,,,,,,,,1,10/18/22
9539787,housegroup,housegroup,216900-340200,forsale,4420,,,,,,,,,,,,,,,,1,10/18/22
6769648,housegroup,housegroup,228000-229000,forsale,6150,,,,,,,,,,,,,,,,1,10/18/22
9947600,housegroup,housegroup,229000-365401,forsale,8650,,,,,,,,,,,,,,,,1,10/18/22
10158732,house,mansion,1390000,forsale,2018,,1918,good,gas,229,6,246,,true,,true,true,,,,,10/18/22
10152494,apartmentgroup,apartmentgroup,280000-635000,forsale,8450,,,,,,,,,,,,,,,,1,10/18/22
10158726,apartment,apartment,519000,forsale,2000,,,asnew,gas,139,3,,,,,true,,,,,,10/18/22
10158724,house,villa,486000,forsale,8510,installed,1995,good,gas,217,3,1144,,,978,true,,,1,3,,10/18/22
10158723,apartment,apartment,229000,forsale,2530,,,asnew,gas,84,1,,,true,108,true,,,,,,10/18/22
10158719,house,mansion,1000000,forsale,1030,hyperequipped,1910,good,gas,,5,260,,true,125,,,,,1,,10/18/22
10158718,house,house,1000000,forsale,1030,hyperequipped,1910,good,gas,,5,260,,true,125,,,,,1,,10/18/22
10036804,house,house,215000,forsale,3320,semiequipped,,torenovate,gas,645,3,156,,true,,,,,,,,10/18/22
9985317,housegroup,housegroup,234500-234500,forsale,8400,,,,,,,,,,,,,,,,1,10/18/22
9866092,housegroup,housegroup,239500-239500,forsale,8400,,,,,,,,,,,,,,,,1,10/18/22
9608620,housegroup,housegroup,241090-272140,forsale,8760,,,,,,,,,,,,,,,,1,10/18/22
10060319,housegroup,housegroup,242000-292500,forsale,8755,,,,,,,,,,,,,,,,1,10/18/22
9396368,housegroup,housegroup,247525-297536,forsale,8890,,,,,,,,,,,,,,,,1,10/18/22
8026479,housegroup,housegroup,247964-309838,forsale,8790,,,,,,,,,,,,,,,,1,10/18/22
10062809,housegroup,housegroup,250000-250000,forsale,8650,,,,,,,,,,,,,,,,1,10/18/22
9557244,housegroup,housegroup,255000-296000,forsale,4400,,,,,,,,,,,,,,4,,1,10/18/22
9207972,housegroup,housegroup,258000-285000,forsale,8650,,,,,,,,,,,,,,,,1,10/18/22
9982136,housegroup,housegroup,259405-299676,forsale,7134,,,,,,,,,,,,,,,,1,10/18/22
9995173,housegroup,housegroup,264500-294500,forsale,8552,,,,,,,,,,,,,,,1,1,10/18/22
9938336,housegroup,housegroup,265000-287000,forsale,8800,,,,,,,,,,,,,,,,1,10/18/22
9938332,housegroup,housegroup,266000-266000,forsale,8800,,,,,,,,,,,,,,,,1,10/18/22
9376621,housegroup,housegroup,266000-266000,forsale,8930,,,,,,,,,,,,,,1,,1,10/18/22
9775717,housegroup,housegroup,266200-283250,forsale,8760,,,,,,,,,,,,,,,,1,10/18/22
9813093,housegroup,housegroup,267900-289000,forsale,8800,,,,,,,,,,,,,,,,1,10/18/22
10003089,housegroup,housegroup,269500-311500,forsale,8434,,,,,,,,,,,,,,,,1,10/18/22
6917108,housegroup,housegroup,270000-270000,forsale,4430,,,,,,,,,,,,,,,,1,10/18/22
9966427,housegroup,housegroup,271892.14-370000,forsale,9450,,,,,,,,,,,,,,,,1,10/18/22
9673870,housegroup,housegroup,272000-390000,forsale,8530,,,,,,,,,,,,,,,,1,10/18/22
10087396,housegroup,housegroup,273800-306500,forsale,8530,,,,,,,,,,,,,,,,1,10/18/22
9540299,housegroup,housegroup,274700-285800,forsale,4101,,,,,,,,,,,,,,,,1,10/18/22
9775969,housegroup,housegroup,276000-323000,forsale,9700,,,,,,,,,,,,,,,1,1,10/18/22
8901312,housegroup,housegroup,278000-340000,forsale,7060,,,,,,,,,,,,,,,,1,10/18/22
9569484,housegroup,housegroup,280000-280000,forsale,8550,,,,,,,,,,,,,,,,1,10/18/22
9860918,housegroup,housegroup,280233-292233,forsale,8970,,,,,,,,,,,,,,,,1,10/18/22
9760971,housegroup,housegroup,281500-281500,forsale,8870,,,,,,,,,,,,,,,,1,10/18/22
9938337,housegroup,housegroup,282000-285000,forsale,8800,,,,,,,,,,,,,,,,1,10/18/22
9939450,housegroup,housegroup,284000-341000,forsale,8800,,,,,,,,,,,,,,,,1,10/18/22
9760747,housegroup,housegroup,284211-286333,forsale,8760,,,,,,,,,,,,,,,,1,10/18/22
10158732,house,mansion,1390000,forsale,2018,,1918,good,gas,229,6,246,,true,,true,true,,,,,10/18/22
10152494,apartmentgroup,apartmentgroup,280000-635000,forsale,8450,,,,,,,,,,,,,,,,1,10/18/22
10158726,apartment,apartment,519000,forsale,2000,,,asnew,gas,139,3,,,,,true,,,,,,10/18/22
10158724,house,villa,486000,forsale,8510,installed,1995,good,gas,217,3,1144,,,978,true,,,1,3,,10/18/22
10158723,apartment,apartment,229000,forsale,2530,,,asnew,gas,84,1,,,true,108,true,,,,,,10/18/22
10158719,house,mansion,1000000,forsale,1030,hyperequipped,1910,good,gas,,5,260,,true,125,,,,,1,,10/18/22
10158718,house,house,1000000,forsale,1030,hyperequipped,1910,good,gas,,5,260,,true,125,,,,,1,,10/18/22
10036804,house,house,215000,forsale,3320,semiequipped,,torenovate,gas,645,3,156,,true,,,,,,,,10/18/22
9459636,housegroup,housegroup,284450-324865,forsale,3830,,,,,,,,,,,,,,,,1,10/18/22
10020349,housegroup,housegroup,285000-321000,forsale,8600,,,,,,,,,,,,,,,,1,10/18/22
9811229,housegroup,housegroup,285000-310000,forsale,9160,,,,,99,,,,,,,,,,,1,10/18/22
9139284,housegroup,housegroup,286569-320788,forsale,8830,,,,,,,,,,,,,,,,1,10/18/22
9783876,housegroup,housegroup,286968-294444,forsale,8980,,,,,,,,,,,,,,,,1,10/18/22
8755425,housegroup,housegroup,287500-287500,forsale,8760,,,,,,,,,,,,,,,,1,10/18/22
9350969,housegroup,housegroup,290500-356800,forsale,4690,,,,,,,,,,,,,,,,1,10/18/22
10127721,housegroup,housegroup,292520-298717,forsale,8554,,,,,,,,,,,,,,,,1,10/18/22
8372812,housegroup,housegroup,292847.88-305069.61,forsale,8600,,,,,,,,,,,,,,,,1,10/18/22
8645571,housegroup,housegroup,293248.23-293248.23,forsale,8800,,,,,,,,,,,,,,,,1,10/18/22
9860919,housegroup,housegroup,293733-294233,forsale,8970,,,,,,,,,,,,,,,,1,10/18/22
9652144,housegroup,housegroup,294915-305552,forsale,2490,,,,,,,,,,,,,,21,,1,10/18/22
10066452,housegroup,housegroup,295000-295000,forsale,9700,,,,,,,,,,,,,,1,,1,10/18/22
10127722,housegroup,housegroup,295307-304121,forsale,8554,,,,,,,,,,,,,,,,1,10/18/22
9389381,housegroup,housegroup,298524-298524,forsale,9900,,,,,,,,,,,,,,,,1,10/18/22
9415718,housegroup,housegroup,299000-339000,forsale,1840,,,,,,,,,,,,,,,,1,10/18/22
8910363,housegroup,housegroup,300000-375000,forsale,8400,,,,,,,,,,,,,,,,1,10/18/22
8837967,housegroup,housegroup,301000-301000,forsale,8480,,,,,,,,,,,,,,,,1,10/18/22
9716601,housegroup,housegroup,303135-357935,forsale,8511,,,,,,,,,,,,,,,,1,10/18/22
9955126,housegroup,housegroup,303220-305232,forsale,8790,,,,,,,,,,,,,,,,1,10/18/22
9760746,housegroup,housegroup,303698-303698,forsale,8760,,,,,,,,,,,,,,,,1,10/18/22
9955127,housegroup,housegroup,303976-325011,forsale,8790,,,,,,,,,,,,,,,,1,10/18/22
8294646,housegroup,housegroup,304500-304500,forsale,3840,,,,,,,,,,,,,,,,1,10/18/22
9824821,housegroup,housegroup,307000-318300,forsale,8400,,,,,,,,,,,,,,,,1,10/18/22
10112968,housegroup,housegroup,310000-371750,forsale,8460,,,,,,,,,,,,,,,,1,10/18/22
10092977,housegroup,housegroup,310000-335000,forsale,8793,,,,,,,,,,,,,,1,,1,10/18/22
9794468,housegroup,housegroup,310000-310000,forsale,9500,,,,,,,,,,,,,,,,1,10/18/22
9880268,housegroup,housegroup,310000-310000,forsale,9940,,,,,99,,,,,,,,,,,1,10/18/22
9712787,housegroup,housegroup,312300-329800,forsale,8830,,,,,,,,,,,,,,,,1,10/18/22
9856943,housegroup,housegroup,313512-337500,forsale,8700,,,,,,,,,,,,,,,,1,10/18/22
10158732,house,mansion,1390000,forsale,2018,,1918,good,gas,229,6,246,,true,,true,true,,,,,10/18/22
10152494,apartmentgroup,apartmentgroup,280000-635000,forsale,8450,,,,,,,,,,,,,,,,1,10/18/22
10158726,apartment,apartment,519000,forsale,2000,,,asnew,gas,139,3,,,,,true,,,,,,10/18/22
10158724,house,villa,486000,forsale,8510,installed,1995,good,gas,217,3,1144,,,978,true,,,1,3,,10/18/22
10158723,apartment,apartment,229000,forsale,2530,,,asnew,gas,84,1,,,true,108,true,,,,,,10/18/22
10158719,house,mansion,1000000,forsale,1030,hyperequipped,1910,good,gas,,5,260,,true,125,,,,,1,,10/18/22
10158718,house,house,1000000,forsale,1030,hyperequipped,1910,good,gas,,5,260,,true,125,,,,,1,,10/18/22
10036804,house,house,215000,forsale,3320,semiequipped,,torenovate,gas,645,3,156,,true,,,,,,,,10/18/22
10119329,housegroup,housegroup,314500-379500,forsale,8460,,,,,99,,,,,,,,,,,1,10/18/22
8333101,housegroup,housegroup,315000-315000,forsale,1357,,,,,,,,,,,,,,,,1,10/18/22
10098836,housegroup,housegroup,315000-337970,forsale,9800,,,,,,,,,,,,,,,,1,10/18/22
9366986,housegroup,housegroup,316000-517000,forsale,5001,,,,,,,,,,,,,,,,1,10/18/22
9946352,housegroup,housegroup,317000-325000,forsale,2590,,,,,,,,,,,,,,,,1,10/18/22
8885982,housegroup,housegroup,317679-341838,forsale,8540,,,,,,,,,,,,,,,,1,10/18/22
9741153,housegroup,housegroup,319000-338000,forsale,4610,,,,,,,,,,,,,,1,3,1,10/18/22
9902107,housegroup,housegroup,321770-473780,forsale,8480,,,,,,,,,,,,,,,,1,10/18/22
9658950,housegroup,housegroup,321940-326625,forsale,8211,,,,,,,,,,,,,,,,1,10/18/22
8817523,housegroup,housegroup,322103-390401,forsale,1480,,,,,,,,,,,,,,,,1,10/18/22
9976432,housegroup,housegroup,323300-323300,forsale,8700,,,,,,,,,,,,,,,,1,10/18/22
9356654,housegroup,housegroup,325000-325000,forsale,8300,,,,,,,,,,,,,,,,1,10/18/22
9350237,housegroup,housegroup,328000-469000,forsale,5001,,,,,,,,,,,,,,,,1,10/18/22
9753530,housegroup,housegroup,329000-376600,forsale,8760,,,,,,,,,,,,,,,,1,10/18/22
9758763,housegroup,housegroup,329118-329118,forsale,8750,,,,,,,,,,,,,,,,1,10/18/22
10087114,housegroup,housegroup,331000-386000,forsale,9890,,,,,,,,,,,,,,,,1,10/18/22
9758764,housegroup,housegroup,331118-331118,forsale,8750,,,,,,,,,,,,,,,,1,10/18/22
9613764,housegroup,housegroup,332124-357084,forsale,4400,,,,,,,,,,,,,,,,1,10/18/22
9431351,housegroup,housegroup,333001-418001,forsale,9100,,,,,,,,,,,,,,,,1,10/18/22
9717125,housegroup,housegroup,333800-387500,forsale,8740,,,,,,,,,,,,,,1,,1,10/18/22
9884692,housegroup,housegroup,334500-379500,forsale,8020,,,,,99,,,,,,,,,,,1,10/18/22
9292565,housegroup,housegroup,335387-335387,forsale,8780,,,,,,,,,,,,,,,,1,10/18/22
9990638,housegroup,housegroup,339000-359000,forsale,8500,,,,,99,,,,,,,,,,,1,10/18/22
9649837,housegroup,housegroup,339500-345000,forsale,9810,,,,,99,,,,,,,,,,,1,10/18/22
9657308,housegroup,housegroup,339899-339982,forsale,8760,,,,,,,,,,,,,,,,1,10/18/22
10067697,housegroup,housegroup,340000-378000,forsale,2590,,,,,,,,,,,,,,,,1,10/18/22
9945602,housegroup,housegroup,340000-382500,forsale,8000,,,,,,,,,,,,,,,,1,10/18/22
6770698,housegroup,housegroup,340000-405000,forsale,8430,,,,,,,,,,,,,,,,1,10/18/22
9161578,housegroup,housegroup,340928-419242,forsale,1790,,,,,,,,,,,,,,,,1,10/18/22
9764724,housegroup,housegroup,342450-388900,forsale,8610,,,,,30,,,,,,,,,,,1,10/18/22
10158732,house,mansion,1390000,forsale,2018,,1918,good,gas,229,6,246,,true,,true,true,,,,,10/18/22
10152494,apartmentgroup,apartmentgroup,280000-635000,forsale,8450,,,,,,,,,,,,,,,,1,10/18/22
10158726,apartment,apartment,519000,forsale,2000,,,asnew,gas,139,3,,,,,true,,,,,,10/18/22
10158724,house,villa,486000,forsale,8510,installed,1995,good,gas,217,3,1144,,,978,true,,,1,3,,10/18/22
10158723,apartment,apartment,229000,forsale,2530,,,asnew,gas,84,1,,,true,108,true,,,,,,10/18/22
10158719,house,mansion,1000000,forsale,1030,hyperequipped,1910,good,gas,,5,260,,true,125,,,,,1,,10/18/22
10158718,house,house,1000000,forsale,1030,hyperequipped,1910,good,gas,,5,260,,true,125,,,,,1,,10/18/22
10036804,house,house,215000,forsale,3320,semiequipped,,torenovate,gas,645,3,156,,true,,,,,,,,10/18/22
9980897,housegroup,housegroup,342500-399500,forsale,8850,,,,,,,,,,,,,,,,1,10/18/22
9300266,housegroup,housegroup,343718-358847,forsale,2380,,,,,99,,,,,,,,,,,1,10/18/22
9434436,housegroup,housegroup,345256-345256,forsale,9550,,,,,,,,,,,,,,,,1,10/18/22
9665196,housegroup,housegroup,345900-345900,forsale,9080,,,,,,,,,,,,,,,,1,10/18/22
9679327,housegroup,housegroup,345900-345900,forsale,9450,,,,,,,,,,,,,,,,1,10/18/22
9920767,housegroup,housegroup,346000-349000,forsale,3272,,,,,,,,,,,,,,,,1,10/18/22
9407755,housegroup,housegroup,347500-358000,forsale,9300,,,,,,,,,,,,,,,,1,10/18/22
9376446,housegroup,housegroup,348000-348000,forsale,9406,,,,,,,,,,,,,,,,1,10/18/22
8681355,housegroup,housegroup,348870.99-348870.99,forsale,8740,,,,,,,,,,,,,,,,1,10/18/22
9522018,housegroup,housegroup,349000-516800,forsale,5100,,,,,,,,,,,,,,1,2,1,10/18/22
9941501,housegroup,housegroup,349000-364500,forsale,9500,,,,,,,,,,,,,,,,1,10/18/22
9083271,housegroup,housegroup,350000-357000,forsale,3850,,,,,,,,,,,,,,,,1,10/18/22
9734602,housegroup,housegroup,352127-354698,forsale,9550,,,,,,,,,,,,,,,,1,10/18/22
9753362,housegroup,housegroup,356000-414000,forsale,1880,,,,,100,,,,,,,,,,,1,10/18/22
9653127,housegroup,housegroup,357215-357215,forsale,8730,,,,,,,,,,,,,,,,1,10/18/22
9432774,housegroup,housegroup,357247-365036,forsale,8450,,,,,,,,,,,,,,,,1,10/18/22
10079203,housegroup,housegroup,358500-433500,forsale,8490,,,,,,,,,,,,,,,,1,10/18/22
9735008,housegroup,housegroup,358939-447854,forsale,1540,,,,,,,,,,,,,,,15,1,10/18/22
9819904,housegroup,housegroup,359000-399000,forsale,9220,,,,,,,,,,,,,,,,1,10/18/22
8824005,housegroup,housegroup,359000-499000,forsale,9800,,,,,,,,,,,,,,,,1,10/18/22
10076829,housegroup,housegroup,360000-380000,forsale,6001,,,,,,,,,,,,,,,,1,10/18/22
10028169,housegroup,housegroup,362124-435749,forsale,9660,,,,,,,,,,,,,,1,,1,10/18/22
9801143,housegroup,housegroup,362255-362255,forsale,9260,,,,,,,,,,,,,,,,1,10/18/22
9778451,housegroup,housegroup,363317-369710,forsale,9470,,,,,,,,,,,,,,,,1,10/18/22
9775788,housegroup,housegroup,364000-379000,forsale,9800,,,,,99,,,,,,,,,,,1,10/18/22
10071395,housegroup,housegroup,365000-425000,forsale,9860,,,,,,,,,,,,,,,,1,10/18/22
9728665,housegroup,housegroup,365000-365000,forsale,9860,,,,,,,,,,,,,,,,1,10/18/22
9676567,housegroup,housegroup,365800-365800,forsale,9800,,,,,,,,,,,,,,,,1,10/18/22
9621973,housegroup,housegroup,366499-366956,forsale,8490,,,,,,,,,,,,,,,,1,10/18/22
10105647,housegroup,housegroup,369395-395315,forsale,8840,,,,,,,,,,,,,,,,1,10/18/22
10158732,house,mansion,1390000,forsale,2018,,1918,good,gas,229,6,246,,true,,true,true,,,,,10/18/22
10152494,apartmentgroup,apartmentgroup,280000-635000,forsale,8450,,,,,,,,,,,,,,,,1,10/18/22
10158726,apartment,apartment,519000,forsale,2000,,,asnew,gas,139,3,,,,,true,,,,,,10/18/22
10158724,house,villa,486000,forsale,8510,installed,1995,good,gas,217,3,1144,,,978,true,,,1,3,,10/18/22
10158723,apartment,apartment,229000,forsale,2530,,,asnew,gas,84,1,,,true,108,true,,,,,,10/18/22
10158719,house,mansion,1000000,forsale,1030,hyperequipped,1910,good,gas,,5,260,,true,125,,,,,1,,10/18/22
10158718,house,house,1000000,forsale,1030,hyperequipped,1910,good,gas,,5,260,,true,125,,,,,1,,10/18/22
10036804,house,house,215000,forsale,3320,semiequipped,,torenovate,gas,645,3,156,,true,,,,,,,,10/18/22
9660166,housegroup,housegroup,372375-379575,forsale,8460,,,,,,,,,,,,,,,,1,10/18/22
9294489,housegroup,housegroup,374070-374070,forsale,8020,,,,,,,,,,,,,,,,1,10/18/22
10009682,housegroup,housegroup,376500-376500,forsale,8600,,,,,,,,,,,,,,,,1,10/18/22
9164875,housegroup,housegroup,379000-399000,forsale,9620,,,,,,,,,,,,,,,,1,10/18/22
9883205,housegroup,housegroup,380000-380000,forsale,9260,,,,,,,,,,,,,,1,6,1,10/18/22
8243908,housegroup,housegroup,380230-385390,forsale,2590,,,,,99,,,,,,,,,,,1,10/18/22
9933716,housegroup,housegroup,384764-384764,forsale,9550,,,,,,,,,,,,,,,,1,10/18/22
10108353,housegroup,housegroup,385900-413300,forsale,9800,,,,,,,,,,,,,,,,1,10/18/22
9553533,housegroup,housegroup,386400-441000,forsale,9030,,,,,,,,,,,,,,,,1,10/18/22
8495610,housegroup,housegroup,386400-441000,forsale,9030,,,,,,,,,,,,,,,,1,10/18/22
9824837,housegroup,housegroup,388600-395100,forsale,9032,,,,,,,,,,,,,,,,1,10/18/22
9834876,housegroup,housegroup,389000-449000,forsale,9290,,,,,,,,,,,,,,,,1,10/18/22
9933724,housegroup,housegroup,395646-395646,forsale,9500,,,,,,,,,,,,,,,,1,10/18/22
9922720,housegroup,housegroup,396000-396000,forsale,9120,,,,,,,,,,,,,,,,1,10/18/22
9093113,housegroup,housegroup,399600-433000,forsale,3370,,,,,,,,,,,,,,,,1,10/18/22
9932756,housegroup,housegroup,402000-417000,forsale,9620,,,,,,,,,,,,,,,,1,10/18/22
9744537,housegroup,housegroup,411577-521962,forsale,1760,,,,,,,,,,,,,,,,1,10/18/22
8685904,housegroup,housegroup,413025.04-413025.04,forsale,8430,,,,,,,,,,,,,,,,1,10/18/22
10050723,housegroup,housegroup,413750-414950,forsale,2800,,,,,,,,,,,,,,,,1,10/18/22
10077825,housegroup,housegroup,414000-559000,forsale,2250,,,,,99,,,,,,,,,,,1,10/18/22
8659717,housegroup,housegroup,415000-415000,forsale,8820,,,,,,,,,,,,,,,,1,10/18/22
9791891,housegroup,housegroup,415000-425000,forsale,9990,,,,,99,,,,,,,,,,,1,10/18/22
9786043,housegroup,housegroup,419000-419000,forsale,2590,,,,,99,,,,,,,,,,,1,10/18/22
9843575,housegroup,housegroup,419700-419700,forsale,8710,,,,,,,,,,,,,,,,1,10/18/22
9995401,housegroup,housegroup,421000-421000,forsale,9620,,,,,,,,,,,,,,,,1,10/18/22
9920702,housegroup,housegroup,422924.78-451083.76,forsale,8800,,,,,,,,,,,,,,,,1,10/18/22
9638235,housegroup,housegroup,425000-475000,forsale,3390,,,,,,,,,,,,,,,,1,10/18/22
10014220,housegroup,housegroup,430000-445000,forsale,8420,,,,,,,,,,,,,,,,1,10/18/22
10119494,housegroup,housegroup,432750-470000,forsale,9881,,,,,,,,,,,,,,,,1,10/18/22
9420605,housegroup,housegroup,434438-533997,forsale,9850,,,,,,,,,,,,,,,,1,10/18/22
10158732,house,mansion,1390000,forsale,2018,,1918,good,gas,229,6,246,,true,,true,true,,,,,10/18/22
10152494,apartmentgroup,apartmentgroup,280000-635000,forsale,8450,,,,,,,,,,,,,,,,1,10/18/22
10158726,apartment,apartment,519000,forsale,2000,,,asnew,gas,139,3,,,,,true,,,,,,10/18/22
10158724,house,villa,486000,forsale,8510,installed,1995,good,gas,217,3,1144,,,978,true,,,1,3,,10/18/22
10158723,apartment,apartment,229000,forsale,2530,,,asnew,gas,84,1,,,true,108,true,,,,,,10/18/22
10158719,house,mansion,1000000,forsale,1030,hyperequipped,1910,good,gas,,5,260,,true,125,,,,,1,,10/18/22
10158718,house,house,1000000,forsale,1030,hyperequipped,1910,good,gas,,5,260,,true,125,,,,,1,,10/18/22
10036804,house,house,215000,forsale,3320,semiequipped,,torenovate,gas,645,3,156,,true,,,,,,,,10/18/22
9418545,housegroup,housegroup,434438-434438,forsale,9850,,,,,,,,,,,,,,,,1,10/18/22
9606531,housegroup,housegroup,440000-495000,forsale,8020,,,,,,,,,,,,,,,,1,10/18/22
9811236,housegroup,housegroup,442000-442000,forsale,2840,,,,,99,,,,,,,,,,,1,10/18/22
10114807,housegroup,housegroup,444050-454975,forsale,9400,,,,,,,,,,,,,,,,1,10/18/22
10114123,housegroup,housegroup,444050-454975,forsale,9400,,,,,,,,,,,,,,,,1,10/18/22
9449819,housegroup,housegroup,453167-461210,forsale,8480,,,,,,,,,,,,,,,,1,10/18/22
9809042,housegroup,housegroup,454500-454500,forsale,9420,,,,,,,,,,,,,,,,1,10/18/22
10055484,housegroup,housegroup,461809.39-478933.46,forsale,9810,,,,,,,,,,,,,,,1,1,10/18/22
9397247,housegroup,housegroup,465000-465000,forsale,8000,,,,,,,,,,,,,,,,1,10/18/22
9494143,housegroup,housegroup,465000-465000,forsale,8000,,,,,,,,,,,,,,,8,1,10/18/22
8507043,housegroup,housegroup,475871-547013,forsale,2580,,,,,,,,,,,,,,,,1,10/18/22
10103353,housegroup,housegroup,479000-529000,forsale,3150,,,,,,,,,,,,,,,,1,10/18/22
9546061,housegroup,housegroup,483469-527105,forsale,9000,,,,,,,,,,,,,,,,1,10/18/22
8973671,housegroup,housegroup,488200-547000,forsale,9000,,,,,,,,,,,,,,,,1,10/18/22
9744538,housegroup,housegroup,494972-579997,forsale,9400,,,,,,,,,,,,,,,,1,10/18/22
9871851,housegroup,housegroup,495000-495000,forsale,8570,,,,,,,,,,,,,,1,,1,10/18/22
8885995,housegroup,housegroup,507090-548100,forsale,9900,,,,,,,,,,,,,,,,1,10/18/22
10129159,housegroup,housegroup,510148-902687,forsale,3000,,,,,,,,,,,,,,,,1,10/18/22
9916956,housegroup,housegroup,513500-592500,forsale,9120,,,,,,,,,,,,,,,,1,10/18/22
9999333,housegroup,housegroup,530000-536000,forsale,9190,,,,,,,,,,,,,,,,1,10/18/22
9665197,housegroup,housegroup,539500-545900,forsale,9080,,,,,,,,,,,,,,,,1,10/18/22
10064417,housegroup,housegroup,559000-559000,forsale,9790,,,,,,,,,,,,,,1,,1,10/18/22
9839006,housegroup,housegroup,585000-640000,forsale,2801,,,,,,,,,,,,,,,,1,10/18/22
9400599,housegroup,housegroup,640000-695000,forsale,2000,,,,,,,,,,,,,,13,,1,10/18/22
10096361,housegroup,housegroup,650000-900000,forsale,8300,,,,,,,,,,,,,,,,1,10/18/22
9967199,housegroup,housegroup,769500-769500,forsale,8300,,,,,,,,,,,,,,,,1,10/18/22
10132220,house,house,187000,forsale,9620,installed,,good,gas,173,2,49,,,,true,,,,,,10/18/22
10133299,house,house,195000,forsale,1430,,1850,,,,3,280,,,,,,,,,,10/18/22
10132086,house,house,369000,forsale,2140,installed,,tobedoneup,gas,254,6,0,,true,,true,,,,,,10/18/22
10132101,house,house,450000,forsale,8600,,1989,asnew,,148,5,552,,,,true,true,,1,,,10/18/22
10158732,house,mansion,1390000,forsale,2018,,1918,good,gas,229,6,246,,true,,true,true,,,,,10/18/22
10152494,apartmentgroup,apartmentgroup,280000-635000,forsale,8450,,,,,,,,,,,,,,,,1,10/18/22
10158726,apartment,apartment,519000,forsale,2000,,,asnew,gas,139,3,,,,,true,,,,,,10/18/22
10158724,house,villa,486000,forsale,8510,installed,1995,good,gas,217,3,1144,,,978,true,,,1,3,,10/18/22
10158723,apartment,apartment,229000,forsale,2530,,,asnew,gas,84,1,,,true,108,true,,,,,,10/18/22
10158719,house,mansion,1000000,forsale,1030,hyperequipped,1910,good,gas,,5,260,,true,125,,,,,1,,10/18/22
10158718,house,house,1000000,forsale,1030,hyperequipped,1910,good,gas,,5,260,,true,125,,,,,1,,10/18/22
10036804,house,house,215000,forsale,3320,semiequipped,,torenovate,gas,645,3,156,,true,,,,,,,,10/18/22
10132101,house,house,450000,forsale,8600,,1989,asnew,,148,5,552,,,,true,true,,1,,,10/18/22
10133107,house,house,575000,forsale,8300,,,torenovate,,931,3,0,,true,,,,,3,2,,10/18/22
10132254,house,house,650000,forsale,8370,hyperequipped,2010,,gas,78,4,400,,,,true,,,2,,,10/18/22
10135713,house,house,400000,forsale,8570,,1989,asnew,,539,3,2266,,,,,true,,5,6,,10/18/22
10134165,house,villa,500000,forsale,6534,installed,2012,,gas,127,3,1294,,true,,true,,,2,2,,10/18/22
10138225,house,house,159000,forsale,8820,,1976,torenovate,gas,637,2,422,,,,,,,,1,,10/18/22
10139238,house,house,169000,forsale,9990,,1934,torenovate,gas,754,3,351,,,,true,,,,,,10/18/22
10138733,house,house,198000,forsale,9620,,1958,,,932,2,972,true,true,,,,,1,2,,10/18/22
10140046,house,house,225000,forsale,9340,,1960,,,756,3,179,,true,55,,,,,,,10/18/22
10138398,house,house,239000,forsale,9300,semiequipped,1955,tobedoneup,gas,577,2,0,true,true,,true,,,,2,,10/18/22
10140019,house,house,245000,forsale,6210,,1899,good,gas,,3,355,,true,355,,,,,,,10/18/22
10138271,house,house,249000,forsale,9550,installed,1985,,electric,671,2,336,,,,,,,1,3,,10/18/22
10080123,house,house,250328,forsale,3800,installed,2023,,gas,,3,142,,,,,true,,,,1,10/18/22
9007826,house,house,263147,forsale,3800,hyperequipped,2021,,gas,,3,155,,,75,,,,,,1,10/18/22
10140228,house,house,288000,forsale,8480,,1970,asnew,electric,417,3,464,,,,true,,,1,,,10/18/22
9577429,house,house,291968,forsale,3800,installed,2021,,gas,,3,150,,,,true,,,,,1,10/18/22
9577438,house,house,297348,forsale,3800,installed,2021,,gas,,3,172,,,,,,,,,1,10/18/22
9577430,house,house,297348,forsale,3800,installed,2021,,gas,,3,161,,,,,,,,,1,10/18/22
10139698,house,house,300000,forsale,3078,,1935,torenovate,,932,3,1380,,,,,,,1,,,10/18/22
10139571,house,mixedusebuilding,300000,forsale,3200,,1969,,fueloil,511,6,420,,true,,true,,,,,,10/18/22
10116478,house,house,310500,forsale,9600,,2022,,gas,,3,234,,,,,,,,,1,10/18/22
9886733,house,house,314500,forsale,4920,,2022,,,,3,680,,,500,true,true,,,4,1,10/18/22
9577439,house,house,314576,forsale,3800,installed,2021,,gas,,3,161,,,,,,,,,1,10/18/22
10116481,house,house,315500,forsale,9600,,2022,,gas,,3,295,,,,,,,,1,1,10/18/22
9577434,house,house,320039,forsale,3800,installed,2020,,gas,,3,150,,,,,,,1,,1,10/18/22
9577437,house,house,327440,forsale,3800,installed,2021,,gas,,3,172,,,,,,,,,1,10/18/22
9577428,house,house,330346,forsale,3800,installed,2021,,gas,,3,150,,,,true,,,,,1,10/18/22
9577433,house,house,339325,forsale,3800,installed,2020,,gas,,3,150,,,,,true,,1,,1,10/18/22
9577435,house,house,340347,forsale,3800,installed,2020,,gas,,3,150,,,,,true,,1,,1,10/18/22
9577432,house,house,340347,forsale,3800,installed,2020,,gas,,3,150,,,,,true,,1,,1,10/18/22
10158732,house,mansion,1390000,forsale,2018,,1918,good,gas,229,6,246,,true,,true,true,,,,,10/18/22
10152494,apartmentgroup,apartmentgroup,280000-635000,forsale,8450,,,,,,,,,,,,,,,,1,10/18/22
10158726,apartment,apartment,519000,forsale,2000,,,asnew,gas,139,3,,,,,true,,,,,,10/18/22
10158724,house,villa,486000,forsale,8510,installed,1995,good,gas,217,3,1144,,,978,true,,,1,3,,10/18/22
10158723,apartment,apartment,229000,forsale,2530,,,asnew,gas,84,1,,,true,108,true,,,,,,10/18/22
10158719,house,mansion,1000000,forsale,1030,hyperequipped,1910,good,gas,,5,260,,true,125,,,,,1,,10/18/22
10158718,house,house,1000000,forsale,1030,hyperequipped,1910,good,gas,,5,260,,true,125,,,,,1,,10/18/22
10036804,house,house,215000,forsale,3320,semiequipped,,torenovate,gas,645,3,156,,true,,,,,,,,10/18/22
9577431,house,house,341493,forsale,3800,installed,2020,,gas,,4,150,,,,,,,1,,1,10/18/22
9577440,house,house,348217,forsale,3800,installed,2020,,gas,,4,150,,,,,,,1,,1,10/18/22
10140045,house,house,349000,forsale,9340,,1950,,,794,4,1232,,true,735,,,,,2,,10/18/22
9577436,house,house,349296,forsale,3800,installed,2020,,gas,,3,150,,,,,true,,1,,1,10/18/22
10066934,house,house,350300,forsale,1790,hyperequipped,2023,asnew,gas,,3,585,true,,395,true,,,1,4,1,10/18/22
9969182,house,house,369000,forsale,2235,,2022,asnew,gas,,3,0,true,,,true,,,,1,1,10/18/22
9824141,house,house,375000,forsale,2470,,2021,asnew,,30,3,341,,,,true,,,,3,1,10/18/22
10138800,house,house,395000,forsale,2223,hyperequipped,1965,good,gas,645,5,994,true,true,,true,,,1,,,10/18/22
10002380,house,house,395000,forsale,4180,,,asnew,,,3,729,,,,true,true,,1,4,1,10/18/22
10140099,house,house,425000,forsale,8600,installed,2004,,,,3,390,,,155,,,,,3,,10/18/22
10140282,house,house,435000,forsale,7750,,2015,asnew,,116,2,1092,,,750,,true,,1,,,10/18/22
10020624,house,house,449100,forsale,9500,usahyperequipped,2022,asnew,,,3,347,true,,148,true,true,,1,1,1,10/18/22
10020622,house,house,449100,forsale,9500,usahyperequipped,2022,asnew,,,3,340,true,,136,true,true,,1,1,1,10/18/22
10020625,house,house,498500,forsale,9500,usahyperequipped,2022,asnew,,,3,566,true,,365,true,true,,1,1,1,10/18/22
10138725,house,exceptionalproperty,680000,forsale,6110,installed,,good,fueloil,415,4,5934,true,true,5736,true,true,,2,14,,10/18/22
10034387,house,house,749000,forsale,2960,hyperequipped,2015,asnew,,,3,1491,,,,,,,,,1,10/18/22
10138266,house,house,899000,forsale,3000,,,asnew,gas,,3,52,true,,,,,,,,,10/18/22
10143459,house,house,190000,forsale,6180,installed,,good,gas,317,4,2165,true,true,2027,true,,,2,2,,10/18/22
10144448,house,house,195000,forsale,8581,semiequipped,,good,,,1,485,,,,,,,,,,10/18/22
10144572,house,house,219000,forsale,8480,installed,,good,,374,2,219,,,,,,,,,,10/18/22
10143730,house,house,265000,forsale,8020,,1974,,,306,3,287,,,,,,,1,2,,10/18/22
10143664,house,house,299000,forsale,8600,notinstalled,1939,tobedoneup,,,3,1221,true,true,1,true,,,2,25,,10/18/22
10142793,house,house,315000,forsale,9000,installed,,,gas,212,3,41,,,,true,,,,,,10/18/22
10142754,house,house,329000,forsale,9040,,,asnew,,430,3,170,,true,,true,,,,,,10/18/22
10144084,house,house,349000,forsale,8430,,1958,,gas,353,5,335,,true,,true,,,,,,10/18/22
10142767,house,house,349500,forsale,9000,,,asnew,,252,5,46,,true,,true,,,,,,10/18/22
10144860,house,house,365000,forsale,8020,,1955,,,480,3,600,,,,true,,,,,,10/18/22
10144635,house,house,495000,forsale,9810,,1987,,,369,3,1169,,,,,,,1,2,,10/18/22
10132989,house,house,790000,forsale,1410,,1900,torenovate,gas,314,5,1702,true,true,1400,true,true,true,1,,,10/18/22
10150494,house,house,265000,forsale,1570,,1958,,,390,2,476,,true,,true,,,1,,,10/18/22
10158732,house,mansion,1390000,forsale,2018,,1918,good,gas,229,6,246,,true,,true,true,,,,,10/18/22
10152494,apartmentgroup,apartmentgroup,280000-635000,forsale,8450,,,,,,,,,,,,,,,,1,10/18/22
10158726,apartment,apartment,519000,forsale,2000,,,asnew,gas,139,3,,,,,true,,,,,,10/18/22
10158724,house,villa,486000,forsale,8510,installed,1995,good,gas,217,3,1144,,,978,true,,,1,3,,10/18/22
10158723,apartment,apartment,229000,forsale,2530,,,asnew,gas,84,1,,,true,108,true,,,,,,10/18/22
10158719,house,mansion,1000000,forsale,1030,hyperequipped,1910,good,gas,,5,260,,true,125,,,,,1,,10/18/22
10158718,house,house,1000000,forsale,1030,hyperequipped,1910,good,gas,,5,260,,true,125,,,,,1,,10/18/22
10036804,house,house,215000,forsale,3320,semiequipped,,torenovate,gas,645,3,156,,true,,,,,,,,10/18/22
10151344,house,house,295000,forsale,8020,,,asnew,,1057,3,526,,,,,,,,,,10/18/22
10150604,house,bungalow,349000,forsale,8870,,1978,,,284,2,392,,,,,,,1,,,10/18/22
10151020,house,house,359000,forsale,2500,installed,,,gas,135,3,113,,,53,,,,,,,10/18/22
10148552,house,house,445000,forsale,2500,hyperequipped,2000,good,gas,255,3,0,,,,,,,1,,,10/18/22
10148727,house,house,550000,forsale,9042,usainstalled,2007,good,,127,6,1000,,,800,,,,,,,10/18/22
10148521,house,house,575000,forsale,8300,,1991,,gas,635,3,171,,,,true,,,,,,10/18/22
10149082,house,exceptionalproperty,611888,forsale,3000,usahyperequipped,,asnew,,30,3,0,,,,true,,,,,,10/18/22
10155421,house,countrycottage,35000,forsale,5540,,,torenovate,,,1,203,,,203,,,,,,,10/18/22
10156679,house,house,374000,forsale,3200,,1932,,fueloil,468,2,366,,,,,,,3,,,10/18/22
10143101,house,mixedusebuilding,2050000,forsale,3000,,1850,asnew,,,7,0,,,,,,,,,1,10/18/22
10130764,house,house,49000,forsale,4800,,,torenovate,,319,2,40,true,true,,,,,,,,10/18/22
10130223,house,house,180000,forsale,8800,semiequipped,,tobedoneup,gas,483,3,185,true,true,,true,,,1,,,10/18/22
10130096,house,house,189000,forsale,9230,hyperequipped,1988,,pellet,168,3,132,,,,true,,,,2,,10/18/22
10131147,house,house,200000,forsale,7060,installed,,good,gas,346,2,440,true,true,,,,,1,,,10/18/22
10131479,house,villa,215000,forsale,6032,usasemiequipped,1970,tobedoneup,gas,415,3,535,true,true,450,,true,,1,2,,10/18/22
10131984,house,house,225000,forsale,9340,installed,,justrenovated,gas,315,2,160,,,,,,,,,,10/18/22
10130505,house,house,259000,forsale,9230,usahyperequipped,,asnew,gas,347,3,472,,,,true,,,1,1,,10/18/22
10131436,house,villa,280000,forsale,7060,installed,1967,tobedoneup,gas,386,3,0,true,true,,,,,,,,10/18/22
10092644,house,house,315000,forsale,9990,,2004,,gas,150,3,143,,,,true,,,1,,,10/18/22
10131755,house,house,325000,forsale,8820,,1874,,fueloil,506,5,1460,,,,,,,1,3,,10/18/22
10003339,house,house,395000,forsale,2550,usahyperequipped,1954,good,,362,2,370,true,true,160,true,,,,3,,10/18/22
10130485,house,house,459000,forsale,1745,hyperequipped,,good,gas,385,6,570,true,true,,true,,,1,3,,10/18/22
10133512,house,house,189000,forsale,9900,installed,,asnew,,329,2,400,,,,true,true,,,1,,10/18/22
10111823,house,villa,475000,forsale,8600,usainstalled,1980,,fueloil,569,6,1480,,,,true,,,1,1,,10/18/22
10136178,house,house,144900,forsale,6020,installed,1950,good,fueloil,436,3,169,true,true,40,true,,,,,,10/18/22
10137362,house,house,150000,forsale,4400,,1900,tobedoneup,carbon,518,6,0,,true,,,,,,,,10/18/22
10121465,house,house,150000,forsale,6210,,1918,torestore,fueloil,,2,350,,,350,,,,,,,10/18/22
10137366,house,house,180000,forsale,3500,,1919,torenovate,,733,2,210,,,,,,,,,,10/18/22
10136313,house,house,249000,forsale,9620,installed,,asnew,gas,198,4,218,,true,,,,,1,,,10/18/22
10094537,house,house,275000,forsale,3271,installed,,justrenovated,gas,187,2,454,,,,,,,,,,10/18/22
10158732,house,mansion,1390000,forsale,2018,,1918,good,gas,229,6,246,,true,,true,true,,,,,10/18/22
10152494,apartmentgroup,apartmentgroup,280000-635000,forsale,8450,,,,,,,,,,,,,,,,1,10/18/22
10158726,apartment,apartment,519000,forsale,2000,,,asnew,gas,139,3,,,,,true,,,,,,10/18/22
10158724,house,villa,486000,forsale,8510,installed,1995,good,gas,217,3,1144,,,978,true,,,1,3,,10/18/22
10158723,apartment,apartment,229000,forsale,2530,,,asnew,gas,84,1,,,true,108,true,,,,,,10/18/22
10158719,house,mansion,1000000,forsale,1030,hyperequipped,1910,good,gas,,5,260,,true,125,,,,,1,,10/18/22
10158718,house,house,1000000,forsale,1030,hyperequipped,1910,good,gas,,5,260,,true,125,,,,,1,,10/18/22
10036804,house,house,215000,forsale,3320,semiequipped,,torenovate,gas,645,3,156,,true,,,,,,,,10/18/22
10036155,house,house,375000,forsale,2280,,2012,asnew,,93,3,110,,,,true,,,,,,10/18/22
10137517,house,house,375000,forsale,9000,,,good,gas,255,4,68,,,,,,,,,,10/18/22
10136156,house,exceptionalproperty,455000,forsale,9300,usahyperequipped,,asnew,fueloil,494,4,160,true,true,,true,true,,,,,10/18/22
10137662,house,house,590000,forsale,1501,installed,,torenovate,gas,933,4,1220,true,true,815,true,true,,,,,10/18/22
10140351,house,house,184000,forsale,2500,,,torenovate,,708,3,125,,true,,,,,,,,10/18/22
10142150,house,house,230000,forsale,6220,notinstalled,,,,,3,0,,true,,,,,1,,,10/18/22
10140504,house,house,235000,forsale,3770,installed,1971,,,845,3,666,,,,,,,1,,,10/18/22
10131016,house,house,245000,forsale,8930,installed,1958,tobedoneup,,321,3,916,,true,510,,,,,4,,10/18/22
10141888,house,house,299000,forsale,8560,installed,1938,good,,380,3,326,,,121,,,,,,,10/18/22
10002058,house,apartmentblock,559000,forsale,7301,usainstalled,,good,gas,,0,5300,,,5000,true,,,,20,,10/18/22
10145735,house,house,285000,forsale,4051,installed,,asnew,gas,,4,0,,true,,true,,,,,,10/18/22
10145171,house,house,375000,forsale,8930,installed,,good,gas,146,5,583,true,true,450,true,true,,1,,,10/18/22
10145207,house,house,700000,forsale,8340,installed,1970,,fueloil,785,6,12998,,,,,,,1,,,10/18/22
10147244,house,house,175000,forsale,9660,,1850,,,299,4,1200,true,true,,,true,,1,,,10/18/22
10147781,house,house,220000,forsale,2910,,1959,torenovate,,595,3,500,true,true,,,,,1,,,10/18/22
10147196,house,house,220000,forsale,7190,semiequipped,,torenovate,electric,,3,884,,,472,,,,,,,10/18/22
10136118,house,villa,3950000,forsale,8300,usahyperequipped,1998,asnew,gas,236,4,1084,,,510,true,,true,2,4,1,10/18/22
10153937,house,apartmentblock,95000,forsale,7100,notinstalled,,justrenovated,fueloil,305,1,0,,true,,true,,,,1,,10/18/22
10152755,house,house,645000,forsale,2060,,,good,gas,243,5,144,,true,,true,,,,,,10/18/22
10055256,house,house,20000,forsale,4032,,,torenovate,,430,2,44,true,true,,,,,,,,10/18/22
10074627,house,house,40000,forsale,4680,installed,,tobedoneup,gas,386,2,116,,true,,,,,,1,,10/18/22
10029339,house,house,65000,forsale,6061,notinstalled,,torenovate,,1033,1,0,,,,,,,,,,10/18/22
10107878,house,house,65000,forsale,6860,installed,,good,fueloil,357,3,260,true,,,,,,,,,10/18/22
9951972,house,house,75000,forsale,4051,,,torenovate,,559,2,206,true,true,,,,,1,,,10/18/22
10080347,house,house,85000,forsale,7110,notinstalled,,tobedoneup,gas,395,3,0,true,true,,,true,,,,,10/18/22
10099380,house,house,90000,forsale,7370,,,good,electric,326,2,80,,,,true,,,,1,,10/18/22
10087854,house,house,95000,forsale,4020,notinstalled,,torenovate,gas,655,3,120,,,,,,,1,,,10/18/22
9772702,house,house,95000,forsale,6041,semiequipped,,tobedoneup,gas,337,3,70,true,,,true,true,,,,,10/18/22
10085345,house,house,95000,forsale,7370,,,torenovate,,702,3,700,,true,,,,,,,,10/18/22
10044262,house,house,99000,forsale,4500,,1850,torenovate,,219,6,94,,,,,,,,,,10/18/22
10158732,house,mansion,1390000,forsale,2018,,1918,good,gas,229,6,246,,true,,true,true,,,,,10/18/22
10152494,apartmentgroup,apartmentgroup,280000-635000,forsale,8450,,,,,,,,,,,,,,,,1,10/18/22
10158726,apartment,apartment,519000,forsale,2000,,,asnew,gas,139,3,,,,,true,,,,,,10/18/22
10158724,house,villa,486000,forsale,8510,installed,1995,good,gas,217,3,1144,,,978,true,,,1,3,,10/18/22
10158723,apartment,apartment,229000,forsale,2530,,,asnew,gas,84,1,,,true,108,true,,,,,,10/18/22
10158719,house,mansion,1000000,forsale,1030,hyperequipped,1910,good,gas,,5,260,,true,125,,,,,1,,10/18/22
10158718,house,house,1000000,forsale,1030,hyperequipped,1910,good,gas,,5,260,,true,125,,,,,1,,10/18/22
10036804,house,house,215000,forsale,3320,semiequipped,,torenovate,gas,645,3,156,,true,,,,,,,,10/18/22
10022445,house,house,110000,forsale,7012,,,torenovate,gas,505,5,158,,true,,,,,,,,10/18/22
10110376,house,townhouse,115000,forsale,2800,,1950,torenovate,,720,2,105,,,,true,,,1,,,10/18/22
10110327,house,house,115000,forsale,5300,,1969,torenovate,,659,3,811,true,true,,true,,,,,,10/18/22
9951736,house,house,115000,forsale,7080,semiequipped,,tobedoneup,gas,637,4,630,,,,,,,,,,10/18/22
9961930,house,house,119000,forsale,6041,notinstalled,,torenovate,gas,404,3,145,true,true,,true,true,,,,,10/18/22
10081733,house,house,120000,forsale,6040,notinstalled,,torenovate,,442,3,341,true,true,120,true,,,2,,,10/18/22
9934691,house,house,120000,forsale,6460,notinstalled,1900,good,,455,2,290,,true,200,,,,1,,,10/18/22
10125019,house,house,120000,forsale,7060,installed,,good,gas,388,2,220,true,true,,,,,1,,,10/18/22
10100155,house,house,120000,forsale,7370,,,tobedoneup,,370,3,235,,true,,,,,1,,,10/18/22
10033351,house,house,125000,forsale,4987,,,tobedoneup,,431,4,1659,,,,,,,,,,10/18/22
10065342,house,house,125000,forsale,6060,usasemiequipped,,torenovate,gas,448,3,181,true,true,60,true,,,,,,10/18/22
10091739,house,house,130000,forsale,9100,installed,,asnew,gas,337,2,50,true,,,,,,,,,10/18/22
9984874,house,house,135000,forsale,8870,installed,,tobedoneup,gas,310,2,84,,,,true,true,,,,,10/18/22
10076158,house,house,139000,forsale,7301,,,good,gas,306,2,0,true,true,,,,,1,,,10/18/22
10082574,house,house,140000,forsale,3150,,1970,torenovate,,728,3,1049,true,true,,,,,1,,,10/18/22
10118295,house,house,140000,forsale,4130,,,torenovate,,662,5,949,,,500,,,,,,,10/18/22
10125254,house,house,140000,forsale,6200,,,,gas,313,2,99,,,,true,,,,,,10/18/22
10118992,house,house,140000,forsale,7130,semiequipped,,,gas,547,3,185,,true,,true,,,,,,10/18/22
10027762,house,house,140000,forsale,7334,,,torenovate,,825,3,681,,,,,,,1,,,10/18/22
10047592,house,house,145000,forsale,2920,,1919,torenovate,,438,4,483,true,true,,,,,,,,10/18/22
10102116,house,bungalow,148000,forsale,7700,installed,,justrenovated,electric,,1,0,,,,,,,,,,10/18/22
10102113,house,house,148000,forsale,7700,installed,,justrenovated,electric,,1,0,,,,,,,,,,10/18/22
10055971,house,house,149000,forsale,4000,semiequipped,,tobedoneup,gas,550,2,150,,,,true,,,1,,,10/18/22
9981306,house,mixedusebuilding,149000,forsale,4420,semiequipped,,tobedoneup,gas,580,2,257,,true,144,,,,,,,10/18/22
10023144,house,house,149000,forsale,4861,semiequipped,,good,,394,3,0,,true,40,true,,,,1,,10/18/22
10015320,house,apartmentblock,150000,forsale,6750,,,torenovate,,755,0,244,,,,,,,,,,10/18/22
10032000,house,house,150000,forsale,7033,installed,,justrenovated,gas,944,3,190,,true,,,,,,,,10/18/22
10025084,house,house,151000,forsale,7370,,,good,gas,410,3,281,,true,190,true,,,2,,,10/18/22
9825117,house,house,155000,forsale,4030,installed,,good,,510,2,140,,true,75,true,true,,,,,10/18/22
10029438,house,house,155000,forsale,9200,notinstalled,1960,torenovate,gas,632,3,0,true,true,,true,,,2,1,,10/18/22
10158732,house,mansion,1390000,forsale,2018,,1918,good,gas,229,6,246,,true,,true,true,,,,,10/18/22
10152494,apartmentgroup,apartmentgroup,280000-635000,forsale,8450,,,,,,,,,,,,,,,,1,10/18/22
10158726,apartment,apartment,519000,forsale,2000,,,asnew,gas,139,3,,,,,true,,,,,,10/18/22
10158724,house,villa,486000,forsale,8510,installed,1995,good,gas,217,3,1144,,,978,true,,,1,3,,10/18/22
10158723,apartment,apartment,229000,forsale,2530,,,asnew,gas,84,1,,,true,108,true,,,,,,10/18/22
10158719,house,mansion,1000000,forsale,1030,hyperequipped,1910,good,gas,,5,260,,true,125,,,,,1,,10/18/22
10158718,house,house,1000000,forsale,1030,hyperequipped,1910,good,gas,,5,260,,true,125,,,,,1,,10/18/22
10036804,house,house,215000,forsale,3320,semiequipped,,torenovate,gas,645,3,156,,true,,,,,,,,10/18/22
10107231,house,house,159000,forsale,4040,installed,,tobedoneup,fueloil,467,3,250,,,,true,,,,,,10/18/22
10091816,house,house,159000,forsale,6700,,,,fueloil,462,2,784,true,,,true,,,,,,10/18/22
9958377,house,house,165000,forsale,5500,installed,,tobedoneup,gas,432,3,45,true,,,,,,,,,10/18/22
9918526,house,house,165000,forsale,5540,installed,1994,asnew,gas,516,4,600,,,,true,,,,,,10/18/22
10054545,house,house,165000,forsale,6040,installed,,good,fueloil,348,4,360,,true,,true,,,,,,10/18/22
10057942,house,farmhouse,165000,forsale,6900,installed,1947,torenovate,fueloil,624,4,2523,true,true,2523,,,,,4,,10/18/22
10083992,house,house,165000,forsale,7134,installed,,tobedoneup,gas,394,3,190,true,true,,true,true,,,,,10/18/22
10129780,house,house,165000,forsale,8930,,,good,,329,3,95,,,,,,,,,,10/18/22
10114201,house,house,169000,forsale,9750,,,torenovate,,513,2,206,,,,,true,,,,,10/18/22
10121634,house,house,170000,forsale,9100,installed,1936,,gas,186,2,350,true,,,,,,,,,10/18/22
10094873,house,house,175000,forsale,2300,,1930,tobedoneup,,497,4,269,true,,,,,,,,,10/18/22
10112944,house,house,175000,forsale,8810,,,tobedoneup,gas,460,5,518,,,330,,true,,,,,10/18/22
10099328,house,house,175000,forsale,9550,,,asnew,fueloil,466,2,160,,,,,true,,,,,10/18/22
10029476,house,house,179000,forsale,4760,,1965,,,372,3,693,,,600,,,,,5,,10/18/22
10030890,house,house,179000,forsale,6031,installed,,good,gas,405,2,220,true,true,,,,,1,,,10/18/22
10108407,house,house,180000,forsale,1880,,1920,torenovate,,783,2,363,,true,,,true,,,,,10/18/22
10124198,house,house,180000,forsale,2040,,1969,torenovate,,604,3,330,true,,,,,,1,,,10/18/22
10050653,house,house,180000,forsale,6060,notinstalled,,torenovate,fueloil,360,3,405,true,,220,true,,,1,1,,10/18/22
10045399,house,house,180000,forsale,7190,installed,,good,pellet,291,3,157,,,,true,true,,,,,10/18/22
9813616,house,townhouse,180000,forsale,7700,notinstalled,,good,pellet,310,3,220,true,,220,true,,,1,,,10/18/22
9918096,house,house,180000,forsale,9660,installed,,torenovate,electric,1193,4,384,,true,,true,,,,,,10/18/22
10126408,house,villa,185000,forsale,4624,installed,,tobedoneup,fueloil,547,3,3752,,,,,,,2,4,,10/18/22
9969928,house,house,185000,forsale,6750,,1918,,,594,3,0,,true,,,,,2,3,,10/18/22
9986339,house,mixedusebuilding,185000,forsale,9300,,1967,,,128,2,0,,,,,,,,,,10/18/22
10049612,house,house,189000,forsale,4100,installed,,asnew,gas,238,4,83,,true,,,true,,,,,10/18/22
9914104,house,house,189000,forsale,6940,semiequipped,1969,good,,416,2,1796,,true,1796,true,,,1,3,,10/18/22
10093101,house,house,189000,forsale,9230,installed,,good,gas,253,2,60,,,,,,,,,,10/18/22
10116156,house,house,190000,forsale,2140,,1954,good,gas,532,3,0,,true,,,,,,,,10/18/22
9981060,house,house,190000,forsale,4000,notinstalled,,torenovate,gas,632,3,73,true,true,,true,,,,,,10/18/22
9929122,house,house,190000,forsale,5300,semiequipped,,torenovate,gas,335,2,50,true,true,50,,true,,,,,10/18/22
10158732,house,mansion,1390000,forsale,2018,,1918,good,gas,229,6,246,,true,,true,true,,,,,10/18/22
10152494,apartmentgroup,apartmentgroup,280000-635000,forsale,8450,,,,,,,,,,,,,,,,1,10/18/22
10158726,apartment,apartment,519000,forsale,2000,,,asnew,gas,139,3,,,,,true,,,,,,10/18/22
10158724,house,villa,486000,forsale,8510,installed,1995,good,gas,217,3,1144,,,978,true,,,1,3,,10/18/22
10158723,apartment,apartment,229000,forsale,2530,,,asnew,gas,84,1,,,true,108,true,,,,,,10/18/22
10158719,house,mansion,1000000,forsale,1030,hyperequipped,1910,good,gas,,5,260,,true,125,,,,,1,,10/18/22
10158718,house,house,1000000,forsale,1030,hyperequipped,1910,good,gas,,5,260,,true,125,,,,,1,,10/18/22
10036804,house,house,215000,forsale,3320,semiequipped,,torenovate,gas,645,3,156,,true,,,,,,,,10/18/22
9999265,house,house,190000,forsale,6183,semiequipped,,good,gas,455,4,554,true,true,340,true,,,,,,10/18/22
10051641,house,house,195000,forsale,8000,,,,,439,2,38,,,,,,,,,,10/18/22
9983753,house,house,195000,forsale,9050,,,torenovate,,294,3,68,true,,,true,,,,,,10/18/22
10107634,house,house,198250,forsale,2170,,1946,torenovate,,380,4,113,,true,,,,,,,,10/18/22
9971024,house,house,199000,forsale,2221,,,torenovate,,1249,3,775,,true,350,,,,1,,,10/18/22
10082800,house,house,199000,forsale,2370,,1966,torenovate,,1100,4,660,,,,,,,1,,,10/18/22
10067129,house,house,199000,forsale,5560,semiequipped,1850,tobedoneup,fueloil,587,4,1655,true,true,1300,true,true,,1,2,,10/18/22
10022174,house,house,199000,forsale,7140,installed,,justrenovated,gas,296,2,140,true,true,,true,,,,,,10/18/22
9842751,house,house,199000,forsale,8800,,1918,good,,176,4,180,,,,,,,,,,10/18/22
10122529,house,house,200000,forsale,2160,,1955,tobedoneup,,697,2,250,,,,,,,1,,,10/18/22
9862250,house,apartmentblock,205000,forsale,7000,semiequipped,,good,gas,228,3,0,,true,,,,,,,,10/18/22
10029897,house,house,209000,forsale,4300,semiequipped,,good,fueloil,475,3,348,,true,220,true,true,,,,,10/18/22
9705373,house,house,209000,forsale,8450,,,,electric,960,2,317,,,211,,,,,,,10/18/22
10015264,house,house,209500,forsale,4100,installed,,asnew,gas,575,4,170,true,true,70,true,,,1,,,10/18/22
10070157,house,house,210000,forsale,1861,,1978,tobedoneup,gas,492,4,0,,,,,,,1,,,10/18/22
10074268,house,house,210000,forsale,3550,installed,1958,,fueloil,601,3,1742,true,true,,,,,2,,,10/18/22
10003988,house,house,210000,forsale,7060,installed,1939,good,pellet,336,3,220,true,true,160,true,,,,,,10/18/22
9975962,house,house,215000,forsale,8800,,,good,,255,3,77,,,,true,,,,,,10/18/22
10066253,house,house,215000,forsale,8850,installed,1951,good,,446,2,0,,true,,true,,,,,,10/18/22
9977474,house,house,215000,forsale,9910,,1953,,,480,3,790,,true,,,,,,,,10/18/22
10006525,house,house,219000,forsale,4020,installed,,good,gas,577,3,845,,true,100,true,,,,,,10/18/22
10097835,house,house,219000,forsale,7060,notinstalled,,tobedoneup,,310,3,400,,true,400,true,,,,,,10/18/22
10107806,house,house,220000,forsale,5300,installed,1950,,gas,545,3,335,true,true,,,true,,,2,,10/18/22
9934379,house,house,220000,forsale,5377,installed,2010,good,fueloil,224,4,284,true,,284,true,true,,,5,,10/18/22
10109128,house,house,220000,forsale,9000,installed,,torenovate,,576,3,200,,,,,,,,,,10/18/22
10103239,house,house,220000,forsale,9000,installed,,torenovate,,450,3,80,,,,,,,,,,10/18/22
10065996,house,house,225000,forsale,4050,,1965,tobedoneup,fueloil,,2,591,,true,,true,,,,1,,10/18/22
10120331,house,apartmentblock,225000,forsale,5580,notinstalled,,,gas,375,12,753,,true,645,true,,,,4,,10/18/22
9977445,house,house,229000,forsale,9500,,1965,,,330,2,155,,true,,,,,1,,,10/18/22
10114520,house,house,230000,forsale,9960,semiequipped,1951,tobedoneup,gas,451,3,193,true,true,,,,,,,,10/18/22
10158732,house,mansion,1390000,forsale,2018,,1918,good,gas,229,6,246,,true,,true,true,,,,,10/18/22
10152494,apartmentgroup,apartmentgroup,280000-635000,forsale,8450,,,,,,,,,,,,,,,,1,10/18/22
10158726,apartment,apartment,519000,forsale,2000,,,asnew,gas,139,3,,,,,true,,,,,,10/18/22
10158724,house,villa,486000,forsale,8510,installed,1995,good,gas,217,3,1144,,,978,true,,,1,3,,10/18/22
10158723,apartment,apartment,229000,forsale,2530,,,asnew,gas,84,1,,,true,108,true,,,,,,10/18/22
10158719,house,mansion,1000000,forsale,1030,hyperequipped,1910,good,gas,,5,260,,true,125,,,,,1,,10/18/22
10158718,house,house,1000000,forsale,1030,hyperequipped,1910,good,gas,,5,260,,true,125,,,,,1,,10/18/22
10036804,house,house,215000,forsale,3320,semiequipped,,torenovate,gas,645,3,156,,true,,,,,,,,10/18/22
10089224,house,house,235000,forsale,7060,installed,,good,gas,181,3,0,,,,true,,,,,,10/18/22
9994935,house,house,235000,forsale,8540,installed,1949,good,,246,4,320,,true,,,,,1,,,10/18/22
10089065,house,house,239000,forsale,6810,,,,fueloil,516,3,1200,true,true,,true,,,1,,,10/18/22
10078428,house,house,240000,forsale,2800,,1950,torenovate,,699,3,345,true,true,,,,,1,,,10/18/22
9946319,house,house,240000,forsale,9031,,1979,torenovate,,591,2,420,true,,,,true,,1,,,10/18/22
10049774,house,mansion,245000,forsale,8750,notinstalled,,torenovate,gas,743,3,645,,true,,,,,1,2,,10/18/22
10126241,house,house,249000,forsale,1490,installed,1968,,gas,409,3,2000,true,,,true,,,2,,,10/18/22
10005232,house,house,249000,forsale,6060,usahyperequipped,2010,asnew,gas,60,3,339,true,,250,true,,,1,2,,10/18/22
9903838,house,house,249000,forsale,6900,hyperequipped,,asnew,pellet,246,3,662,,,662,true,,,2,5,,10/18/22
9814926,house,house,249000,forsale,8540,,,asnew,gas,862,3,348,,true,,true,,,2,,,10/18/22
10077944,house,house,249000,forsale,8700,installed,,asnew,gas,341,4,295,true,true,,,true,,1,,,10/18/22
10067201,house,house,249000,forsale,8880,installed,,asnew,gas,115,3,120,,true,,true,,,,,,10/18/22
10004004,house,bungalow,250000,forsale,4970,,1980,tobedoneup,gas,,2,823,,true,,true,true,,,,,10/18/22
10025086,house,villa,250000,forsale,5651,semiequipped,1939,tobedoneup,fueloil,479,2,2205,true,true,2000,true,,,1,1,,10/18/22
10128878,house,house,250000,forsale,7061,installed,,good,gas,238,3,889,,true,,,true,,,,,10/18/22
10042676,house,house,250000,forsale,8791,,,torenovate,fueloil,889,4,725,,true,,true,,,2,,,10/18/22
10024943,house,house,250000,forsale,9320,installed,,good,gas,626,3,177,true,,,true,,,1,2,,10/18/22
10062813,house,house,255000,forsale,8600,usainstalled,,asnew,gas,269,3,175,,,,true,true,,1,,,10/18/22
10087892,house,apartmentblock,259000,forsale,4100,,,torenovate,,556,6,277,true,true,140,true,true,,,,,10/18/22
10087890,house,house,259000,forsale,4100,,,torenovate,,556,6,277,true,true,140,true,true,,,,,10/18/22
9763468,house,house,259000,forsale,8370,installed,1937,tobedoneup,gas,376,3,195,,,123,,,,,,,10/18/22
10096371,house,house,260000,forsale,2140,installed,,tobedoneup,gas,335,4,0,,true,,,,,,,,10/18/22
10007835,house,house,260000,forsale,6747,notinstalled,,torenovate,,590,3,590,true,true,,true,,,1,,,10/18/22
10056851,house,house,260000,forsale,6762,notinstalled,,,,627,3,350,,true,,,,,1,,,10/18/22
9588853,house,house,260000,forsale,8540,,,tobedoneup,gas,510,4,254,,,,,true,,1,,,10/18/22
10090217,house,house,260000,forsale,8870,semiequipped,,asnew,gas,351,4,201,,,,,,,,,,10/18/22
10120978,house,chalet,264500,forsale,8020,semiequipped,,tobedoneup,pellet,1348,1,2500,,,,true,,,,,,10/18/22
9947111,house,apartmentblock,265000,forsale,4000,,,torenovate,,644,0,0,,true,,,,,,,,10/18/22
10128950,house,house,265000,forsale,5500,notinstalled,,asnew,,133,3,286,,,,true,,,,1,,10/18/22
10117472,house,house,265000,forsale,9230,usasemiequipped,1975,,gas,376,3,401,true,,,true,,,1,2,,10/18/22
10158732,house,mansion,1390000,forsale,2018,,1918,good,gas,229,6,246,,true,,true,true,,,,,10/18/22
10152494,apartmentgroup,apartmentgroup,280000-635000,forsale,8450,,,,,,,,,,,,,,,,1,10/18/22
10158726,apartment,apartment,519000,forsale,2000,,,asnew,gas,139,3,,,,,true,,,,,,10/18/22
10158724,house,villa,486000,forsale,8510,installed,1995,good,gas,217,3,1144,,,978,true,,,1,3,,10/18/22
10158723,apartment,apartment,229000,forsale,2530,,,asnew,gas,84,1,,,true,108,true,,,,,,10/18/22
10158719,house,mansion,1000000,forsale,1030,hyperequipped,1910,good,gas,,5,260,,true,125,,,,,1,,10/18/22
10158718,house,house,1000000,forsale,1030,hyperequipped,1910,good,gas,,5,260,,true,125,,,,,1,,10/18/22
10036804,house,house,215000,forsale,3320,semiequipped,,torenovate,gas,645,3,156,,true,,,,,,,,10/18/22
10005668,house,house,269000,forsale,5190,installed,2002,good,fueloil,471,3,750,,,497,true,,,1,8,,10/18/22
10041226,house,house,269000,forsale,9500,usahyperequipped,,asnew,gas,96,2,60,true,true,,true,true,,,,,10/18/22
9643897,house,house,269500,forsale,7331,,,,,433,3,0,,true,,,,,,,,10/18/22
10084288,house,house,270000,forsale,1330,installed,1972,tobedoneup,gas,375,4,0,true,true,,true,true,,,,,10/18/22
10055174,house,house,270000,forsale,1853,,1957,tobedoneup,,347,3,282,true,true,,,,,1,,,10/18/22
10031219,house,house,275000,forsale,3300,,,good,,384,3,200,,true,76,true,,,,,,10/18/22
10119575,house,countrycottage,275000,forsale,3770,installed,1875,,fueloil,601,5,3087,,true,,,,,1,,,10/18/22
10064228,house,house,275000,forsale,6044,installed,,tobedoneup,wood,1029,2,2068,,,,true,,,1,1,,10/18/22
10122130,house,villa,275000,forsale,6534,installed,,good,gas,369,2,696,true,,545,true,true,,2,2,,10/18/22
9975356,house,mansion,275000,forsale,7000,installed,1875,good,fueloil,454,3,1320,true,true,,true,,,,5,,10/18/22
10066928,house,house,275000,forsale,7322,,,justrenovated,,446,5,90,,true,,true,true,,,2,,10/18/22
10027577,house,townhouse,275000,forsale,9000,,1850,good,,460,4,70,,,5,,,,,,,10/18/22
10110076,house,house,275000,forsale,9160,,1967,torenovate,,714,5,700,true,,,true,,,2,,,10/18/22
10128495,house,house,275000,forsale,9500,usainstalled,,tobedoneup,fueloil,524,5,350,true,true,,true,,,,,,10/18/22
10077073,house,villa,279000,forsale,5300,usainstalled,,good,fueloil,412,5,627,true,true,475,true,,,1,2,,10/18/22
10078619,house,house,279000,forsale,6792,,,,fueloil,600,3,694,,true,,,,,1,,,10/18/22
10058026,house,house,280000,forsale,4000,notinstalled,,good,gas,354,3,165,,true,88,true,,,,,,10/18/22
9931635,house,house,280000,forsale,6750,installed,1920,,,226,3,0,,,,,,,1,3,,10/18/22
9745697,house,house,285000,forsale,6181,usahyperequipped,1893,good,gas,572,4,367,true,true,250,true,,,1,1,,10/18/22
10082264,house,house,289000,forsale,6044,,,justrenovated,,320,3,0,,true,,,,,1,,,10/18/22
9981556,house,villa,289000,forsale,7062,installed,1976,good,gas,446,2,990,true,,900,true,true,,1,1,,10/18/22
10125875,house,house,289229,forsale,9910,installed,2023,asnew,gas,,3,259,,,,,,,,,,10/18/22
10066050,house,house,294000,forsale,6791,,,,fueloil,215,6,320,true,,,,,,,,,10/18/22
10121292,house,villa,295000,forsale,1420,,1955,,gas,,2,424,,true,424,,,,,,,10/18/22
10105865,house,mixedusebuilding,295000,forsale,4030,installed,,justrenovated,gas,131,3,0,,,,true,,,1,2,,10/18/22
10114653,house,house,295000,forsale,9320,installed,,good,gas,257,3,210,true,,70,true,,,1,1,,10/18/22
10112559,house,house,295000,forsale,9500,,1955,tobedoneup,,636,3,765,true,true,500,true,,,1,4,,10/18/22
10047773,house,house,298000,forsale,9000,,1899,torenovate,gas,,4,82,,true,12,,,,,,,10/18/22
10063820,house,house,299000,forsale,4520,installed,,justrenovated,,175,3,3340,true,true,3340,true,,,,1,,10/18/22
10038312,house,bungalow,299000,forsale,8460,,1964,good,,535,3,592,,true,,,,,1,,,10/18/22
10158732,house,mansion,1390000,forsale,2018,,1918,good,gas,229,6,246,,true,,true,true,,,,,10/18/22
10152494,apartmentgroup,apartmentgroup,280000-635000,forsale,8450,,,,,,,,,,,,,,,,1,10/18/22
10158726,apartment,apartment,519000,forsale,2000,,,asnew,gas,139,3,,,,,true,,,,,,10/18/22
10158724,house,villa,486000,forsale,8510,installed,1995,good,gas,217,3,1144,,,978,true,,,1,3,,10/18/22
10158723,apartment,apartment,229000,forsale,2530,,,asnew,gas,84,1,,,true,108,true,,,,,,10/18/22
10158719,house,mansion,1000000,forsale,1030,hyperequipped,1910,good,gas,,5,260,,true,125,,,,,1,,10/18/22
10158718,house,house,1000000,forsale,1030,hyperequipped,1910,good,gas,,5,260,,true,125,,,,,1,,10/18/22
10036804,house,house,215000,forsale,3320,semiequipped,,torenovate,gas,645,3,156,,true,,,,,,,,10/18/22
10083973,house,house,299000,forsale,9620,hyperequipped,,torenovate,gas,257,3,1029,,true,,true,,,1,3,,10/18/22
9895551,house,house,299000,forsale,9660,,,torenovate,gas,325,4,523,true,true,,true,,,1,,,10/18/22
10119999,house,house,299990,forsale,9500,,,justrenovated,,640,3,329,true,true,,true,true,,1,2,,10/18/22
10123492,house,farmhouse,300000,forsale,1430,installed,1800,good,,294,4,495,,,400,true,true,,1,2,,10/18/22
10095457,house,house,305000,forsale,1950,,1956,torenovate,,764,3,560,,,,,,,1,,,10/18/22
10069078,house,house,305000,forsale,2580,,1953,torenovate,,479,3,280,true,true,,,,,1,,,10/18/22
10121542,house,house,308000,forsale,1980,installed,1969,good,gas,1249,3,0,,,,true,,,1,,,10/18/22
9986465,house,house,309000,forsale,8370,installed,1961,,gas,302,4,123,,true,,true,,,1,1,,10/18/22
10115296,house,house,315000,forsale,2660,,,torenovate,gas,753,3,0,,true,117,true,,,1,1,,10/18/22
10026323,house,house,315000,forsale,3940,,1970,asnew,gas,,4,1308,,true,,,,,1,,,10/18/22
9759925,house,house,315000,forsale,5100,installed,,,fueloil,598,2,1070,,true,,,,true,1,4,,10/18/22
9858652,house,house,315000,forsale,6940,installed,,good,fueloil,324,2,972,,,,,,,1,,,10/18/22
9994563,house,villa,315000,forsale,7110,semiequipped,1977,good,fueloil,193,4,593,true,true,,,,,1,3,,10/18/22
10002504,house,house,315000,forsale,8540,,,tobedoneup,fueloil,1076,3,980,,,,true,,,1,,,10/18/22
10092747,house,house,319000,forsale,1370,usahyperequipped,1850,good,fueloil,204,2,340,true,true,,true,true,,,2,,10/18/22
10099731,house,house,319000,forsale,9140,,1958,torenovate,,535,3,600,true,true,1,,,,,,,10/18/22
10070188,house,house,320000,forsale,3640,hyperequipped,,good,fueloil,546,3,2212,true,true,,,,,,,,10/18/22
10122934,house,house,320000,forsale,8800,installed,,good,,499,3,263,,true,,true,true,,1,3,,10/18/22
10085321,house,house,320000,forsale,8830,installed,,good,,499,3,263,,true,,true,true,,1,3,,10/18/22
10096421,house,house,325000,forsale,8800,,2010,asnew,,145,3,190,,,,,,,1,,,10/18/22
10037281,house,house,325000,forsale,8930,,,good,,224,5,268,,,,,,,1,,,10/18/22
10110331,house,house,329000,forsale,9900,,1960,,,155,5,181,,,,,,,,,,10/18/22
9899297,house,farmhouse,330000,forsale,5630,installed,1850,good,,570,5,835,,true,,,,,1,,,10/18/22
10109333,house,mansion,335000,forsale,3320,,1918,torenovate,,394,3,238,true,true,,,true,,2,,,10/18/22
10126669,house,house,335000,forsale,8830,,1964,torenovate,,420,4,2043,,true,,,,,1,3,,10/18/22
9889346,house,house,340000,forsale,6762,installed,1963,asnew,,242,3,0,,true,,,,,1,3,,10/18/22
10073906,house,apartmentblock,344900,forsale,2018,installed,,good,gas,372,0,46,,,,,,,,,,10/18/22
9880528,house,house,349000,forsale,4280,notinstalled,1946,good,fueloil,447,5,5600,,true,5480,,true,,1,10,,10/18/22
9972300,house,house,350000,forsale,1180,installed,,,,,4,0,,,20,,,,,,,10/18/22
9659772,house,house,355000,forsale,3350,,1990,asnew,,358,3,783,,,,,,,,,,10/18/22
10158758,house,house,649000,forsale,2980,,,good,gas,302,3,1841,true,,,,,true,1,1,,10/18/22
9972141,house,house,275000,forsale,3540,installed,2022,,gas,,4,664,,,,,,,,,,10/18/22
10158744,house,house,415000,forsale,3271,,1934,good,gas,721,4,1000,,true,,true,true,,2,,,10/18/22
10158743,house,house,495000,forsale,2340,notinstalled,1979,good,fueloil,514,5,983,,true,,true,,,,,,10/18/22
10152494,apartmentgroup,apartmentgroup,280000-635000,forsale,8450,,,,,,,,,,,,,,,,1,10/18/22
10158740,apartment,apartment,208000,forsale,2100,,,good,gas,191,2,,,true,,true,,,,,,10/18/22
10158737,house,chalet,149000,forsale,2382,installed,,good,gas,625,5,256,,,,true,,,,,,10/18/22
10158732,house,mansion,1390000,forsale,2018,,1918,good,gas,229,6,246,,true,,true,true,,,,,10/18/22
10125373,house,house,359000,forsale,9620,installed,1959,torenovate,fueloil,566,3,765,,true,,,,,1,,,10/18/22
10034279,house,house,365000,forsale,1770,installed,1935,justrenovated,gas,282,4,430,true,,,true,,,,,,10/18/22
10106759,house,mansion,365000,forsale,9030,installed,1855,justrenovated,gas,759,3,0,,,,true,,,,,,10/18/22
10093030,house,house,366000,forsale,9900,installed,,asnew,fueloil,605,4,709,true,true,,,true,,,,,10/18/22
10026893,house,house,369000,forsale,1170,semiequipped,,torenovate,,,3,0,true,true,,true,,,,,,10/18/22
10121662,house,villa,369000,forsale,5651,usainstalled,1984,asnew,fueloil,311,3,891,,,350,true,,,1,3,,10/18/22
9984861,house,house,369000,forsale,8560,installed,,good,,399,3,354,,,,,,,,,,10/18/22
10102734,house,house,378000,forsale,2870,installed,,good,gas,237,5,451,true,true,300,,,,1,1,,10/18/22
9983979,house,house,379000,forsale,2900,,,good,gas,,5,285,true,true,130,true,,,1,1,,10/18/22
9992699,house,apartmentblock,380000,forsale,3320,,,,gas,279,3,0,,,,,,,,,,10/18/22
9960625,house,house,385000,forsale,6900,,1980,good,gas,135,3,912,true,,819,true,true,,1,10,,10/18/22
9983073,house,house,389000,forsale,8020,,1936,asnew,,288,3,583,,true,,true,,,,3,,10/18/22
10103505,house,mixedusebuilding,390000,forsale,1310,installed,1938,,gas,331,2,225,,true,,true,,,1,,,10/18/22
10107176,house,house,390000,forsale,8200,installed,1966,,fueloil,544,2,566,,true,340,true,,,,,,10/18/22
9103196,house,house,395000,forsale,8420,,2002,tobedoneup,,185,4,350,,,,true,,,1,,,10/18/22
10103486,house,house,395000,forsale,8630,,1986,asnew,,478,4,772,,,,,,,1,3,,10/18/22
10114439,house,house,395000,forsale,9000,,1994,good,,377,3,317,,,,,,,1,,,10/18/22
10093980,house,house,396000,forsale,5060,installed,,good,fueloil,549,2,1711,,,,true,,,,3,,10/18/22
10023884,house,house,396450,forsale,8710,,,,,,3,447,,,,true,,,,,,10/18/22
10103603,house,house,398000,forsale,2220,,1978,,gas,292,3,1336,,,,,,,1,,,10/18/22
9901531,house,house,399000,forsale,1080,notinstalled,,,,512,4,184,,true,,,,,1,,,10/18/22
10125854,house,house,399000,forsale,3010,,1969,tobedoneup,,794,3,693,,,,true,,,1,,,10/18/22
9817752,house,exceptionalproperty,399000,forsale,4970,,1918,tobedoneup,fueloil,,6,1550,,true,,,,,,,,10/18/22
10127982,house,mansion,399000,forsale,8400,,1899,,gas,341,3,0,,true,,true,,,,,,10/18/22
9562440,house,mansion,399000,forsale,8500,,,asnew,gas,465,5,150,true,true,11,,,,1,,,10/18/22
9933063,house,house,399000,forsale,8660,,,torenovate,gas,505,3,1494,,,,true,,,1,,,10/18/22
10076018,house,house,399900,forsale,9620,usahyperequipped,,asnew,fueloil,209,4,1119,true,true,,true,true,,2,,,10/18/22
10035660,house,house,419000,forsale,8200,installed,,good,gas,268,4,494,,,,true,,,1,2,,10/18/22
10027833,house,house,425000,forsale,5640,hyperequipped,2014,asnew,,66,5,926,true,,700,true,true,,,2,,10/18/22
9957753,house,house,429000,forsale,2018,usainstalled,,,gas,193,2,42,,,,,true,,1,1,,10/18/22
10158758,house,house,649000,forsale,2980,,,good,gas,302,3,1841,true,,,,,true,1,1,,10/18/22
9972141,house,house,275000,forsale,3540,installed,2022,,gas,,4,664,,,,,,,,,,10/18/22
10158744,house,house,415000,forsale,3271,,1934,good,gas,721,4,1000,,true,,true,true,,2,,,10/18/22
10158743,house,house,495000,forsale,2340,notinstalled,1979,good,fueloil,514,5,983,,true,,true,,,,,,10/18/22
10152494,apartmentgroup,apartmentgroup,280000-635000,forsale,8450,,,,,,,,,,,,,,,,1,10/18/22
10158740,apartment,apartment,208000,forsale,2100,,,good,gas,191,2,,,true,,true,,,,,,10/18/22
10158737,house,chalet,149000,forsale,2382,installed,,good,gas,625,5,256,,,,true,,,,,,10/18/22
10158732,house,mansion,1390000,forsale,2018,,1918,good,gas,229,6,246,,true,,true,true,,,,,10/18/22
10112242,house,mixedusebuilding,430000,forsale,4550,installed,,good,fueloil,161,3,700,true,true,165,true,true,,1,2,,10/18/22
9800005,house,house,430000,forsale,6224,notinstalled,2017,,,,3,0,,true,2700,,true,,2,,,10/18/22
10111890,house,house,435000,forsale,9270,,1980,asnew,,273,4,942,,,,true,true,,1,,,10/18/22
10126443,house,house,449000,forsale,6791,installed,,,fueloil,285,4,542,true,true,,true,,,,,,10/18/22
10043034,house,house,449000,forsale,9041,,2008,asnew,,116,3,287,,,,true,true,,1,2,,10/18/22
10119503,house,house,449000,forsale,9820,,1952,justrenovated,,184,3,675,,,,true,true,,,,,10/18/22
10129826,house,house,449900,forsale,9200,,1989,good,,211,4,612,,,,,,,2,2,,10/18/22
9778773,house,house,450000,forsale,5600,installed,,,fueloil,251,4,2347,,true,,true,true,,30,10,,10/18/22
10114613,house,house,459000,forsale,3620,installed,1984,,fueloil,287,5,1806,,true,,,,,1,,,10/18/22
10089537,house,house,459000,forsale,9890,,,,fueloil,262,3,587,,,,,,,1,2,,10/18/22
10075841,house,house,460000,forsale,1500,,1993,,gas,461,4,300,,true,,true,,,,,,10/18/22
9863329,house,house,460000,forsale,3550,,1949,,gas,305,4,1120,,,,,,,,,,10/18/22
10099855,house,villa,465000,forsale,8490,installed,1987,good,,436,3,675,,,,,,,1,3,,10/18/22
10103315,house,house,465000,forsale,9255,,1980,asnew,gas,205,3,494,,,,true,true,,1,,,10/18/22
10068767,house,house,470000,forsale,2950,usainstalled,1996,asnew,,136,3,470,true,,,true,,,1,,,10/18/22
10111784,house,house,480000,forsale,1570,,1963,asnew,gas,264,3,592,,true,,,true,,,,,10/18/22
10117063,house,house,485000,forsale,8800,installed,,asnew,gas,154,4,587,,,,true,,,2,,,10/18/22
10083046,house,house,487000,forsale,8310,installed,,tobedoneup,gas,529,5,256,,true,,true,,,1,1,,10/18/22
10043804,house,house,489000,forsale,6780,,,,fueloil,325,3,569,,true,,true,,,1,1,,10/18/22
9978621,house,villa,494650,forsale,8570,,2022,asnew,,,4,609,true,,,,true,,2,2,,10/18/22
9993871,house,house,495000,forsale,1140,installed,1936,good,gas,355,3,219,true,true,76,true,true,,,,,10/18/22
10057369,house,house,498000,forsale,3012,installed,1957,,gas,328,2,600,true,true,500,true,,,1,,,10/18/22
10009607,house,exceptionalproperty,499000,forsale,2000,installed,,good,gas,753,4,71,true,true,6,true,true,,1,1,,10/18/22
10032656,house,house,499000,forsale,7000,installed,,good,fueloil,420,5,100,,true,,true,true,,,,,10/18/22
10091165,house,house,499900,forsale,2400,,1950,good,electric,,5,180,,true,,,,,,,,10/18/22
10108366,house,mixedusebuilding,500000,forsale,1400,,,torenovate,gas,,4,150,,true,,,true,,,,,10/18/22
9963927,house,house,520000,forsale,8930,hyperequipped,1943,good,fueloil,720,3,1656,true,true,,true,true,,1,2,,10/18/22
10045543,house,apartmentblock,525000,forsale,7000,,,good,gas,135,3,0,,true,,true,,,,,,10/18/22
10066647,house,house,529000,forsale,9500,installed,1981,,gas,403,2,730,,,363,true,,,,4,,10/18/22
10070674,house,house,540000,forsale,1348,installed,1979,,gas,355,4,340,,,200,true,true,,1,,,10/18/22
10158758,house,house,649000,forsale,2980,,,good,gas,302,3,1841,true,,,,,true,1,1,,10/18/22
9972141,house,house,275000,forsale,3540,installed,2022,,gas,,4,664,,,,,,,,,,10/18/22
10158744,house,house,415000,forsale,3271,,1934,good,gas,721,4,1000,,true,,true,true,,2,,,10/18/22
10158743,house,house,495000,forsale,2340,notinstalled,1979,good,fueloil,514,5,983,,true,,true,,,,,,10/18/22
10152494,apartmentgroup,apartmentgroup,280000-635000,forsale,8450,,,,,,,,,,,,,,,,1,10/18/22
10158740,apartment,apartment,208000,forsale,2100,,,good,gas,191,2,,,true,,true,,,,,,10/18/22
10158737,house,chalet,149000,forsale,2382,installed,,good,gas,625,5,256,,,,true,,,,,,10/18/22
10158732,house,mansion,1390000,forsale,2018,,1918,good,gas,229,6,246,,true,,true,true,,,,,10/18/22
9702374,house,villa,545000,forsale,1380,semiequipped,1976,tobedoneup,fueloil,295,5,2000,,true,2000,true,,,2,4,,10/18/22
9934299,house,mixedusebuilding,545000,forsale,2040,,1997,asnew,,238,2,709,,,,true,,,3,,,10/18/22
10114452,house,house,549000,forsale,2500,hyperequipped,2009,,gas,157,4,0,,,,true,,,,,,10/18/22
10129101,house,house,549000,forsale,3090,,1930,tobedoneup,fueloil,,3,2320,,true,,true,true,,,,,10/18/22
10111972,house,villa,565000,forsale,2350,installed,,tobedoneup,gas,271,4,1673,,,,,true,,1,,,10/18/22
9903848,house,villa,565000,forsale,6900,usahyperequipped,,asnew,fueloil,229,5,1413,,,1413,true,true,,,,,10/18/22
10119802,house,house,585000,forsale,1325,installed,1978,asnew,gas,253,4,906,true,,,true,true,,1,3,,10/18/22
10093010,house,house,585000,forsale,3370,semiequipped,,tobedoneup,,333,6,6700,,,6573,true,,,1,3,,10/18/22
9965513,house,villa,585000,forsale,8370,,1994,asnew,,210,3,740,,,,true,,,2,2,,10/18/22
9898178,house,countrycottage,589000,forsale,9990,semiequipped,1957,,fueloil,871,3,9954,,true,,,,,1,,,10/18/22
9976237,house,house,590000,forsale,8570,,1980,asnew,,217,5,734,,,,,,,,,,10/18/22
10034124,house,house,595000,forsale,1180,installed,,asnew,gas,,5,200,,,200,,,,,,,10/18/22
10010540,house,house,595000,forsale,8420,,1990,justrenovated,,101,4,587,,,,true,,,1,,,10/18/22
9713573,house,house,595000,forsale,8430,installed,1991,good,,426,5,765,,true,,,,,1,6,,10/18/22
9893343,house,house,595000,forsale,9800,hyperequipped,,asnew,gas,212,3,461,,true,,true,true,,1,3,,10/18/22
9997234,house,villa,599000,forsale,1410,installed,1999,tobedoneup,gas,254,4,367,,true,,true,true,,2,2,,10/18/22
10041614,house,house,599000,forsale,6750,,,,fueloil,290,5,13947,,true,,,,,2,,,10/18/22
10029626,house,mansion,600000,forsale,1180,,,,,418,5,390,,true,340,true,,,,,,10/18/22
9970610,house,mansion,600000,forsale,8434,,1928,asnew,,264,6,70,,true,,true,true,,,,,10/18/22
9922765,house,house,645000,forsale,8000,,,,,160,3,133,,,,true,,,,,,10/18/22
9860915,house,house,645000,forsale,8000,,,,,682,5,120,,,,true,true,,1,,,10/18/22
10025514,house,exceptionalproperty,645000,forsale,9600,,1905,tobedoneup,,422,5,200,true,true,1,,true,,,,,10/18/22
10063497,house,mansion,649000,forsale,8000,semiequipped,1930,torenovate,,406,7,612,,,,,,,,,,10/18/22
10045813,house,villa,650000,forsale,8430,installed,,asnew,fueloil,725,3,4967,,,,,,,2,5,,10/18/22
10109579,house,house,654000,forsale,9300,hyperequipped,2018,asnew,,14,3,457,true,,,true,true,,,4,,10/18/22
10109578,house,house,654000,forsale,9308,hyperequipped,2018,asnew,,14,3,457,true,,,true,true,,,4,,10/18/22
10005613,house,apartmentblock,660000,forsale,5000,,,good,gas,270,8,240,,true,135,true,,,,,,10/18/22
9953735,house,house,695000,forsale,3140,hyperequipped,1965,,gas,304,4,1938,true,,,true,true,,2,,,10/18/22
9936782,house,house,695000,forsale,8490,,,justrenovated,pellet,758,3,6263,,true,,,,,3,,,10/18/22
10117029,house,mansion,699500,forsale,9140,hyperequipped,,asnew,gas,269,4,739,,,459,,,,,2,,10/18/22
10158758,house,house,649000,forsale,2980,,,good,gas,302,3,1841,true,,,,,true,1,1,,10/18/22
9972141,house,house,275000,forsale,3540,installed,2022,,gas,,4,664,,,,,,,,,,10/18/22
10158744,house,house,415000,forsale,3271,,1934,good,gas,721,4,1000,,true,,true,true,,2,,,10/18/22
10158743,house,house,495000,forsale,2340,notinstalled,1979,good,fueloil,514,5,983,,true,,true,,,,,,10/18/22
10152494,apartmentgroup,apartmentgroup,280000-635000,forsale,8450,,,,,,,,,,,,,,,,1,10/18/22
10158740,apartment,apartment,208000,forsale,2100,,,good,gas,191,2,,,true,,true,,,,,,10/18/22
10158737,house,chalet,149000,forsale,2382,installed,,good,gas,625,5,256,,,,true,,,,,,10/18/22
10158732,house,mansion,1390000,forsale,2018,,1918,good,gas,229,6,246,,true,,true,true,,,,,10/18/22
10061036,house,house,735000,forsale,9000,,1885,,gas,580,5,164,,true,,,true,,,,,10/18/22
10096288,house,house,745000,forsale,8620,,,justrenovated,gas,187,5,0,,true,,true,,,,,,10/18/22
10063888,house,villa,799000,forsale,8720,,1995,,,167,4,2000,,true,,,,,2,,,10/18/22
10043434,house,house,850000,forsale,8620,,,justrenovated,gas,261,4,674,,true,,,,,1,,,10/18/22
10029512,house,house,930000,forsale,8670,installed,,good,gas,343,4,1071,,true,,true,,,,,,10/18/22
10024610,house,house,950000,forsale,6941,installed,2018,asnew,,37,4,2950,,,,,true,,2,,,10/18/22
10096051,house,villa,974900,forsale,7850,,,,fueloil,217,4,3075,,true,2555,true,true,true,2,5,,10/18/22
10116980,house,villa,998000,forsale,3740,,2010,,gas,119,2,1871,,,,true,true,true,1,,,10/18/22
10105673,house,exceptionalproperty,1195000,forsale,2970,hyperequipped,,asnew,gas,239,3,2125,,,1849,true,,,,,,10/18/22
10119461,house,villa,1195000,forsale,9500,,1997,asnew,,277,6,2445,,,,,,,,,,10/18/22
10000920,house,manorhouse,1200000,forsale,3010,installed,1964,,fueloil,372,4,3422,true,true,,true,,,2,,,10/18/22
9833183,house,house,1250000,forsale,9300,installed,1934,asnew,fueloil,423,6,593,,true,357,true,,,1,,,10/18/22
9913223,house,house,1450000,forsale,8510,,1966,good,,340,4,3792,,true,,,,,2,5,,10/18/22
10043979,house,villa,1690000,forsale,1380,hyperequipped,1999,good,fueloil,235,7,3122,,,1,true,,true,2,6,,10/18/22
10089297,house,villa,1790000,forsale,8200,installed,,asnew,,171,5,2759,,true,,true,true,true,1,,,10/18/22
9887423,house,house,1800000,forsale,1380,hyperequipped,1973,asnew,fueloil,290,5,6990,,true,6500,true,true,true,2,8,,10/18/22
9456288,house,manorhouse,2199000,forsale,9111,installed,1957,,fueloil,288,4,9819,,true,,,,,2,,,10/18/22
9561803,house,house,2300000,forsale,1050,usauninstalled,,asnew,gas,,3,0,,,120,,true,,1,,,10/18/22
9186431,house,castle,2480000,forsale,1850,installed,,tobedoneup,fueloil,,10,95000,true,true,95000,true,true,,2,10,,10/18/22
8840139,house,house,2490000,forsale,3080,hyperequipped,1996,,,198,5,1792,true,true,,true,true,,2,2,,10/18/22
9967843,house,villa,2650000,forsale,1410,,1930,tobedoneup,gas,364,5,5000,,,,true,true,,2,6,,10/18/22
9907551,house,apartmentblock,2685000,forsale,1000,installed,2015,asnew,gas,150,10,400,,,,true,true,,5,,,10/18/22
9907553,house,apartmentblock,2685000,forsale,1150,installed,2015,asnew,gas,150,10,400,,,,true,true,,5,,,10/18/22
10094166,house,manorhouse,2900000,forsale,8500,installed,,tobedoneup,gas,477,4,8420,,,,true,true,,2,4,,10/18/22
10157909,house,house,195000,forsale,7134,installed,,good,fueloil,760,1,0,true,true,,true,true,,1,,,10/18/22
10158053,house,house,260000,forsale,8490,,1963,torenovate,,830,4,771,,true,,,true,,1,,,10/18/22
10157677,house,house,295000,forsale,7700,hyperequipped,,asnew,gas,165,3,182,true,true,115,true,,,,,,10/18/22
10157663,house,house,349000,forsale,8000,installed,,,gas,244,5,614,true,,,,,,1,4,,10/18/22
10158043,house,villa,475000,forsale,1420,,,good,fueloil,,4,637,,,,true,,,,,,10/18/22
10157263,house,apartmentblock,495000,forsale,3290,,,,gas,,4,205,,,70,true,,,,,,10/18/22
10158758,house,house,649000,forsale,2980,,,good,gas,302,3,1841,true,,,,,true,1,1,,10/18/22
9972141,house,house,275000,forsale,3540,installed,2022,,gas,,4,664,,,,,,,,,,10/18/22
10158744,house,house,415000,forsale,3271,,1934,good,gas,721,4,1000,,true,,true,true,,2,,,10/18/22
10158743,house,house,495000,forsale,2340,notinstalled,1979,good,fueloil,514,5,983,,true,,true,,,,,,10/18/22
10152494,apartmentgroup,apartmentgroup,280000-635000,forsale,8450,,,,,,,,,,,,,,,,1,10/18/22
10158740,apartment,apartment,208000,forsale,2100,,,good,gas,191,2,,,true,,true,,,,,,10/18/22
10158737,house,chalet,149000,forsale,2382,installed,,good,gas,625,5,256,,,,true,,,,,,10/18/22
10158732,house,mansion,1390000,forsale,2018,,1918,good,gas,229,6,246,,true,,true,true,,,,,10/18/22
10158327,house,villa,745000,forsale,7850,installed,1978,good,,271,4,3135,,true,2500,true,true,true,2,8,,10/18/22
10158678,house,villa,2750000,forsale,1380,hyperequipped,1960,asnew,fueloil,407,7,37000,true,true,2500,true,true,true,2,10,,10/18/22
10133389,house,house,358000,forsale,8792,hyperequipped,,,gas,211,3,352,,true,,true,,,1,,,10/18/22
10133079,house,house,370000,forsale,1450,hyperequipped,,good,,128,3,646,true,,,,,,,1,,10/18/22
10147306,house,villa,299000,forsale,7100,hyperequipped,2022,,gas,,3,338,,,,true,,,1,1,1,10/18/22
10147290,house,villa,299000,forsale,7100,hyperequipped,2022,,gas,,3,340,,,,true,,,1,1,1,10/18/22
10147315,house,villa,305000,forsale,7100,hyperequipped,2022,,gas,,3,334,,,,true,,,1,1,1,10/18/22
10063468,house,house,259000,forsale,6230,installed,1965,torenovate,fueloil,418,3,480,true,true,100,true,,,4,4,,10/18/22
10036105,house,house,259000,forsale,6238,installed,1965,torenovate,fueloil,418,2,480,true,true,100,true,,,4,4,,10/18/22
10025139,house,house,375000,forsale,1070,hyperequipped,1970,tobedoneup,gas,312,3,110,,,65,true,,,,,,10/18/22
10112314,house,house,415000,forsale,1410,semiequipped,1977,tobedoneup,gas,238,4,261,true,,150,true,true,,1,1,,10/18/22
10054795,house,house,425000,forsale,1640,installed,1976,good,gas,254,3,350,true,true,200,true,true,,1,2,,10/18/22
10017546,house,villa,465000,forsale,1420,installed,1989,tobedoneup,electric,376,4,660,,,660,true,,,1,2,,10/18/22
10096645,house,villa,635000,forsale,1410,installed,1970,good,gas,410,4,882,,,300,true,true,true,2,3,,10/18/22
10096647,house,villa,635000,forsale,1420,installed,1970,good,gas,410,4,882,,,300,true,true,true,2,3,,10/18/22
10064064,house,house,670000,forsale,1420,hyperequipped,2003,asnew,gas,271,4,1453,true,,1400,true,true,,1,3,,10/18/22
10041081,house,house,675000,forsale,1420,usahyperequipped,2018,asnew,gas,125,4,596,true,true,596,true,true,,4,6,,10/18/22
10104053,house,apartmentblock,749000,forsale,1030,usahyperequipped,1930,asnew,gas,794,5,45,,,,true,,,,,,10/18/22
10104054,house,apartmentblock,849000,forsale,1030,semiequipped,1930,good,gas,550,4,85,,,,true,,,,,,10/18/22
9938743,house,exceptionalproperty,1395000,forsale,1380,usahyperequipped,1970,justrenovated,fueloil,242,5,4000,true,true,4400,true,true,true,2,4,,10/18/22
9890534,house,house,105000,forsale,7301,,,torenovate,,459,3,230,,true,,,,,,,,10/18/22
10135042,house,house,110000,forsale,2800,,1919,torenovate,,481,1,90,true,true,,,,,,,,10/18/22
10134016,house,house,195000,forsale,7862,,,,,,4,1085,,true,,,,,1,,,10/18/22
10134059,house,house,239000,forsale,2550,,1958,good,,241,3,245,,,,,,,1,,,10/18/22
10135000,house,house,280000,forsale,3110,,1967,torenovate,,329,3,1088,true,true,,,,,1,,,10/18/22
10134679,house,house,280000,forsale,8540,installed,,good,gas,310,4,0,,true,,true,,,,2,,10/18/22
10135038,house,house,349000,forsale,2800,,1935,,,611,3,205,true,,,true,,,,,,10/18/22
10134273,house,house,495000,forsale,9000,,,,gas,209,3,71,,true,,true,true,,,,,10/18/22
10134070,house,exceptionalproperty,650000,forsale,6900,hyperequipped,,asnew,fueloil,148,6,2519,,,2519,true,true,,1,,,10/18/22
10151767,house,house,387000,forsale,1360,usahyperequipped,,asnew,gas,,3,238,true,,170,true,,,,2,1,10/18/22
10158758,house,house,649000,forsale,2980,,,good,gas,302,3,1841,true,,,,,true,1,1,,10/18/22
9972141,house,house,275000,forsale,3540,installed,2022,,gas,,4,664,,,,,,,,,,10/18/22
10158744,house,house,415000,forsale,3271,,1934,good,gas,721,4,1000,,true,,true,true,,2,,,10/18/22
10158743,house,house,495000,forsale,2340,notinstalled,1979,good,fueloil,514,5,983,,true,,true,,,,,,10/18/22
10152494,apartmentgroup,apartmentgroup,280000-635000,forsale,8450,,,,,,,,,,,,,,,,1,10/18/22
10158740,apartment,apartment,208000,forsale,2100,,,good,gas,191,2,,,true,,true,,,,,,10/18/22
10158737,house,chalet,149000,forsale,2382,installed,,good,gas,625,5,256,,,,true,,,,,,10/18/22
10158732,house,mansion,1390000,forsale,2018,,1918,good,gas,229,6,246,,true,,true,true,,,,,10/18/22
10151765,house,house,449000,forsale,1360,usahyperequipped,,asnew,gas,,3,228,true,,131,true,,,,2,1,10/18/22
10105172,house,house,180000,forsale,8750,,,good,,400,2,260,,,,,,,,,,10/18/22
10048989,house,house,269000,forsale,4350,,,justrenovated,,,4,200,,,,true,,,,2,1,10/18/22
10139052,house,house,269000,forsale,7070,installed,1874,good,fueloil,267,3,1620,,true,1500,true,true,,,10,,10/18/22
10061278,house,house,269000,forsale,8850,,,justrenovated,,,4,171,,true,74,true,,,,,,10/18/22
10139157,house,house,277000,forsale,9300,usahyperequipped,1931,good,,210,3,140,,,,true,,,,,,10/18/22
10127646,house,house,315000,forsale,9320,usahyperequipped,1965,justrenovated,gas,197,2,629,true,,520,true,,,,,,10/18/22
9869880,house,house,335000,forsale,1020,notinstalled,2022,,gas,,3,0,,,,true,,,,,1,10/18/22
9891752,house,house,349000,forsale,9255,hyperequipped,2021,,gas,,3,0,,,28,true,true,,,9,1,10/18/22
9891751,house,house,349000,forsale,9255,hyperequipped,2021,,gas,,3,0,,,35,true,true,,,9,1,10/18/22
10018675,house,apartmentblock,359500,forsale,8490,hyperequipped,2021,,,,2,129,,,,true,,,,,1,10/18/22
9283492,house,house,495500,forsale,9200,installed,2021,good,gas,,3,990,,,,,,,,1,1,10/18/22
10139760,house,house,580000,forsale,3000,,,,,246,4,169,,,63,,,,1,,,10/18/22
9477147,house,house,741345,forsale,3000,,,asnew,gas,,6,136,,true,67,true,,,2,,1,10/18/22
9999671,house,house,1850000,forsale,1180,usahyperequipped,2022,asnew,gas,,4,1100,,,1100,true,,,2,2,1,10/18/22
10144347,house,house,90000,forsale,4020,,,,fueloil,351,2,120,,true,,true,,,,,,10/18/22
10144611,house,house,140000,forsale,7012,,,,gas,337,3,162,,true,,,,,1,,,10/18/22
10143154,house,house,269000,forsale,2845,notinstalled,1955,,gas,327,2,156,true,,,true,,,,,,10/18/22
10143729,house,house,282000,forsale,9000,installed,,good,,327,2,44,,true,,true,,,,,,10/18/22
9881102,house,villa,375000,forsale,2220,,1962,,fueloil,1005,3,1085,,true,,true,true,,1,2,,10/18/22
10143439,house,house,388000,forsale,8000,hyperequipped,,,gas,178,3,117,true,,,,,,,,,10/18/22
9876898,house,villa,2150000,forsale,1180,installed,1958,,fueloil,455,6,1340,,true,1170,true,,true,2,2,,10/18/22
10146692,house,house,295000,forsale,5310,notinstalled,,good,electric,711,3,708,true,,,true,,,1,2,,10/18/22
10146534,house,house,330000,forsale,9280,installed,1955,asnew,gas,246,3,0,true,true,1,true,,,,,,10/18/22
10146629,house,house,395000,forsale,8680,,1985,good,,158,3,1098,,,,,,,1,,,10/18/22
10146425,house,house,398000,forsale,9700,,,justrenovated,gas,,4,0,,,,,,,,,,10/18/22
10146383,house,house,439000,forsale,8630,installed,1992,good,,205,4,1186,,true,952,,,,1,4,,10/18/22
10150687,house,house,180000,forsale,4820,,2015,,gas,176,4,612,,,,,,,,,,10/18/22
10150436,house,house,260000,forsale,8551,installed,,good,,314,3,303,,,178,,,,,1,,10/18/22
10150410,house,house,295000,forsale,9200,installed,1981,,,237,3,304,,,,,,,,,,10/18/22
10158758,house,house,649000,forsale,2980,,,good,gas,302,3,1841,true,,,,,true,1,1,,10/18/22
9972141,house,house,275000,forsale,3540,installed,2022,,gas,,4,664,,,,,,,,,,10/18/22
10158744,house,house,415000,forsale,3271,,1934,good,gas,721,4,1000,,true,,true,true,,2,,,10/18/22
10158743,house,house,495000,forsale,2340,notinstalled,1979,good,fueloil,514,5,983,,true,,true,,,,,,10/18/22
10152494,apartmentgroup,apartmentgroup,280000-635000,forsale,8450,,,,,,,,,,,,,,,,1,10/18/22
10158740,apartment,apartment,208000,forsale,2100,,,good,gas,191,2,,,true,,true,,,,,,10/18/22
10158737,house,chalet,149000,forsale,2382,installed,,good,gas,625,5,256,,,,true,,,,,,10/18/22
10158732,house,mansion,1390000,forsale,2018,,1918,good,gas,229,6,246,,true,,true,true,,,,,10/18/22
9881443,house,farmhouse,349000,forsale,8830,,1946,torenovate,,1500,3,12750,,true,,,,,2,,,10/18/22
10151093,house,house,379000,forsale,8000,,1949,,,119,4,284,,true,,,,,,,,10/18/22
10149578,house,house,850000,forsale,2531,,2012,asnew,,,3,900,,true,1,true,true,,,,,10/18/22
10155533,house,house,100000,forsale,3290,,1964,torenovate,,549,3,780,true,true,,,,,1,,,10/18/22
10154745,house,house,149000,forsale,8930,installed,,tobedoneup,gas,430,2,280,true,,185,true,,,,,,10/18/22
10155361,house,apartmentblock,150000,forsale,7000,,,torenovate,gas,224,8,438,,,,,,,,,,10/18/22
10156186,house,house,157500,forsale,2310,,1951,torenovate,,540,2,716,,true,,,,,,,,10/18/22
10155947,house,exceptionalproperty,201000,forsale,9000,notinstalled,,torenovate,,,2,52,,,,,true,,,,,10/18/22
10155505,house,house,240000,forsale,3001,,1959,,,605,3,155,true,true,,true,,,1,,,10/18/22
10155123,house,house,279000,forsale,9520,installed,,asnew,,215,3,507,,,,true,true,,1,,,10/18/22
10155118,house,house,299000,forsale,9520,installed,,good,,324,2,709,true,,,true,,,1,1,,10/18/22
10155976,house,house,300000,forsale,3583,installed,2016,,gas,87,3,420,true,true,,,,,1,,,10/18/22
10155771,house,house,305000,forsale,3010,,1956,,,210,3,182,true,true,,true,,,1,,,10/18/22
10155300,house,house,310000,forsale,8200,,1977,,,637,2,682,,,,,,,1,,,10/18/22
10156340,house,house,379000,forsale,2500,,1936,,,161,4,620,,,,true,,,,,,10/18/22
10154795,house,house,475000,forsale,7100,installed,1970,good,gas,250,4,630,true,true,350,true,true,,2,5,,10/18/22
10132015,house,house,130000,forsale,6040,,,good,pellet,,2,840,true,true,708,,,,1,,,10/18/22
10130942,house,house,195000,forsale,9660,,1953,good,gas,296,5,452,,,,,,,,,,10/18/22
10130486,house,house,240000,forsale,9255,,1968,torenovate,carbon,1174,3,374,,,,true,,,,,,10/18/22
10130941,house,villa,250000,forsale,4140,,1971,good,fueloil,549,5,700,,,,,,,,,,10/18/22
10130336,house,apartmentblock,280000,forsale,4020,,,tobedoneup,gas,441,5,103,,true,,true,,,,,,10/18/22
10131765,house,villa,795000,forsale,8552,installed,1993,good,,173,3,2514,,true,205,,,,,20,,10/18/22
9985750,house,countrycottage,950000,forsale,9992,,2005,asnew,,132,3,11570,,,,true,,,1,2,,10/18/22
10131893,house,apartmentblock,1000000,forsale,1000,,,good,gas,547,5,0,,true,,,,,,,,10/18/22
10030272,house,house,129000,forsale,9660,,,,gas,553,3,126,,true,,,,,,,,10/18/22
10135842,house,house,345000,forsale,8000,installed,,asnew,gas,288,3,257,,,,,,,1,,,10/18/22
10137494,house,house,450000,forsale,6700,installed,,,gas,270,4,408,,true,,,,,,,,10/18/22
10136349,house,house,575000,forsale,2890,,2016,asnew,,,3,377,true,,,true,,,1,1,,10/18/22
10138116,house,villa,595000,forsale,8790,,1997,good,,,3,2136,,,,,,,,,,10/18/22
10135880,house,villa,1250000,forsale,2470,,,asnew,,175,3,16176,,,,true,,,1,1,,10/18/22
10158758,house,house,649000,forsale,2980,,,good,gas,302,3,1841,true,,,,,true,1,1,,10/18/22
9972141,house,house,275000,forsale,3540,installed,2022,,gas,,4,664,,,,,,,,,,10/18/22
10158744,house,house,415000,forsale,3271,,1934,good,gas,721,4,1000,,true,,true,true,,2,,,10/18/22
10158743,house,house,495000,forsale,2340,notinstalled,1979,good,fueloil,514,5,983,,true,,true,,,,,,10/18/22
10152494,apartmentgroup,apartmentgroup,280000-635000,forsale,8450,,,,,,,,,,,,,,,,1,10/18/22
10158740,apartment,apartment,208000,forsale,2100,,,good,gas,191,2,,,true,,true,,,,,,10/18/22
10158737,house,chalet,149000,forsale,2382,installed,,good,gas,625,5,256,,,,true,,,,,,10/18/22
10158732,house,mansion,1390000,forsale,2018,,1918,good,gas,229,6,246,,true,,true,true,,,,,10/18/22
10045329,house,house,199500,forsale,2300,,,,gas,520,3,197,true,true,,true,,,,,,10/18/22
10140639,house,mansion,215000,forsale,9992,,1954,,gas,732,4,312,true,true,,true,,,,,,10/18/22
10142349,house,house,282000,forsale,9000,installed,,good,,327,2,44,,true,,true,,,,,,10/18/22
10142336,house,house,350000,forsale,8800,,2017,,,112,3,375,,,,true,,,,2,,10/18/22
10142238,house,house,440000,forsale,9850,installed,1982,,gas,109,3,622,,,1,true,,,,,,10/18/22
10145196,house,house,139000,forsale,7500,installed,,good,gas,287,2,0,,true,,,,,,,,10/18/22
10145086,house,house,299000,forsale,8450,,1995,,electric,700,3,335,,,,true,,,1,,,10/18/22
10144911,house,house,420000,forsale,9031,,,asnew,,454,3,356,,,,true,true,,,,,10/18/22
10145616,house,house,495000,forsale,2220,hyperequipped,1962,justrenovated,fueloil,598,4,2282,true,true,,true,,,1,3,,10/18/22
10145778,house,house,659000,forsale,8340,hyperequipped,1979,,,245,4,3758,true,,,,true,,2,5,,10/18/22
10088840,house,house,89000,forsale,6044,installed,,good,fueloil,,2,160,,true,,,,,,,,10/18/22
10139856,house,house,179000,forsale,4500,notinstalled,,good,fueloil,,5,0,true,true,1,,,,,1,,10/18/22
10146848,house,house,279000,forsale,8860,,1955,asnew,,478,4,199,,true,,true,,,1,,,10/18/22
10147370,house,house,310000,forsale,5670,installed,,,fueloil,321,5,375,,true,,true,,,1,,,10/18/22
9992988,house,house,335000,forsale,7880,,,,gas,252,6,0,,true,,true,true,,1,,,10/18/22
10026234,house,mansion,335000,forsale,7880,,,,gas,252,6,0,,true,,true,true,,1,,,10/18/22
10147001,house,house,480000,forsale,9000,,,asnew,gas,222,2,293,true,true,90,true,true,,,,,10/18/22
10147000,house,house,480000,forsale,9030,,,asnew,gas,222,2,293,true,true,90,true,true,,,,,10/18/22
10152178,house,house,75000,forsale,8530,,1942,tobedoneup,,1092,2,171,true,,,,,,1,,,10/18/22
10151931,house,house,130000,forsale,7134,notinstalled,,good,fueloil,474,3,0,true,true,,true,,,,,,10/18/22
10153957,house,house,198000,forsale,8800,,1962,,,429,2,132,,,,,,,1,1,,10/18/22
10096863,house,house,199500,forsale,8501,,,good,gas,460,4,140,,true,,true,,,,,,10/18/22
10154288,house,apartmentblock,315000,forsale,7860,,,,gas,533,2,0,,true,,true,true,,,,,10/18/22
10151405,house,house,399000,forsale,9550,,2022,,,,4,480,true,,235,true,,,1,2,,10/18/22
10126989,house,villa,585000,forsale,1420,hyperequipped,1980,asnew,gas,404,3,805,,,600,true,true,,1,2,,10/18/22
10099683,house,house,30000,forsale,4400,,,torenovate,electric,928,2,316,true,,,,,,,,,10/18/22
10067673,house,chalet,50000,forsale,5540,semiequipped,1971,torenovate,fueloil,604,3,500,,,500,,,,,2,,10/18/22
10067667,house,bungalow,50000,forsale,5540,semiequipped,1971,torenovate,fueloil,604,3,500,,,500,,,,,2,,10/18/22
10126489,house,house,55000,forsale,4520,,,torenovate,gas,524,2,182,true,,,,,,1,,,10/18/22
10101737,house,otherproperty,59900,forsale,5680,,,torestore,,,2,72,,,,,,,,,,10/18/22
10158758,house,house,649000,forsale,2980,,,good,gas,302,3,1841,true,,,,,true,1,1,,10/18/22
9972141,house,house,275000,forsale,3540,installed,2022,,gas,,4,664,,,,,,,,,,10/18/22
10158744,house,house,415000,forsale,3271,,1934,good,gas,721,4,1000,,true,,true,true,,2,,,10/18/22
10158743,house,house,495000,forsale,2340,notinstalled,1979,good,fueloil,514,5,983,,true,,true,,,,,,10/18/22
10152494,apartmentgroup,apartmentgroup,280000-635000,forsale,8450,,,,,,,,,,,,,,,,1,10/18/22
10158740,apartment,apartment,208000,forsale,2100,,,good,gas,191,2,,,true,,true,,,,,,10/18/22
10158737,house,chalet,149000,forsale,2382,installed,,good,gas,625,5,256,,,,true,,,,,,10/18/22
10158732,house,mansion,1390000,forsale,2018,,1918,good,gas,229,6,246,,true,,true,true,,,,,10/18/22
10101737,house,otherproperty,59900,forsale,5680,,,torestore,,,2,72,,,,,,,,,,10/18/22
10033319,house,house,60000,forsale,7340,,,torestore,gas,618,1,180,,true,,,,,,,,10/18/22
9318673,house,house,74000,forsale,7100,notinstalled,,good,,,3,700,,,500,,,,1,1,,10/18/22
10099378,house,house,78000,forsale,7600,,1880,tobedoneup,,526,1,220,,,80,,,,,,,10/18/22
9316564,house,house,79000,forsale,7100,notinstalled,,good,,,3,530,true,,,,,,1,,,10/18/22
10108124,house,house,80000,forsale,7012,,,torenovate,gas,1417,2,100,,true,,,,,,,,10/18/22
9733798,house,house,85000,forsale,7390,,,tobedoneup,,380,2,130,,true,,,,,,,,10/18/22
9797799,house,house,89000,forsale,7700,semiequipped,,tobedoneup,gas,416,2,78,,,,,,,,,,10/18/22
10055511,house,house,90000,forsale,2580,semiequipped,1934,torenovate,,582,2,122,,,,,,,,2,,10/18/22
10110013,house,bungalow,105000,forsale,6927,installed,,asnew,gas,,2,331,,,331,true,,,1,2,,10/18/22
10029860,house,house,110000,forsale,4101,,,torenovate,gas,405,4,41,,,,,,,,,,10/18/22
9665744,house,house,110000,forsale,7340,,,,gas,399,2,214,,,,,,,,1,,10/18/22
9972148,house,house,115000,forsale,7370,,,tobedoneup,gas,730,2,250,,true,,,,,,,,10/18/22
10096068,house,house,120000,forsale,8530,installed,1930,tobedoneup,,287,2,44,,true,,,,,,,,10/18/22
10108467,house,house,125000,forsale,4000,,,,gas,450,4,135,,,,,,,,,,10/18/22
10004031,house,house,125000,forsale,4870,,,good,gas,341,2,180,,true,,true,,,,,,10/18/22
10122009,house,house,129000,forsale,6180,installed,,torenovate,fueloil,448,2,0,,,,,,,,,,10/18/22
10083102,house,house,130000,forsale,6041,,,good,pellet,,2,840,true,true,708,,,,1,,,10/18/22
9985879,house,house,130000,forsale,6180,installed,,tobedoneup,,425,2,200,true,true,139,true,,,,,,10/18/22
10044445,house,house,135000,forsale,4100,,,torenovate,gas,347,4,319,,,,,,,,,,10/18/22
10096476,house,house,139000,forsale,8870,installed,,torenovate,,570,3,205,true,,,true,,,,,,10/18/22
10078690,house,house,147500,forsale,7160,,1975,torenovate,gas,655,2,0,true,,,,,,1,1,,10/18/22
9944563,house,house,150000,forsale,4430,,,torenovate,fueloil,403,3,300,,true,200,true,,,,,,10/18/22
10088991,house,house,150000,forsale,4900,,1967,torenovate,fueloil,454,5,2280,,,,,,,,,,10/18/22
10099240,house,house,164500,forsale,8700,semiequipped,,torenovate,,541,2,70,,true,,true,,,,,,10/18/22
10056553,house,house,165000,forsale,7012,,,torenovate,gas,656,3,495,,true,,,,,1,,,10/18/22
9754939,house,house,165000,forsale,8680,,1945,torenovate,,575,2,446,,,,,,,,,,10/18/22
10065569,house,house,169000,forsale,8540,installed,1930,good,,486,4,61,,true,6,,,,,,,10/18/22
10010288,house,house,175000,forsale,7141,,1978,good,gas,,2,254,,true,20,true,,,2,2,,10/18/22
9665502,house,house,175000,forsale,7370,,,,gas,297,3,25,,true,,true,true,,,,,10/18/22
10158758,house,house,649000,forsale,2980,,,good,gas,302,3,1841,true,,,,,true,1,1,,10/18/22
9972141,house,house,275000,forsale,3540,installed,2022,,gas,,4,664,,,,,,,,,,10/18/22
10158744,house,house,415000,forsale,3271,,1934,good,gas,721,4,1000,,true,,true,true,,2,,,10/18/22
10158743,house,house,495000,forsale,2340,notinstalled,1979,good,fueloil,514,5,983,,true,,true,,,,,,10/18/22
10152494,apartmentgroup,apartmentgroup,280000-635000,forsale,8450,,,,,,,,,,,,,,,,1,10/18/22
10158740,apartment,apartment,208000,forsale,2100,,,good,gas,191,2,,,true,,true,,,,,,10/18/22
10158737,house,chalet,149000,forsale,2382,installed,,good,gas,625,5,256,,,,true,,,,,,10/18/22
10158732,house,mansion,1390000,forsale,2018,,1918,good,gas,229,6,246,,true,,true,true,,,,,10/18/22
10022751,house,house,175000,forsale,8430,installed,1953,torenovate,,878,3,326,,true,156,,,,,,,10/18/22
9934757,house,house,179000,forsale,7080,,,,gas,294,3,162,,true,,,,,1,,,10/18/22
9969549,house,house,179000,forsale,9520,,1963,tobedoneup,gas,552,3,488,true,true,,true,,,1,,,10/18/22
9983201,house,house,179500,forsale,4030,semiequipped,,,,770,3,120,,true,60,,,,,,,10/18/22
10088973,house,house,184000,forsale,9100,installed,1958,good,gas,551,3,325,true,true,,true,,,1,2,,10/18/22
10046346,house,house,185000,forsale,4100,,,good,gas,570,2,134,true,,,,,,,2,,10/18/22
9811684,house,house,185000,forsale,9230,semiequipped,,good,gas,370,2,66,,,,true,,,,,,10/18/22
9757789,house,mixedusebuilding,190000,forsale,4480,,,good,gas,558,2,0,,true,,true,,,10,,,10/18/22
10087170,house,house,193600,forsale,8310,,1981,good,,346,1,57,,,,,,,,,,10/18/22
9678246,house,house,194000,forsale,6940,,2022,,,,2,0,,,,,,,,1,,10/18/22
9903693,house,house,195000,forsale,5580,,,good,fueloil,381,4,232,,,232,true,,,,,,10/18/22
9944408,house,house,195000,forsale,6044,installed,,asnew,gas,611,3,0,,true,,,,,1,,,10/18/22
10083103,house,house,199000,forsale,6041,,,good,pellet,,2,800,true,true,708,,,,1,,,10/18/22
10033723,house,house,199000,forsale,8530,installed,1967,good,,263,4,88,,true,13,,,,,,,10/18/22
10070600,house,townhouse,199000,forsale,9900,,,tobedoneup,gas,497,2,170,,,,,,,,,,10/18/22
10113147,house,house,209000,forsale,4050,,1918,,fueloil,777,3,260,,true,,,true,,,,,10/18/22
9895145,house,house,210000,forsale,7390,,,,gas,154,3,134,,true,,,,,1,,,10/18/22
10076295,house,house,212000,forsale,9900,,1850,,gas,391,2,285,,,,,,,,,,10/18/22
10105440,house,house,215000,forsale,9680,,,,fueloil,,3,297,,true,,true,,,1,,,10/18/22
10103063,house,house,218000,forsale,8540,installed,1919,good,,156,2,84,,,20,,,,,,,10/18/22
10124067,house,house,219000,forsale,9900,,1931,,gas,295,4,87,,,,,,,,,,10/18/22
9812375,house,house,220000,forsale,7340,,,,gas,172,4,358,,,,,,,1,,,10/18/22
10119488,house,house,225000,forsale,8860,notinstalled,1967,torenovate,,847,3,458,,,,,,,1,,,10/18/22
9991334,house,house,229000,forsale,9520,,1964,good,electric,631,4,323,true,,,true,,,1,,,10/18/22
9942035,house,apartmentblock,230000,forsale,7181,notinstalled,,tobedoneup,gas,583,0,298,,true,,,,,,,,10/18/22
10058131,house,house,235000,forsale,8600,installed,,,,418,3,168,,true,72,,,,,,,10/18/22
10120980,house,house,235000,forsale,8870,notinstalled,,torenovate,fueloil,469,3,351,,true,,,,,1,,,10/18/22
9630304,house,house,245000,forsale,3550,,1952,torenovate,,404,2,285,,true,,,,,,,,10/18/22
10125808,house,house,248000,forsale,8930,notinstalled,,torenovate,,1055,4,1500,,true,,,,,1,,,10/18/22
10077725,house,villa,249000,forsale,7141,,1960,torenovate,fueloil,500,0,0,,,,,,,,,,10/18/22
10158758,house,house,649000,forsale,2980,,,good,gas,302,3,1841,true,,,,,true,1,1,,10/18/22
9972141,house,house,275000,forsale,3540,installed,2022,,gas,,4,664,,,,,,,,,,10/18/22
10158744,house,house,415000,forsale,3271,,1934,good,gas,721,4,1000,,true,,true,true,,2,,,10/18/22
10158743,house,house,495000,forsale,2340,notinstalled,1979,good,fueloil,514,5,983,,true,,true,,,,,,10/18/22
10152494,apartmentgroup,apartmentgroup,280000-635000,forsale,8450,,,,,,,,,,,,,,,,1,10/18/22
10158740,apartment,apartment,208000,forsale,2100,,,good,gas,191,2,,,true,,true,,,,,,10/18/22
10158737,house,chalet,149000,forsale,2382,installed,,good,gas,625,5,256,,,,true,,,,,,10/18/22
10158732,house,mansion,1390000,forsale,2018,,1918,good,gas,229,6,246,,true,,true,true,,,,,10/18/22
9985041,house,apartmentblock,250000,forsale,1300,semiequipped,,good,gas,418,1,0,,,,,,,,,,10/18/22
10122027,house,house,250000,forsale,8830,installed,2013,,,140,3,208,,,,,,,1,,,10/18/22
10127746,house,house,255000,forsale,9472,notinstalled,,torenovate,,928,4,342,,true,,,,,1,,,10/18/22
10068531,house,house,255000,forsale,9600,,1940,,gas,,4,203,,true,,true,true,,1,,,10/18/22
9827896,house,house,260000,forsale,7387,,,tobedoneup,electric,524,4,1760,,true,,,,,1,,,10/18/22
9974780,house,countrycottage,265000,forsale,6671,,,tobedoneup,pellet,422,5,748,,,,true,,,,,,10/18/22
9882649,house,house,265000,forsale,8400,,1930,tobedoneup,,499,5,0,,true,,,,,,,,10/18/22
10095060,house,house,275000,forsale,7522,installed,,good,fueloil,333,2,614,,true,,,,,,3,,10/18/22
10128797,house,house,280000,forsale,4020,,,tobedoneup,gas,441,5,103,,true,,true,,,,,,10/18/22
9996195,house,house,280000,forsale,8870,installed,1971,,,353,4,199,,true,,true,,,2,,,10/18/22
10107106,house,house,285000,forsale,3271,,,torenovate,,417,3,825,,,,true,,,,,,10/18/22
10039037,house,countrycottage,285000,forsale,4970,,1930,,fueloil,423,4,2122,,true,,true,,,,,,10/18/22
10096823,house,house,293000,forsale,2800,,1914,,gas,237,4,95,true,,33,,,,,,,10/18/22
10052531,house,house,295000,forsale,1760,installed,,good,gas,241,2,387,,,,true,,,,,,10/18/22
10038057,house,countrycottage,295000,forsale,7850,,1900,torestore,,366,3,529,,true,,,true,,,,,10/18/22
10081126,house,townhouse,295000,forsale,8400,installed,1982,good,,192,3,205,,,85,true,,,1,,,10/18/22
9970671,house,house,295000,forsale,8420,,1970,torenovate,,340,3,770,,,,,,,1,,,10/18/22
10104343,house,house,295000,forsale,8600,installed,1973,,,423,3,1087,,,1087,,,,,,,10/18/22
10064928,house,house,299000,forsale,2100,usahyperequipped,,good,gas,401,3,150,,true,,true,true,,,,,10/18/22
10087984,house,countrycottage,299000,forsale,3740,installed,1964,,,529,4,974,,,,true,true,,1,,,10/18/22
9990295,house,house,299000,forsale,8530,installed,2011,good,,187,3,330,,,210,,,,1,2,,10/18/22
10026109,house,house,299000,forsale,8620,installed,1949,,,705,3,263,,,163,,,,,,,10/18/22
10126153,house,house,299000,forsale,9500,hyperequipped,,asnew,gas,104,3,180,,,,true,,,,2,,10/18/22
9998120,house,house,299500,forsale,4800,usahyperequipped,,justrenovated,gas,,4,0,,true,,true,true,,,,,10/18/22
9884145,house,mansion,315000,forsale,1030,,1899,torenovate,,,0,309,,,,,,,,,,10/18/22
10069478,house,house,320000,forsale,1480,semiequipped,1970,,gas,,3,560,true,,400,true,,,1,2,,10/18/22
9946007,house,townhouse,325000,forsale,1420,,1970,torenovate,fueloil,,4,197,true,,102,,,,1,1,,10/18/22
10121506,house,villa,325000,forsale,1460,,,,electric,429,3,3424,,,3424,,,,,,,10/18/22
10110936,house,apartmentblock,329000,forsale,1210,installed,,,,548,0,33,,true,,true,,,,,,10/18/22
10109069,house,house,329000,forsale,9550,,1972,asnew,,334,3,451,,,,,,,1,,,10/18/22
10158758,house,house,649000,forsale,2980,,,good,gas,302,3,1841,true,,,,,true,1,1,,10/18/22
9972141,house,house,275000,forsale,3540,installed,2022,,gas,,4,664,,,,,,,,,,10/18/22
10158744,house,house,415000,forsale,3271,,1934,good,gas,721,4,1000,,true,,true,true,,2,,,10/18/22
10158743,house,house,495000,forsale,2340,notinstalled,1979,good,fueloil,514,5,983,,true,,true,,,,,,10/18/22
10152494,apartmentgroup,apartmentgroup,280000-635000,forsale,8450,,,,,,,,,,,,,,,,1,10/18/22
10158740,apartment,apartment,208000,forsale,2100,,,good,gas,191,2,,,true,,true,,,,,,10/18/22
10158737,house,chalet,149000,forsale,2382,installed,,good,gas,625,5,256,,,,true,,,,,,10/18/22
10158732,house,mansion,1390000,forsale,2018,,1918,good,gas,229,6,246,,true,,true,true,,,,,10/18/22
8046685,housegroup,housegroup,330816-330816,forsale,7800,,,,,,,,,,,,,,,,1,10/18/22
10022749,house,apartmentblock,335000,forsale,8400,installed,1932,,,260,6,142,,true,33,,,,,,,10/18/22
9659133,housegroup,housegroup,342500-385000,forsale,4670,,,,,,,,,,,,,,,,1,10/18/22
9890620,house,house,345000,forsale,8730,,2022,good,gas,18,3,298,,,,,,,,,,10/18/22
10055593,house,house,345000,forsale,9420,installed,1996,,fueloil,319,2,880,,,,,,,1,,,10/18/22
10080511,house,house,349000,forsale,2630,,,good,gas,,2,626,,true,530,true,,,,3,,10/18/22
10097950,house,bungalow,349500,forsale,9900,,1977,,gas,505,3,630,,,,,,,,,,10/18/22
10083391,house,house,350000,forsale,8020,,1965,torenovate,,1215,3,1865,,true,,,,,3,2,,10/18/22
9975992,house,mixedusebuilding,350000,forsale,8370,installed,1920,,gas,384,3,105,,true,,,true,,,,,10/18/22
10106758,house,house,350000,forsale,9000,installed,,asnew,gas,411,3,100,,,,true,,,,,,10/18/22
10109144,house,house,350000,forsale,9050,installed,,asnew,gas,411,3,100,,,,true,,,,,,10/18/22
10067480,house,villa,359000,forsale,4960,,,good,fueloil,348,5,2792,,true,,true,true,,,,,10/18/22
9946402,house,house,359000,forsale,4960,,,good,fueloil,348,5,2792,,true,,true,true,,,,,10/18/22
10086437,house,house,359000,forsale,8310,,1959,good,,422,3,153,,true,,true,,,1,2,,10/18/22
9914777,house,house,360000,forsale,5340,,1967,justrenovated,,,3,2000,,,,,,,,,,10/18/22
9927443,house,villa,362500,forsale,8434,,1965,,gas,528,3,497,,,,,,,,,,10/18/22
10129137,house,house,365000,forsale,9100,installed,,good,gas,,5,366,true,,80,true,,,,4,,10/18/22
10033524,house,house,369000,forsale,1730,,,asnew,electric,,2,197,,,150,true,true,,,,,10/18/22
10121488,house,villa,375000,forsale,1420,,1977,tobedoneup,gas,360,3,707,,,707,,,,,,,10/18/22
10097069,house,house,375000,forsale,1840,,1968,torenovate,fueloil,880,4,691,true,,,true,,,,,,10/18/22
10109002,housegroup,housegroup,379900-389900,forsale,2580,,,,,,,,,,,,,,,,1,10/18/22
10120579,house,house,380000,forsale,9400,installed,,asnew,,288,3,524,,,,true,true,,1,,,10/18/22
10119069,house,house,385000,forsale,8610,installed,,,,131,5,614,,true,,,,,,3,,10/18/22
10087781,house,house,389000,forsale,2630,hyperequipped,1985,,gas,176,3,207,,,110,true,true,,1,1,,10/18/22
10053939,house,house,395000,forsale,3500,installed,1951,,gas,212,3,207,true,,,,,,,,,10/18/22
10023622,house,villa,395000,forsale,6220,,1985,asnew,fueloil,213,0,0,,,,,,,,,,10/18/22
10093423,house,house,395000,forsale,6780,,,tobedoneup,fueloil,331,4,670,,true,,true,true,,2,2,,10/18/22
10035917,house,villa,395000,forsale,8580,installed,,torenovate,fueloil,786,6,1396,true,true,1200,true,true,,1,4,,10/18/22
10113177,house,house,395000,forsale,9450,hyperequipped,,justrenovated,gas,,3,515,,,1,true,,,,2,,10/18/22
9702136,house,house,395000,forsale,9700,,2021,,gas,,4,206,,,85,true,,,,,,10/18/22
10158758,house,house,649000,forsale,2980,,,good,gas,302,3,1841,true,,,,,true,1,1,,10/18/22
9972141,house,house,275000,forsale,3540,installed,2022,,gas,,4,664,,,,,,,,,,10/18/22
10158744,house,house,415000,forsale,3271,,1934,good,gas,721,4,1000,,true,,true,true,,2,,,10/18/22
10158743,house,house,495000,forsale,2340,notinstalled,1979,good,fueloil,514,5,983,,true,,true,,,,,,10/18/22
10152494,apartmentgroup,apartmentgroup,280000-635000,forsale,8450,,,,,,,,,,,,,,,,1,10/18/22
10158740,apartment,apartment,208000,forsale,2100,,,good,gas,191,2,,,true,,true,,,,,,
10158737,house,chalet,149000,forsale,2382,installed,,good,gas,625,5,256,,,,true,,,,,,
10158732,house,mansion,1390000,forsale,2018,,1918,good,gas,229,6,246,,true,,true,true,,,,,
